p-variable	p-treatment	p-interaction	slope	adjusted.p-variable	adjusted.p-treatment	adjusted.p-interaction
Acidimicrobiia	0.963008177789401	0.732961539314258	0.716640931738908	0.00144933376181994	0.989512990022137	0.961300661652191	0.959478311105607
Acidithiobacillia	0.341473598507379	0.511057488175207	0.521532943662274	-0.0264101881725966	0.858893917231513	0.912316788147225	0.912380819759566
Acidobacteriia	0.523579944050828	0.352881637424345	0.366799495966678	-0.0162733165927228	0.858893917231513	0.912316788147225	0.912380819759566
Actinobacteria	0.39745427031692	0.173277397522326	0.218538720534656	-0.0362658014614951	0.858893917231513	0.912316788147225	0.912380819759566
Alphaproteobacteria	0.542955499086244	0.297151356940066	0.299145375189157	-0.0156401525055954	0.858893917231513	0.912316788147225	0.912380819759566
Anaerolineae	0.538974448541989	0.29409905383209	0.296820864123055	-0.0152877059200179	0.858893917231513	0.912316788147225	0.912380819759566
Aquificae	0.300967294596145	0.808724191182633	0.835941565173454	-0.029054969406237	0.858893917231513	0.974426330565297	0.990644424624342
Archaeoglobi	0.205878183439908	0.981748345663639	0.976284122271219	-0.0309859274302261	0.858893917231513	0.994228315055201	0.995845913452051
Ardenticatenia	0.83527986243884	0.180000484674529	0.16403430774389	-0.00600394719249949	0.943735938389184	0.912316788147225	0.912380819759566
Bacilli	0.839389241575833	0.790294627887462	0.831490521674889	-0.00678606486679041	0.943735938389184	0.974426330565297	0.990644424624342
Bacteroidia	0.915017154373293	0.738141579482932	0.723489633649759	0.00519536089137744	0.97601829799818	0.961300661652191	0.959478311105607
Betaproteobacteria	0.476187823701294	0.243758402936558	0.236862390627839	-0.0186403333997169	0.858893917231513	0.912316788147225	0.912380819759566
Blastocatellia	0.263616280074839	0.679889813685398	0.793420895259937	0.033336665217602	0.858893917231513	0.961300661652191	0.987368225212366
Caldilineae	0.99289335402669	0.942980468023339	0.983274300385272	0.000271736264057908	0.999600012163505	0.994228315055201	0.995845913452051
Calditrichae	0.65493066620223	0.386885423388866	0.374119136866724	0.0107025899634432	0.862967466054703	0.912316788147225	0.912380819759566
Candidatus Brocadiae	0.494263187334568	0.613213481879939	0.762442586503563	0.0180342950705114	0.858893917231513	0.915732132940709	0.959478311105607
Chitinophagia	0.450329167462686	0.341817744200146	0.341498080307335	-0.015520867696317	0.858893917231513	0.912316788147225	0.912380819759566
Chlamydiia	0.534569517783391	0.590259052677135	0.556619870568928	-0.0142238209052172	0.858893917231513	0.912316788147225	0.912380819759566
Chlorobia	0.59536485781774	0.278699952159691	0.277490206481581	-0.0126802438246254	0.858893917231513	0.912316788147225	0.912380819759566
Chloroflexia	0.475525549013118	0.427062810347614	0.462757662088706	-0.0194861245275546	0.858893917231513	0.912316788147225	0.912380819759566
Chrysiogenetes	0.568645525283102	0.403625895954499	0.354376997704532	-0.0159331726281793	0.858893917231513	0.912316788147225	0.912380819759566
Chthonomonadetes	0.730943450056601	0.856146632580886	0.840668922856041	0.0105186237306659	0.895574074914445	0.978453294378155	0.990644424624342
Clostridia	0.321072005942173	0.820041715901571	0.99441212196893	-0.0138672757537208	0.858893917231513	0.974426330565297	0.995845913452051
Coprothermobacteria	0.15881283229138	0.15406120839468	0.16701159191937	-0.0586591606980917	0.858893917231513	0.912316788147225	0.912380819759566
Coriobacteriia	0.611736624828271	0.248729352321963	0.242858738780345	0.0247626318919517	0.858893917231513	0.912316788147225	0.912380819759566
Cytophagia	0.353355732039258	0.262534871527168	0.277372335143605	-0.0205506030269202	0.858893917231513	0.912316788147225	0.912380819759566
Deferribacteres	0.236331409336687	0.444371472358811	0.460169258441961	-0.0270541052431796	0.858893917231513	0.912316788147225	0.912380819759566
Dehalococcoidia	0.996334268411943	0.298717116126431	0.255302633391716	0.000129520111119338	0.999600012163505	0.912316788147225	0.912380819759566
Deinococci	0.72613189573005	0.332216985384049	0.31999258043792	-0.00962623833074075	0.895574074914445	0.912316788147225	0.912380819759566
Deltaproteobacteria	0.590807512996768	0.725799751877884	0.686376276855237	-0.0214609982567719	0.858893917231513	0.961300661652191	0.959478311105607
Dictyoglomia	0.294208516644833	0.737556601355853	0.712563023080529	-0.0361014480209546	0.858893917231513	0.961300661652191	0.959478311105607
Dothideomycetes	0.340003053780935	0.15433316056944	0.145782260623024	-0.0238235022181156	0.858893917231513	0.912316788147225	0.912380819759566
Ellioviricetes	0.542917024357794	0.578699234139705	0.584462707490412	0.0230717156517355	0.858893917231513	0.912316788147225	0.912380819759566
Elusimicrobia	0.743646330062887	0.337876422742449	0.276248775672203	-0.0090107366161356	0.895574074914445	0.912316788147225	0.912380819759566
Endomicrobia	0.851047587297389	0.550791355747969	0.467416876592432	0.00596631130749637	0.943735938389184	0.912316788147225	0.912380819759566
Epsilonproteobacteria	0.433215193078428	0.141375413269475	0.135451551252198	0.0238185895184232	0.858893917231513	0.912316788147225	0.912380819759566
Erysipelotrichia	0.125880910404224	0.787345746905937	0.735540561905271	-0.0580369541462937	0.858893917231513	0.974426330565297	0.959478311105607
Eurotiomycetes	0.632793989798309	0.930325746921819	0.917832576160005	-0.0115679087878506	0.860020284014221	0.994228315055201	0.995845913452051
Fibrobacteria	0.104222964507456	0.167232891120017	0.188783099421713	-0.0544866326767898	0.858893917231513	0.912316788147225	0.912380819759566
Fimbriimonadia	0.111464571505323	0.0450558138590473	0.0407161212977593	-0.0438225640395205	0.858893917231513	0.912316788147225	0.912380819759566
Flavobacteriia	0.36826540630537	0.826758611405554	0.860915496971389	-0.0199558373558174	0.858893917231513	0.974426330565297	0.994046759389645
Fusobacteriia	0.585236063609785	0.544566161339865	0.532775636624533	-0.0165322000699842	0.858893917231513	0.912316788147225	0.912380819759566
Gammaproteobacteria	0.398435580671734	0.954955964489189	0.933118541624275	-0.0248078091573831	0.858893917231513	0.994228315055201	0.995845913452051
Gemmatimonadetes	0.807335993573152	0.566480459649443	0.572388486597693	-0.0070700785071358	0.94189199250201	0.912316788147225	0.912380819759566
Gloeobacteria	0.637786810616503	0.505119482085316	0.512182073941339	-0.0147992352331684	0.860020284014221	0.912316788147225	0.912380819759566
Halobacteria	0.911286936559248	0.297782504260443	0.28321587107551	-0.00289752680842723	0.97601829799818	0.912316788147225	0.912380819759566
Hydrogenophilalia	0.513181632539682	0.301479015895898	0.25605580201011	-0.0224198557532106	0.858893917231513	0.912316788147225	0.912380819759566
Ignavibacteria	0.229286824904897	0.449796376941038	0.486055019947645	-0.035287892529808	0.858893917231513	0.912316788147225	0.912380819759566
Kiritimatiellae	0.999600012163505	0.276029673877093	0.238580320684666	-1.71977022752518e-05	0.999600012163505	0.912316788147225	0.912380819759566
Ktedonobacteria	0.864671035047135	0.989767212940756	0.995845913452051	-0.00528107822923718	0.949442705149795	0.994228315055201	0.995845913452051
Lentisphaeria	0.0261468035127243	0.0815416491017974	0.111899931791931	-0.118531029508519	0.858893917231513	0.912316788147225	0.912380819759566
Leotiomycetes	0.189948749192524	0.551114656611286	0.586530526988292	-0.0351972606607508	0.858893917231513	0.912316788147225	0.912380819759566
Limnochordia	0.400707348631816	0.300756077342891	0.301412339204949	-0.0262318732130404	0.858893917231513	0.912316788147225	0.912380819759566
Malasseziomycetes	0.38806084795555	0.342232468170006	0.365867958815255	0.0305377711380706	0.858893917231513	0.912316788147225	0.912380819759566
Methanobacteria	0.640507780194096	0.479419152905726	0.518363544883175	0.0356014164896866	0.860020284014221	0.912316788147225	0.912380819759566
Methanococci	0.244371350562467	0.811114556204244	0.740896188120043	-0.0341141622706142	0.858893917231513	0.974426330565297	0.959478311105607
Methanomicrobia	0.166887054726996	0.228557128453147	0.254065084888726	-0.0289007811871752	0.858893917231513	0.912316788147225	0.912380819759566
Methanopyri	0.13923156582337	0.0463597923409601	0.0421863098273589	-0.0535207723295479	0.858893917231513	0.912316788147225	0.912380819759566
Methylacidiphilae	0.788270163179859	0.686194264843216	0.647815551069164	-0.00802667914147697	0.929329034485729	0.961300661652191	0.959478311105607
Mollicutes	0.741622469799606	0.43000315304734	0.428719121779839	-0.0105429375085685	0.895574074914445	0.912316788147225	0.912380819759566
Negativicutes	0.095799710704526	0.955472616105262	0.84912379253515	-0.0850060752758983	0.858893917231513	0.994228315055201	0.990644424624342
Nitriliruptoria	0.412084004830332	0.247680014456512	0.245114810826239	-0.0275806331200672	0.858893917231513	0.912316788147225	0.912380819759566
Nitrososphaeria	0.0781846429828044	0.0835745629710221	0.0965720139526403	-0.0488331219776597	0.858893917231513	0.912316788147225	0.912380819759566
Nitrospira	0.16341827336033	0.0844770755711836	0.0893401029927249	-0.033672406065399	0.858893917231513	0.912316788147225	0.912380819759566
Oligoflexia	0.263312821934768	0.646330957846873	0.704931572837001	-0.025514142747695	0.858893917231513	0.952487727353287	0.959478311105607
Opitutae	0.605548499944864	0.186627187438108	0.172282881114019	-0.013043995708468	0.858893917231513	0.912316788147225	0.912380819759566
Phycisphaerae	0.448368416599746	0.376570101523064	0.376822037390399	-0.0198940290684348	0.858893917231513	0.912316788147225	0.912380819759566
Planctomycetia	0.734235930972398	0.338652170038612	0.329268070762106	-0.00850283464313955	0.895574074914445	0.912316788147225	0.912380819759566
Rubrobacteria	0.572248519519187	0.981753862570562	0.973406748771293	0.0162259958138729	0.858893917231513	0.994228315055201	0.995845913452051
Saccharomycetes	0.232963077194233	0.843922804150302	0.943475849926229	-0.0313089034257886	0.858893917231513	0.974426330565297	0.995845913452051
Saprospiria	0.329804406628369	0.334927797986992	0.360957649232415	-0.025915635715141	0.858893917231513	0.912316788147225	0.912380819759566
Schizosaccharomycetes	0.465134441023921	0.579876974021651	0.568785080607113	-0.0246323805662331	0.858893917231513	0.912316788147225	0.912380819759566
Sordariomycetes	0.299275978289761	0.339219297581743	0.365179811352447	-0.02192416701688	0.858893917231513	0.912316788147225	0.912380819759566
Sphingobacteriia	0.210761550804595	0.353983878418151	0.385767911692348	-0.0234636214015927	0.858893917231513	0.912316788147225	0.912380819759566
Spirochaetia	0.474318336309541	0.547395998614245	0.54461160174914	-0.0155973505971369	0.858893917231513	0.912316788147225	0.912380819759566
Synergistia	0.354372196288957	0.692269667196425	0.659294390063117	-0.0321063002386914	0.858893917231513	0.961300661652191	0.959478311105607
Tepidiformia	0.645015213010666	0.686411211323581	0.758141869000014	-0.0142606618328785	0.860020284014221	0.961300661652191	0.959478311105607
Thermococci	0.612819916446461	0.368854089554344	0.350536443024177	-0.0110994515288127	0.858893917231513	0.912316788147225	0.912380819759566
Thermodesulfobacteria	0.507428859286684	0.843739108114843	0.810682337713182	-0.016707301054911	0.858893917231513	0.974426330565297	0.990644424624342
Thermoleophilia	0.928169301669491	0.507864369578128	0.49226235379981	0.00303693629844131	0.980707186669651	0.912316788147225	0.912380819759566
Thermomicrobia	0.613495655165367	0.568409808700077	0.503382061056577	0.0148658815412707	0.858893917231513	0.912316788147225	0.912380819759566
Thermoplasmata	0.524549106688987	0.32517535825587	0.339768142030709	-0.0170012726413789	0.858893917231513	0.912316788147225	0.912380819759566
Thermoprotei	0.319376735834087	0.597615317105678	0.517486045012793	-0.0214469607512868	0.858893917231513	0.912316788147225	0.912380819759566
Thermotogae	0.204071153931839	0.972946666754259	0.926854350518261	-0.0323054889853367	0.858893917231513	0.994228315055201	0.995845913452051
Tissierellia	0.422552341318031	0.885390442530093	0.886208915840083	-0.0195717988688091	0.858893917231513	0.990785850329133	0.995845913452051
Tremellomycetes	0.291324462393475	0.531365319661935	0.55914989860649	-0.0276410561668012	0.858893917231513	0.912316788147225	0.912380819759566
Unclassified Acidobacteria Phylum	0.544889749394176	0.829297555077964	0.739436870559971	-0.0260437495910379	0.858893917231513	0.974426330565297	0.959478311105607
Unclassified Actinobacteria Phylum	0.286142195696967	0.538097727541773	0.544184349213952	0.0352278102148958	0.858893917231513	0.912316788147225	0.912380819759566
Unclassified Armatimonadetes Phylum	0.231543508323729	0.0387205044393407	0.0346749867921581	-0.0301773356306694	0.858893917231513	0.912316788147225	0.912380819759566
Unclassified Ascomycota Phylum	0.257519133904219	0.14534904715792	0.192826909757334	-0.0472040164317777	0.858893917231513	0.912316788147225	0.912380819759566
Unclassified Bacteroidetes Phylum	0.700237930618645	0.994228315055201	0.983830421536957	0.0125891107294205	0.895574074914445	0.994228315055201	0.995845913452051
Unclassified Balneolaeota Phylum	0.0982939355042206	0.0732905551232919	0.081073703877013	-0.049847045424454	0.858893917231513	0.912316788147225	0.912380819759566
Unclassified Candidatus Bipolaricaulota Phylum	0.840391934863223	0.873393553690685	0.941577539207561	0.00643982563773757	0.943735938389184	0.988081596094513	0.995845913452051
Unclassified Candidatus Cloacimonetes Phylum	0.0413822570621151	0.337083741719895	0.368235021036488	-0.0767942811528752	0.858893917231513	0.912316788147225	0.912380819759566
Unclassified Candidatus Gracilibacteria Phylum	0.261805658164264	0.793853412660726	0.762424350321211	-0.04716374657594	0.858893917231513	0.974426330565297	0.959478311105607
Unclassified Candidatus Saccharibacteria Phylum	0.516475497629087	0.896369085203715	0.876095343190029	-0.020555385191657	0.858893917231513	0.990785850329133	0.995845913452051
Unclassified Cyanobacteria Phylum	0.420982122811181	0.586615959761422	0.6222054711843	-0.0168995760126445	0.858893917231513	0.912316788147225	0.954616613323857
Unclassified Elusimicrobia Phylum	0.254638423050723	0.602780735025845	0.688333459953246	-0.0378361325667435	0.858893917231513	0.912316788147225	0.959478311105607
Unclassified Euryarchaeota Phylum	0.743638126840996	0.516993032637818	0.476512851404063	0.00961385453676838	0.895574074914445	0.912316788147225	0.912380819759566
Unclassified Firmicutes Phylum	0.207793894834902	0.791135454940456	0.835650152903672	-0.0263790055209221	0.858893917231513	0.974426330565297	0.990644424624342
Unclassified Kiritimatiellaeota Phylum	0.953444447985563	0.736130465900957	0.717428647686938	-0.00150144125638861	0.988757205318362	0.961300661652191	0.959478311105607
Unclassified Microsporidia Phylum	0.741936760047231	0.481996922045379	0.532121896661744	-0.0107140500935913	0.895574074914445	0.912316788147225	0.912380819759566
Unclassified Planctomycetes Phylum	0.455375155878838	0.276512814883489	0.285306192655963	-0.0181748359284808	0.858893917231513	0.912316788147225	0.912380819759566
Unclassified Proteobacteria Phylum	0.424260542008319	0.240413103476087	0.236203886962175	-0.0202955256648533	0.858893917231513	0.912316788147225	0.912380819759566
Unclassified Tenericutes Phylum	0.951479913047464	0.425267439926663	0.462101616894414	0.00210173553766587	0.988757205318362	0.912316788147225	0.912380819759566
Unclassified Thaumarchaeota Phylum	0.314972166414042	0.911169130213399	0.901799360381491	-0.0291718658161516	0.858893917231513	0.990785850329133	0.995845913452051
Unclassified Verrucomicrobia Phylum	0.169508094036043	0.112942189781887	0.103448023520016	-0.040348525687275	0.858893917231513	0.912316788147225	0.912380819759566
Unclassified candidate division Zixibacteria Phylum	0.846119613746571	0.713262578635476	0.75783900110835	0.00516956379689371	0.943735938389184	0.961300661652191	0.959478311105607
Ustilaginomycetes	0.87511819931148	0.545039922661824	0.51176700311552	0.00410157662737917	0.951584838086269	0.912316788147225	0.912380819759566
Verrucomicrobiae	0.755763021846013	0.902701372524092	0.890694214661389	-0.0289435018413487	0.900483600497378	0.990785850329133	0.995845913452051
Vicinamibacteria	0.310458331118638	0.459388319065131	0.458398792678811	0.0299757070998674	0.858893917231513	0.912316788147225	0.912380819759566
Zetaproteobacteria	0.522780604774626	0.170366914809731	0.176554929068341	-0.01550013579132	0.858893917231513	0.912316788147225	0.912380819759566
