p-variable	p-treatment	p-interaction	slope	adjusted.p-variable	adjusted.p-treatment	adjusted.p-interaction
Acidimicrobiia	0.935315904489756	0.972584290966796	0.949338638750711	-0.00105279153725765	0.988258314177856	0.993342811889161	0.992308948756822
Acidithiobacillia	0.387718963478659	0.91940021152305	0.96334239293904	-0.00996711198865244	0.968519908395281	0.993342811889161	0.992308948756822
Acidobacteriia	0.860278220395444	0.88802274029728	0.943464198989122	-0.00187655707402087	0.979575609151701	0.993342811889161	0.992308948756822
Actinobacteria	0.176037567083252	0.557075448463004	0.683106337712163	0.0238205011980378	0.968519908395281	0.993342811889161	0.992308948756822
Alphaproteobacteria	0.862622060171147	0.793499304325019	0.794980890871362	-0.00183811461728483	0.979575609151701	0.993342811889161	0.992308948756822
Anaerolineae	0.441115248472408	0.701185385840306	0.792444262978929	-0.00785135939614006	0.979575609151701	0.993342811889161	0.992308948756822
Aquificae	0.515686536208011	0.823231400426721	0.790767035621649	-0.00679139037720232	0.979575609151701	0.993342811889161	0.992308948756822
Archaeoglobi	0.743545846654023	0.621782914558144	0.454956188263601	-0.00312800836406577	0.979575609151701	0.993342811889161	0.992308948756822
Ardenticatenia	0.448445563109561	0.876633293905616	0.698567001751388	0.00920779725922016	0.979575609151701	0.993342811889161	0.992308948756822
Bacilli	0.739461067397936	0.475210521675537	0.57810581679187	-0.00395015766570519	0.979575609151701	0.993342811889161	0.992308948756822
Bacteroidia	0.527236107472744	0.455687769788699	0.50107404133396	-0.0114070770142568	0.979575609151701	0.993342811889161	0.992308948756822
Betaproteobacteria	0.869675749705226	0.669198670735974	0.611573183570497	-0.00176386813269124	0.979575609151701	0.993342811889161	0.992308948756822
Blastocatellia	0.366649585238656	0.956246017589943	0.671765883663327	0.0112371546026557	0.968519908395281	0.993342811889161	0.992308948756822
Caldilineae	0.790559632248623	0.885074385688915	0.981717262171032	-0.00335233148301032	0.979575609151701	0.993342811889161	0.992308948756822
Calditrichae	0.517426021367185	0.797011424760477	0.767097691729898	0.00643415951627387	0.979575609151701	0.993342811889161	0.992308948756822
Candidatus Brocadiae	0.460320737388315	0.611426586776488	0.932094629281839	-0.00803106686156725	0.979575609151701	0.993342811889161	0.992308948756822
Chitinophagia	0.196714920511501	0.303083341064763	0.361119785314774	-0.0107203088659491	0.968519908395281	0.993342811889161	0.992308948756822
Chlamydiia	0.883418443698601	0.715671053148654	0.833994136531551	-0.00132039901256691	0.979575609151701	0.993342811889161	0.992308948756822
Chlorobia	0.454676020430189	0.656467882896548	0.757312606727596	-0.00726966802511014	0.979575609151701	0.993342811889161	0.992308948756822
Chloroflexia	0.464483582863774	0.907258672461424	0.730545694251799	-0.00792342136577731	0.979575609151701	0.993342811889161	0.992308948756822
Chrysiogenetes	0.984908961900791	0.993342811889161	0.740386510293359	-0.000217410209631058	0.993787913015371	0.993342811889161	0.992308948756822
Chthonomonadetes	0.64650860378917	0.287659183084853	0.349203307030225	-0.0058761262889601	0.979575609151701	0.993342811889161	0.992308948756822
Clostridia	0.594048938741212	0.618301561870879	0.363409282724288	0.00278937217715413	0.979575609151701	0.993342811889161	0.992308948756822
Coprothermobacteria	0.868843346804989	0.740257923086885	0.697921909369611	0.00284000011529867	0.979575609151701	0.993342811889161	0.992308948756822
Coriobacteriia	0.987832515389099	0.793197921461495	0.76696622059054	0.000268964281177036	0.993787913015371	0.993342811889161	0.992308948756822
Cytophagia	0.164440014881608	0.486190336016632	0.644114939378264	-0.012630998589334	0.968519908395281	0.993342811889161	0.992308948756822
Deferribacteres	0.449714499742546	0.988046517280585	0.947621239265379	-0.00672155949769698	0.979575609151701	0.993342811889161	0.992308948756822
Dehalococcoidia	0.608709366395236	0.806432445719512	0.872752423435618	-0.00581664648941802	0.979575609151701	0.993342811889161	0.992308948756822
Deinococci	0.701003882581273	0.803976569092701	0.698582198478961	0.00437968779662621	0.979575609151701	0.993342811889161	0.992308948756822
Deltaproteobacteria	0.38341421778642	0.991363528503536	0.896475803637414	-0.0138386047126004	0.968519908395281	0.993342811889161	0.992308948756822
Dictyoglomia	0.368793093961713	0.83660798007036	0.842163365090068	-0.0117780305185822	0.968519908395281	0.993342811889161	0.992308948756822
Dothideomycetes	0.670918826731952	0.248004060527824	0.22340536646176	-0.00430367403431106	0.979575609151701	0.993342811889161	0.992308948756822
Ellioviricetes	0.993787913015371	0.854202403398248	0.81989415441966	-0.000111935342440623	0.993787913015371	0.993342811889161	0.992308948756822
Elusimicrobia	0.658794572371433	0.535755606490687	0.382268546638005	-0.00478583452355107	0.979575609151701	0.993342811889161	0.992308948756822
Endomicrobia	0.313182231992803	0.778192267901179	0.686452221366589	-0.012659598575793	0.968519908395281	0.993342811889161	0.992308948756822
Epsilonproteobacteria	0.692682156768339	0.514643877036004	0.481890611578068	0.00480598194806254	0.979575609151701	0.993342811889161	0.992308948756822
Erysipelotrichia	0.29360191108688	0.325086598183826	0.31979975328261	-0.0153200412843692	0.968519908395281	0.993342811889161	0.992308948756822
Eurotiomycetes	0.342839985633537	0.601984608409105	0.592374449684529	-0.00920885639159452	0.968519908395281	0.993342811889161	0.992308948756822
Fibrobacteria	0.550811218763075	0.971483273439473	0.962254763458953	-0.00806177764339535	0.979575609151701	0.993342811889161	0.992308948756822
Fimbriimonadia	0.488745630439013	0.394952413394554	0.191539155290704	0.00712564901394813	0.979575609151701	0.993342811889161	0.992308948756822
Flavobacteriia	0.0581715316125814	0.823523381002131	0.962888301365763	-0.0163269424956662	0.968519908395281	0.993342811889161	0.992308948756822
Fusobacteriia	0.288506192377984	0.891912349896246	0.843028781839196	-0.0120950062835011	0.968519908395281	0.993342811889161	0.992308948756822
Gammaproteobacteria	0.85239255557058	0.442712951492722	0.79653391846863	-0.00202807764297764	0.979575609151701	0.993342811889161	0.992308948756822
Gemmatimonadetes	0.955727795532319	0.929032135571835	0.946476343915139	-0.000667837629184944	0.991125121292775	0.993342811889161	0.992308948756822
Gloeobacteria	0.534024466244153	0.808226139192413	0.868995552510031	-0.00807226156284494	0.979575609151701	0.993342811889161	0.992308948756822
Halobacteria	0.622640780011754	0.711196621950798	0.631543361259061	0.00539916290166504	0.979575609151701	0.993342811889161	0.992308948756822
Hydrogenophilalia	0.466486309513811	0.99041565829334	0.809815110871367	-0.0100736599253775	0.979575609151701	0.993342811889161	0.992308948756822
Ignavibacteria	0.180396652766676	0.101644088034285	0.133679131843356	-0.0152341162882119	0.968519908395281	0.993342811889161	0.992308948756822
Kiritimatiellae	0.91597479322469	0.202075937272717	0.14440111626387	-0.00148767103873519	0.986434392703512	0.993342811889161	0.992308948756822
Ktedonobacteria	0.640987101288987	0.611475050976807	0.679920367227691	-0.00583137118263599	0.979575609151701	0.993342811889161	0.992308948756822
Lentisphaeria	0.0153542746610157	0.0168569936020801	0.0485217087713015	-0.047206025464516	0.573226254011251	0.993342811889161	0.992308948756822
Leotiomycetes	0.359805916585369	0.856886721744002	0.928058469786141	-0.00975640116202693	0.968519908395281	0.993342811889161	0.992308948756822
Limnochordia	0.796666843513612	0.847143770038198	0.825693319646569	-0.00327987115360868	0.979575609151701	0.993342811889161	0.992308948756822
Malasseziomycetes	0.892113501191728	0.478636197336397	0.535190519304394	0.00192276488954607	0.979575609151701	0.993342811889161	0.992308948756822
Methanobacteria	0.759601554412322	0.711244210256584	0.918128865046089	0.0095344323939049	0.979575609151701	0.993342811889161	0.992308948756822
Methanococci	0.329237927095009	0.758319517678927	0.658062178566853	-0.0112577906455609	0.968519908395281	0.993342811889161	0.992308948756822
Methanomicrobia	0.547320037820085	0.740347694612634	0.842421328263119	-0.0051884140905962	0.979575609151701	0.993342811889161	0.992308948756822
Methanopyri	0.203900459925034	0.768388705271581	0.763617246015298	-0.0189051694314835	0.968519908395281	0.993342811889161	0.992308948756822
Methylacidiphilae	0.838973371357904	0.69772297029843	0.759227985796003	-0.00241041369284619	0.979575609151701	0.993342811889161	0.992308948756822
Mollicutes	0.380266728726349	0.445640469948028	0.44351651216674	-0.0107596640192607	0.968519908395281	0.993342811889161	0.992308948756822
Negativicutes	0.0043156252736018	0.808760465792339	0.803360940710049	-0.0617042330864035	0.394613123136986	0.993342811889161	0.992308948756822
Nitriliruptoria	0.870783851082752	0.504099047981459	0.444931051712359	-0.00217488290200209	0.979575609151701	0.993342811889161	0.992308948756822
Nitrososphaeria	0.86569714124456	0.759879782243512	0.736253648729137	0.00191164440799052	0.979575609151701	0.993342811889161	0.992308948756822
Nitrospira	0.340529824359842	0.413168830518744	0.483461557379462	-0.00933924550295164	0.968519908395281	0.993342811889161	0.992308948756822
Oligoflexia	0.248987515232109	0.76183806145784	0.957449090992347	-0.010478810510116	0.968519908395281	0.993342811889161	0.992308948756822
Opitutae	0.902452119971237	0.737523140140629	0.623830367554299	0.00131746725346956	0.981307159580374	0.993342811889161	0.992308948756822
Phycisphaerae	0.505550274745479	0.786634887657135	0.820261073391496	-0.0070529565437029	0.979575609151701	0.993342811889161	0.992308948756822
Planctomycetia	0.882518996532291	0.922314085232497	0.865827104335568	0.00152885731472666	0.979575609151701	0.993342811889161	0.992308948756822
Rubrobacteria	0.373355999844941	0.825060378549031	0.965178350338395	0.0104860801127869	0.968519908395281	0.993342811889161	0.992308948756822
Saccharomycetes	0.387838445902995	0.392332813230198	0.21857540240665	-0.00877923908437435	0.968519908395281	0.993342811889161	0.992308948756822
Saprospiria	0.103456025015496	0.786287483452907	0.542588167164315	-0.0170152816141339	0.968519908395281	0.993342811889161	0.992308948756822
Schizosaccharomycetes	0.25199739765256	0.809104606058927	0.764234632295835	-0.0144402633336256	0.968519908395281	0.993342811889161	0.992308948756822
Sordariomycetes	0.525805320739749	0.832129038309394	0.947131167391377	-0.00544831427951315	0.979575609151701	0.993342811889161	0.992308948756822
Sphingobacteriia	0.0293521438098765	0.319685144174297	0.506949237957688	-0.0164709605682595	0.821860026676542	0.993342811889161	0.992308948756822
Spirochaetia	0.614158640690508	0.809429608852952	0.801205778904723	-0.00442660479596905	0.979575609151701	0.993342811889161	0.992308948756822
Synergistia	0.316438933310028	0.539588546350418	0.630980656419693	-0.0139656173155433	0.968519908395281	0.993342811889161	0.992308948756822
Tepidiformia	0.610788651896311	0.620888806147257	0.846180031764685	-0.00646381972007234	0.979575609151701	0.993342811889161	0.992308948756822
Thermococci	0.720419515543338	0.899306476207299	0.935918744726402	-0.00321762579358345	0.979575609151701	0.993342811889161	0.992308948756822
Thermodesulfobacteria	0.2559500730493	0.982762999969051	0.984344406933473	-0.010837084481339	0.968519908395281	0.993342811889161	0.992308948756822
Thermoleophilia	0.374107287134221	0.988742950735301	0.86416477813481	0.0120241140086296	0.968519908395281	0.993342811889161	0.992308948756822
Thermomicrobia	0.389023919297788	0.837917712179755	0.908357687104596	0.0105034706518749	0.968519908395281	0.993342811889161	0.992308948756822
Thermoplasmata	0.617545254877887	0.755001381469935	0.890455008783749	-0.00528560090809297	0.979575609151701	0.993342811889161	0.992308948756822
Thermoprotei	0.627907947135728	0.717555821642677	0.591127500097081	-0.00416896281541889	0.979575609151701	0.993342811889161	0.992308948756822
Thermotogae	0.213265676546253	0.572415209014369	0.487417049589947	-0.012271557753476	0.968519908395281	0.993342811889161	0.992308948756822
Tissierellia	0.389137463194533	0.53871708339264	0.530882505189319	-0.00810209154746962	0.968519908395281	0.993342811889161	0.992308948756822
Tremellomycetes	0.578747918497829	0.791417334043348	0.714534990864592	-0.00594596595321727	0.979575609151701	0.993342811889161	0.992308948756822
Unclassified Acidobacteria Phylum	0.20127074032807	0.493958384435079	0.24107208745978	-0.0227136839350613	0.968519908395281	0.993342811889161	0.992308948756822
Unclassified Actinobacteria Phylum	0.101837955048254	0.738887048026586	0.857515531389184	0.0218696870489068	0.968519908395281	0.993342811889161	0.992308948756822
Unclassified Armatimonadetes Phylum	0.765329971952546	0.781734373061255	0.636866071028689	0.00314731781386529	0.979575609151701	0.993342811889161	0.992308948756822
Unclassified Ascomycota Phylum	0.339684138382096	0.151084059509829	0.386694319515982	-0.0150730217290362	0.968519908395281	0.993342811889161	0.992308948756822
Unclassified Bacteroidetes Phylum	0.0586298863432389	0.222188717202657	0.35484384813954	-0.0233379809861115	0.968519908395281	0.993342811889161	0.992308948756822
Unclassified Balneolaeota Phylum	0.140035507616333	0.188810755599178	0.239793618592793	-0.0165442787402169	0.968519908395281	0.993342811889161	0.992308948756822
Unclassified Candidatus Bipolaricaulota Phylum	0.886930284643602	0.328953149061302	0.449718117040529	-0.00183164422057704	0.979575609151701	0.993342811889161	0.992308948756822
Unclassified Candidatus Cloacimonetes Phylum	0.00704666291316046	0.505375626542611	0.638848562491145	-0.0371251086314655	0.394613123136986	0.993342811889161	0.992308948756822
Unclassified Candidatus Gracilibacteria Phylum	0.946446489377325	0.691242382186879	0.562153565910727	0.00115287956310424	0.990672960843555	0.993342811889161	0.992308948756822
Unclassified Candidatus Saccharibacteria Phylum	0.857218344737256	0.273920596907561	0.230581249749121	-0.0022533085809744	0.979575609151701	0.993342811889161	0.992308948756822
Unclassified Cyanobacteria Phylum	0.494327071946393	0.848799720983805	0.713326444170148	-0.00584854135749712	0.979575609151701	0.993342811889161	0.992308948756822
Unclassified Elusimicrobia Phylum	0.714948962159333	0.461333713847564	0.337630826453818	-0.00462358124666791	0.979575609151701	0.993342811889161	0.992308948756822
Unclassified Euryarchaeota Phylum	0.592046458794925	0.806512918320332	0.928519725870112	0.00673923859656282	0.979575609151701	0.993342811889161	0.992308948756822
Unclassified Firmicutes Phylum	0.275506031877943	0.856757756705791	0.783219806460651	-0.00883484814941831	0.968519908395281	0.993342811889161	0.992308948756822
Unclassified Kiritimatiellaeota Phylum	0.781120964504661	0.792368728068009	0.793772233177045	-0.00288351539844279	0.979575609151701	0.993342811889161	0.992308948756822
Unclassified Microsporidia Phylum	0.112384704462268	0.297598788500195	0.232363163038949	-0.0193439118246681	0.968519908395281	0.993342811889161	0.992308948756822
Unclassified Planctomycetes Phylum	0.67744847032479	0.726758563478018	0.775450860224617	-0.00417984445304032	0.979575609151701	0.993342811889161	0.992308948756822
Unclassified Proteobacteria Phylum	0.717602999336004	0.769305460721534	0.746269294300713	-0.00380630287597705	0.979575609151701	0.993342811889161	0.992308948756822
Unclassified Tenericutes Phylum	0.294710151120423	0.815244335842037	0.745182597584576	-0.0138108066599505	0.968519908395281	0.993342811889161	0.992308948756822
Unclassified Thaumarchaeota Phylum	0.0616112188543046	0.940446011733139	0.876899176708973	-0.0200575282810382	0.968519908395281	0.993342811889161	0.992308948756822
Unclassified Verrucomicrobia Phylum	0.368659143129137	0.752652576333121	0.649791152544218	-0.0103331531072748	0.968519908395281	0.993342811889161	0.992308948756822
Unclassified candidate division Zixibacteria Phylum	0.256968290446154	0.419693642839777	0.435431715931369	-0.0125680995742199	0.968519908395281	0.993342811889161	0.992308948756822
Ustilaginomycetes	0.930673903160238	0.941897366656363	0.992308948756822	0.000949900101202292	0.988258314177856	0.993342811889161	0.992308948756822
Verrucomicrobiae	0.107405470753045	0.848775121106019	0.981163690096205	-0.0575560542664955	0.968519908395281	0.993342811889161	0.992308948756822
Vicinamibacteria	0.978816544513052	0.958209699483169	0.844732628727912	-0.000328761105545773	0.993787913015371	0.993342811889161	0.992308948756822
Zetaproteobacteria	0.797516827507942	0.231763905842047	0.273632046849415	-0.002654394587245	0.979575609151701	0.993342811889161	0.992308948756822
