p-variable	p-treatment	p-interaction	adjusted.p-variable	adjusted.p-treatment	adjusted.p-interaction
Acaryochloridaceae	0.215378997609893	0.220787494726026	0.231916393858745	0.541742002759005	0.979955393098293	0.963434046320619
Acetobacteraceae	0.125888334204045	0.343627730698635	0.285966740864035	0.495686192768033	0.979955393098293	0.963434046320619
Acholeplasmataceae	0.913593621752859	0.690978730726159	0.733531309891209	0.967953319016465	0.979955393098293	0.963434046320619
Acidaminococcaceae	0.00635735925540974	0.301538227480954	0.381802505995599	0.461429453989579	0.979955393098293	0.963434046320619
Acidiferrobacteraceae	0.115931163314015	0.446265295951586	0.362624913220242	0.488503833201039	0.979955393098293	0.963434046320619
Acidilobaceae	0.732167336578982	0.169197494402951	0.160270314852991	0.882593956981191	0.979955393098293	0.963434046320619
Acidimicrobiaceae	0.99659033044117	0.0968885811442975	0.0965535484430565	0.996596433330809	0.979955393098293	0.963434046320619
Acidithiobacillaceae	0.742193162274363	0.743249783636324	0.6811877084357	0.884860962365979	0.979955393098293	0.963434046320619
Acidobacteriaceae	0.111591187947496	0.972775243106441	0.874887407004875	0.484625290215917	0.986615422450293	0.967003044116695
Acidothermaceae	0.967311928557195	0.9173831384123	0.865597351535605	0.985151061298625	0.98301934827102	0.967003044116695
Actinomycetaceae	0.835531652620892	0.506116114488519	0.481752487506648	0.930671423660968	0.979955393098293	0.963434046320619
Actinopolysporaceae	0.164413147318601	0.997733972658172	0.909193079522762	0.498240821301971	0.997733972658172	0.967003044116695
Aerococcaceae	0.891129999101105	0.660656013007896	0.687510861245415	0.961966010866185	0.979955393098293	0.963434046320619
Aeromonadaceae	0.232109472291204	0.576507157170398	0.49049935177092	0.55706273349889	0.979955393098293	0.963434046320619
Akkermansiaceae	0.0471417698004018	0.529643487881633	0.568285954215441	0.484625290215917	0.979955393098293	0.963434046320619
Alcaligenaceae	0.148011825299119	0.823205976373838	0.706965410496565	0.497293093141652	0.979955393098293	0.963434046320619
Alcanivoracaceae	0.00580444672027694	0.155539226717553	0.0949801347000216	0.461429453989579	0.979955393098293	0.963434046320619
Alicyclobacillaceae	0.205752675827768	0.714048275583126	0.613414744506593	0.530726528303402	0.979955393098293	0.963434046320619
Alteromonadaceae	0.382396407148352	0.522256780704757	0.474440788971519	0.672238269891371	0.979955393098293	0.963434046320619
Amoebophilaceae	0.338683912468841	0.635116059570647	0.742146955291389	0.636266750098626	0.979955393098293	0.963434046320619
Anaerohalosphaeraceae	0.512338242946115	0.494166416631849	0.436281929975922	0.7706013899353	0.979955393098293	0.963434046320619
Anaerolineaceae	0.0540066281365939	0.922976189676603	0.77889196325875	0.484625290215917	0.98301934827102	0.963434046320619
Anaeromyxobacteraceae	0.226286356186248	0.503220508705042	0.426259247209994	0.552699418649597	0.979955393098293	0.963434046320619
Anaplasmataceae	0.526232381601759	0.132370413733815	0.14482569440814	0.777407141849066	0.979955393098293	0.963434046320619
Aphanizomenonaceae	0.489446660835479	0.692904261686917	0.694784594523796	0.754677532908337	0.979955393098293	0.963434046320619
Aphanothecaceae	0.63452317464665	0.283816132834085	0.29118546639963	0.837934910059691	0.979955393098293	0.963434046320619
Aquificaceae	0.653671764277973	0.588650792643575	0.587887110640994	0.847714103201256	0.979955393098293	0.963434046320619
Archaeoglobaceae	0.788512410309227	0.780058224434053	0.754269769312082	0.903997343013206	0.979955393098293	0.963434046320619
Archangiaceae	0.104910392139818	0.689974136632769	0.583828848008385	0.484625290215917	0.979955393098293	0.963434046320619
Ardenticatenaceae	0.154283977162279	0.565340700689643	0.487593916992585	0.498006384805033	0.979955393098293	0.963434046320619
Arenaviridae	0.0285836588859059	0.456099799567429	0.337696739803354	0.484625290215917	0.979955393098293	0.963434046320619
Aspergillaceae	0.0197892240074107	0.217797037728884	0.170704436028337	0.473905982166527	0.979955393098293	0.963434046320619
Aspiviridae	0.316459978902084	0.0594000053821755	0.0585635057335513	0.623674545611268	0.979955393098293	0.963434046320619
Atopobiaceae	0.773777482842325	0.830103793887306	0.776228263388625	0.899210885324133	0.979955393098293	0.963434046320619
Aurantimonadaceae	0.0544304170024122	0.714126687774344	0.584847045778497	0.484625290215917	0.979955393098293	0.963434046320619
Azonexaceae	0.790997675136555	0.633292798553775	0.559133548295132	0.903997343013206	0.979955393098293	0.963434046320619
Bacillaceae	0.924416692039586	0.438695371510958	0.433801181454608	0.969179504422911	0.979955393098293	0.963434046320619
Bacteriovoracaceae	0.6621826469298	0.842115663428134	0.79308626725966	0.85603002600761	0.979955393098293	0.963434046320619
Bacteroidaceae	0.123977560366684	0.845298255776828	0.819722276225334	0.495686192768033	0.979955393098293	0.967003044116695
Baekduiaceae	0.0223174720795903	0.565740370842696	0.432013815898086	0.484625290215917	0.979955393098293	0.963434046320619
Barnesiellaceae	0.267617603139433	0.876009777910073	0.792522505462611	0.582083127711187	0.979955393098293	0.963434046320619
Bartonellaceae	0.9883970404894	0.474991992915359	0.495288354618254	0.993798117213386	0.979955393098293	0.963434046320619
Bdellovibrionaceae	0.302733004689221	0.512667065362369	0.463192743146979	0.612119482008974	0.979955393098293	0.963434046320619
Beijerinckiaceae	0.48234705721462	0.422330607466549	0.362252487675507	0.747790178800041	0.979955393098293	0.963434046320619
Bernardetiaceae	0.18441334774782	0.902728139538668	0.998738692780538	0.510067194613286	0.979955393098293	0.998738692780538
Beutenbergiaceae	0.141175240063397	0.900192077582076	0.957295496539348	0.497293093141652	0.979955393098293	0.977689272664857
Bifidobacteriaceae	0.0161201515325334	0.54769074578885	0.444059584121634	0.468086789019466	0.979955393098293	0.963434046320619
Blattabacteriaceae	0.944666435865944	0.679005361048741	0.622095342209287	0.969248833825281	0.979955393098293	0.963434046320619
Bogoriellaceae	0.131327154457759	0.477233020584886	0.395456466426152	0.496524583977282	0.979955393098293	0.963434046320619
Borreliaceae	0.238865466994692	0.917152589281534	0.955270074235425	0.568335076642542	0.98301934827102	0.977689272664857
Brachyspiraceae	0.563533087623287	0.682667157360158	0.718349960942777	0.795576123703465	0.979955393098293	0.963434046320619
Bradymonadaceae	0.0273263122194423	0.690846388461398	0.84297967748553	0.484625290215917	0.979955393098293	0.967003044116695
Bradyrhizobiaceae	0.111897290962244	0.719544103926711	0.614550374081807	0.484625290215917	0.979955393098293	0.963434046320619
Brevibacteriaceae	0.0829066872541213	0.580484215508783	0.482657581038301	0.484625290215917	0.979955393098293	0.963434046320619
Brucellaceae	0.245736380263548	0.561235134158938	0.485785850016381	0.577219071938207	0.979955393098293	0.963434046320619
Budviciaceae	0.15502281068992	0.409864108049168	0.539240464309011	0.498006384805033	0.979955393098293	0.963434046320619
Burkholderiaceae	0.15949468908316	0.629141025049684	0.524582651654746	0.498006384805033	0.979955393098293	0.963434046320619
Caedimonadaceae	0.400701284157568	0.129934719697451	0.133914731996712	0.693376516786764	0.979955393098293	0.963434046320619
Caldilineaceae	0.185957812151181	0.433466759133037	0.348546297479732	0.510067194613286	0.979955393098293	0.963434046320619
Caldisphaeraceae	0.358485653565796	0.784787232508779	0.704475118140288	0.651220024688043	0.979955393098293	0.963434046320619
Calditrichaceae	0.188561086788907	0.601316785768147	0.565280943659993	0.510067194613286	0.979955393098293	0.963434046320619
Calotrichaceae	0.795194157086323	0.39837843644391	0.382237747183333	0.906915650230682	0.979955393098293	0.963434046320619
Campylobacteraceae	0.600768201546662	0.846279394857839	0.878255478666	0.818824808033969	0.979955393098293	0.967003044116695
Candidatus Brocadiaceae	0.936883662997707	0.0789981222790589	0.0760883567633088	0.969179504422911	0.979955393098293	0.963434046320619
Candidatus Deianiraeaceae	0.509680977960723	0.669290899193088	0.877370090917161	0.7706013899353	0.979955393098293	0.967003044116695
Candidatus Methanomethylophilaceae	0.0718910106084379	0.157089783377731	0.114860172713998	0.484625290215917	0.979955393098293	0.963434046320619
Candidatus Midichloriaceae	0.313865896678784	0.963460427249357	0.951607849113592	0.623674545611268	0.986615422450293	0.977689272664857
Candidatus Nanopelagicaceae	0.30969849399948	0.777142937131315	0.732378754814976	0.621649340682593	0.979955393098293	0.963434046320619
Candidatus Nitrosocaldaceae	0.32551626218525	0.350602737270943	0.341091499738136	0.626080058279644	0.979955393098293	0.963434046320619
Candidatus Paracaedibacteraceae	0.739100471827076	0.400252993146173	0.371138369987969	0.883081083221961	0.979955393098293	0.963434046320619
Cardiobacteriaceae	0.0918987399161444	0.648314150364489	0.800156527408355	0.484625290215917	0.979955393098293	0.966491035294118
Carnobacteriaceae	0.883725499593092	0.201261958487032	0.232921062190651	0.960268653101155	0.979955393098293	0.963434046320619
Casimicrobiaceae	0.0874099545085656	0.745096916678343	0.588815851563736	0.484625290215917	0.979955393098293	0.963434046320619
Catenulisporaceae	0.0250090979685272	0.274019292960649	0.183945012937312	0.484625290215917	0.979955393098293	0.963434046320619
Caulobacteraceae	0.0941931175831376	0.495869696107605	0.404876795885944	0.484625290215917	0.979955393098293	0.963434046320619
Cellulomonadaceae	0.135525572900682	0.680066480818286	0.592579683041932	0.497293093141652	0.979955393098293	0.963434046320619
Cellvibrionaceae	0.605586372845688	0.858306836033095	0.817077432947791	0.819533444029124	0.979955393098293	0.967003044116695
Chaetomiaceae	0.324191050567718	0.814833295007111	0.714542676804893	0.626080058279644	0.979955393098293	0.963434046320619
Chamaesiphonaceae	0.542384935593099	0.656712394287166	0.672787514265388	0.785384473674757	0.979955393098293	0.963434046320619
Chelatococcaceae	0.0344622757620832	0.419845678033625	0.327857995809523	0.484625290215917	0.979955393098293	0.963434046320619
Chitinophagaceae	0.901439759460782	0.634418369318137	0.662341254762861	0.967953319016465	0.979955393098293	0.963434046320619
Chlamydiaceae	0.290679548779472	0.690470414760157	0.755767689764675	0.60233177350243	0.979955393098293	0.963434046320619
Chlorobiaceae	0.218488499684318	0.578130453444577	0.50772417978567	0.543268701917764	0.979955393098293	0.963434046320619
Chloroflexaceae	0.166545686724037	0.761515123434785	0.831069518872519	0.498240821301971	0.979955393098293	0.967003044116695
Christensenellaceae	0.545285124525442	0.469111109075527	0.546049654576897	0.785893965373484	0.979955393098293	0.963434046320619
Chromatiaceae	0.259253564035961	0.661428830160959	0.596719551831358	0.582083127711187	0.979955393098293	0.963434046320619
Chromobacteriaceae	0.150449178541043	0.975891341771486	0.901454117364868	0.497293093141652	0.986615422450293	0.967003044116695
Chroococcaceae	0.69135089760485	0.444379599948339	0.42761108475292	0.871291542186934	0.979955393098293	0.963434046320619
Chroococcidiopsidaceae	0.589868904421804	0.772547068867628	0.812778179421964	0.811989115313806	0.979955393098293	0.967003044116695
Chrysiogenaceae	0.416315292784551	0.326359765311019	0.280329781582697	0.698498606738821	0.979955393098293	0.963434046320619
Chthonomonadaceae	0.368627474174613	0.460088775923883	0.409430944422192	0.657201718796232	0.979955393098293	0.963434046320619
Clavicipitaceae	0.285445641822075	0.460351124614343	0.401981700387478	0.599110244432644	0.979955393098293	0.963434046320619
Clostridiaceae	0.704987833530502	0.527034989553656	0.575690182569949	0.882593956981191	0.979955393098293	0.963434046320619
Clostridiales Family XIII. Incertae Sedis	0.969088815733973	0.895273794193946	0.905732661199259	0.985151061298625	0.979955393098293	0.967003044116695
Clostridiales Family XVI. Incertae Sedis	0.46475495611645	0.206253472362608	0.187554934081153	0.730896683123305	0.979955393098293	0.963434046320619
Clostridiales Family XVII. Incertae Sedis	0.0134526244859422	0.315003046727382	0.224778616831919	0.464786884031283	0.979955393098293	0.963434046320619
Cohaesibacteraceae	0.193723426034937	0.480424614737822	0.425730297021951	0.512515516200144	0.979955393098293	0.963434046320619
Coleofasciculaceae	0.0295978116919412	0.970728935635136	0.843474371016809	0.484625290215917	0.986615422450293	0.967003044116695
Colwelliaceae	0.701299843321377	0.387164416284808	0.398706287816803	0.881816659483827	0.979955393098293	0.963434046320619
Comamonadaceae	0.0490935285532949	0.647541831712111	0.538422139795207	0.484625290215917	0.979955393098293	0.963434046320619
Conexibacteraceae	0.114049709691827	0.813051300728096	0.95199525890776	0.484625290215917	0.979955393098293	0.977689272664857
Coprothermobacteraceae	0.0905861959767026	0.394794723612155	0.335928532057163	0.484625290215917	0.979955393098293	0.963434046320619
Coriobacteriaceae	0.715528021885011	0.870395108261209	0.862770203271378	0.882593956981191	0.979955393098293	0.967003044116695
Corynebacteriaceae	0.254225126772482	0.778147146625358	0.685880125639819	0.580348926863601	0.979955393098293	0.963434046320619
Coxiellaceae	0.752066843563316	0.331026888947934	0.327140369591098	0.887542674757718	0.979955393098293	0.963434046320619
Crocinitomicaceae	0.553944833990787	0.130494051955244	0.128480589163896	0.78819407299123	0.979955393098293	0.963434046320619
Cryomorphaceae	0.825386150320036	0.787152240590802	0.718614344776896	0.92604299792004	0.979955393098293	0.963434046320619
Cryptococcaceae	0.735603637519449	0.787778699181513	0.779226060325732	0.882724365023339	0.979955393098293	0.963434046320619
Cuniculiplasmataceae	0.875495789002888	0.0777290150116527	0.0903127816075341	0.953202515837464	0.979955393098293	0.963434046320619
Cyanobacteriaceae	0.807873595767899	0.0668226983593283	0.0705498070379686	0.913824231278443	0.979955393098293	0.963434046320619
Cyanothecaceae	0.0370468015999988	0.606296144664379	0.497034246998502	0.484625290215917	0.979955393098293	0.963434046320619
Cyclobacteriaceae	0.319059524887583	0.831815213663831	0.846187738801412	0.624174343395746	0.979955393098293	0.967003044116695
Cytophagaceae	0.219549727565225	0.386019763257161	0.374655048551715	0.543459415318404	0.979955393098293	0.963434046320619
Debaryomycetaceae	0.419690754832355	0.368710139825753	0.441534206968339	0.699598136235785	0.979955393098293	0.963434046320619
Deferribacteraceae	0.272758990669278	0.415606778740599	0.382072600894076	0.588124089920545	0.979955393098293	0.963434046320619
Dehalococcoidaceae	0.262428754695627	0.666334273582176	0.583044930442356	0.582083127711187	0.979955393098293	0.963434046320619
Deinococcaceae	0.0514389453623072	0.42092903119585	0.328117833298307	0.484625290215917	0.979955393098293	0.963434046320619
Dermabacteraceae	0.184226541064903	0.645272494299524	0.550794721051563	0.510067194613286	0.979955393098293	0.963434046320619
Dermacoccaceae	0.0873064071978843	0.593762056157141	0.501177455193048	0.484625290215917	0.979955393098293	0.963434046320619
Dermatophilaceae	0.978543781121436	0.401001215147737	0.362377226707195	0.987488422630773	0.979955393098293	0.963434046320619
Dermocarpellaceae	0.330324631600886	0.141241772540612	0.168483204261462	0.62875585049548	0.979955393098293	0.963434046320619
Desulfarculaceae	0.17278077878026	0.721462748377359	0.627911355203025	0.507313775993105	0.979955393098293	0.963434046320619
Desulfobacteraceae	0.144775638219721	0.61696113287714	0.518471686157323	0.497293093141652	0.979955393098293	0.963434046320619
Desulfobulbaceae	0.407348870224223	0.310395354808314	0.284604133551407	0.698312348955812	0.979955393098293	0.963434046320619
Desulfohalobiaceae	0.0198023518709876	0.312172737320798	0.214828259389117	0.473905982166527	0.979955393098293	0.963434046320619
Desulfomicrobiaceae	0.114058878872126	0.458441566836075	0.406340204423439	0.484625290215917	0.979955393098293	0.963434046320619
Desulfovibrionaceae	0.344030525948989	0.852158900345835	0.795880299134424	0.641543236696119	0.979955393098293	0.963434046320619
Desulfurellaceae	0.403453416277606	0.733660420149175	0.732123451454128	0.695957143078871	0.979955393098293	0.963434046320619
Desulfurobacteriaceae	0.364377881431531	0.382396521401054	0.351756970839021	0.65537950691024	0.979955393098293	0.963434046320619
Desulfurococcaceae	0.34309478928263	0.162677598113789	0.157424095878028	0.641543236696119	0.979955393098293	0.963434046320619
Desulfuromonadaceae	0.183279602448825	0.78045372721537	0.696817159435452	0.510067194613286	0.979955393098293	0.963434046320619
Dictyoglomaceae	0.730696662600528	0.563629264907836	0.611967778302635	0.882593956981191	0.979955393098293	0.963434046320619
Dietziaceae	0.413864432396446	0.87016297303143	0.819085298741705	0.698498606738821	0.979955393098293	0.967003044116695
Dipodascaceae	0.929892222829235	0.484929781702386	0.452157747310979	0.969179504422911	0.979955393098293	0.963434046320619
Dysgonamonadaceae	0.22991036532299	0.428441315094324	0.570931531281248	0.554194417721792	0.979955393098293	0.963434046320619
Ectothiorhodospiraceae	0.0761863775469628	0.646579897947009	0.520831274305523	0.484625290215917	0.979955393098293	0.963434046320619
Eggerthellaceae	0.262940586032344	0.427134893575003	0.501653787754277	0.582083127711187	0.979955393098293	0.963434046320619
Egibacteraceae	0.139141118846639	0.624063366187935	0.720761900863356	0.497293093141652	0.979955393098293	0.963434046320619
Egicoccaceae	0.0579092878489527	0.58930462660229	0.468404285290125	0.484625290215917	0.979955393098293	0.963434046320619
Elusimicrobiaceae	0.871480207385295	0.527780216157796	0.534992112906168	0.95088378160588	0.979955393098293	0.963434046320619
Emcibacteraceae	0.114132767623314	0.903618288201144	0.802169835957499	0.484625290215917	0.979955393098293	0.966807313206419
Endomicrobiaceae	0.644703598566583	0.766517601522387	0.776156581629438	0.843308972532592	0.979955393098293	0.963434046320619
Endozoicomonadaceae	0.842300344242092	0.591080232733911	0.557031420184523	0.931763106255781	0.979955393098293	0.963434046320619
Enterobacteriaceae	0.733827498687441	0.771431347424349	0.907990940918138	0.882593956981191	0.979955393098293	0.967003044116695
Enterococcaceae	0.184655639223368	0.443770991190676	0.584211624914132	0.510067194613286	0.979955393098293	0.963434046320619
Entomoplasmataceae	0.510379508883352	0.705616442262253	0.781139568169485	0.7706013899353	0.979955393098293	0.963434046320619
Erwiniaceae	0.356036477916833	0.44705715742065	0.406244851212787	0.651220024688043	0.979955393098293	0.963434046320619
Erysipelotrichaceae	0.837941481086053	0.0651972111781227	0.0645921798819751	0.930671423660968	0.979955393098293	0.963434046320619
Erythrobacteraceae	0.225526514375252	0.614380413486711	0.539372576729587	0.552699418649597	0.979955393098293	0.963434046320619
Eubacteriaceae	0.996596433330809	0.963540286055853	0.903687098141768	0.996596433330809	0.986615422450293	0.967003044116695
Euzebyaceae	0.0465201853920405	0.565214022407047	0.488722192681082	0.484625290215917	0.979955393098293	0.963434046320619
Ferrimonadaceae	0.242775116876395	0.797040199396436	0.851799034844347	0.57515821680588	0.979955393098293	0.967003044116695
Ferroplasmaceae	0.827211292858978	0.92873925618519	0.923158693859344	0.926208181862385	0.985875500132392	0.97352226341058
Fervidicoccaceae	0.107003697788583	0.824450623229102	0.702409668105256	0.484625290215917	0.979955393098293	0.963434046320619
Fervidobacteriaceae	0.291345260009327	0.82194839112946	0.874335826995761	0.60233177350243	0.979955393098293	0.967003044116695
Fibrobacteraceae	0.0298639736107635	0.498809441183341	0.387779155185006	0.484625290215917	0.979955393098293	0.963434046320619
Fimbriimonadaceae	0.252186202185919	0.808981255327625	0.663241224638462	0.580348926863601	0.979955393098293	0.963434046320619
Flammeovirgaceae	0.732657736677135	0.795847366877536	0.898320093354381	0.882593956981191	0.979955393098293	0.967003044116695
Flavobacteriaceae	0.941718567188181	0.500550341870974	0.558266413618373	0.969179504422911	0.979955393098293	0.963434046320619
Francisellaceae	0.892559222533534	0.82455348390898	0.837941365654643	0.961966010866185	0.979955393098293	0.967003044116695
Frankiaceae	0.357493859468842	0.537627493559874	0.482145380258936	0.651220024688043	0.979955393098293	0.963434046320619
Fusobacteriaceae	0.102456756396555	0.540793421785374	0.747635099704003	0.484625290215917	0.979955393098293	0.963434046320619
Gallionellaceae	0.176960864496991	0.679150598101286	0.594558905092227	0.510067194613286	0.979955393098293	0.963434046320619
Gemmataceae	0.105143119070898	0.731609380913372	0.639889659358062	0.484625290215917	0.979955393098293	0.963434046320619
Gemmatimonadaceae	0.0629896114312993	0.661052878484621	0.531499070577253	0.484625290215917	0.979955393098293	0.963434046320619
Geobacteraceae	0.221181580925554	0.686623675415891	0.58867067195639	0.545054610137973	0.979955393098293	0.963434046320619
Geodermatophilaceae	0.171297966177808	0.674834008221906	0.554112218437535	0.505649611391176	0.979955393098293	0.963434046320619
Gloeobacteraceae	0.104037180387265	0.731277064425635	0.6353653009581	0.484625290215917	0.979955393098293	0.963434046320619
Gloeomargaritaceae	0.188554211513495	0.553955551263983	0.622656636614578	0.510067194613286	0.979955393098293	0.963434046320619
Glomerellaceae	0.0327909819355286	0.794429521110673	0.669300220961927	0.484625290215917	0.979955393098293	0.963434046320619
Glycomycetaceae	0.00340968607969206	0.384721121514254	0.273749042565545	0.461429453989579	0.979955393098293	0.963434046320619
Gomontiellaceae	0.606168250024538	0.232113548593976	0.270794201792254	0.819533444029124	0.979955393098293	0.963434046320619
Gordoniaceae	0.0661789709796461	0.579207479528419	0.449364766053887	0.484625290215917	0.979955393098293	0.963434046320619
Gottschalkiaceae	0.790548002555691	0.681122506674593	0.750232804203386	0.903997343013206	0.979955393098293	0.963434046320619
Granulosicoccaceae	0.517664604414955	0.855857665183561	0.828928037852591	0.772299626046095	0.979955393098293	0.967003044116695
Hafniaceae	0.305894091980556	0.781663297546719	0.785535590144952	0.616253791143311	0.979955393098293	0.963434046320619
Hahellaceae	0.0789239284696838	0.684706385467238	0.555308422725491	0.484625290215917	0.979955393098293	0.963434046320619
Halanaerobiaceae	0.384038731750335	0.431658282021768	0.419969801251322	0.672982158495825	0.979955393098293	0.963434046320619
Halieaceae	0.606999514519254	0.593260607512631	0.572785353014192	0.819533444029124	0.979955393098293	0.963434046320619
Haliscomenobacteraceae	0.315600747352608	0.880938070335087	0.829170936266121	0.623674545611268	0.979955393098293	0.967003044116695
Haloarculaceae	0.0200579835006278	0.974386825805695	0.758986364018769	0.473905982166527	0.986615422450293	0.963434046320619
Halobacteriaceae	0.0301098856229239	0.303736229792826	0.234595742681061	0.484625290215917	0.979955393098293	0.963434046320619
Halobacteriovoraceae	0.980418637017564	0.339265743583957	0.370563116109149	0.987574977433751	0.979955393098293	0.963434046320619
Halobacteroidaceae	0.50853111143651	0.397941470859656	0.471715710120818	0.7706013899353	0.979955393098293	0.963434046320619
Haloferacaceae	0.532354890614034	0.533004427658749	0.477621845362819	0.777407141849066	0.979955393098293	0.963434046320619
Halomonadaceae	0.159599906531217	0.512084457637341	0.439889498552628	0.498006384805033	0.979955393098293	0.963434046320619
Halorubraceae	0.0619845842776436	0.910066306561878	0.945986077552575	0.484625290215917	0.98301934827102	0.977689272664857
Halothiobacillaceae	0.194050258851142	0.479921559712039	0.523509334007675	0.512515516200144	0.979955393098293	0.963434046320619
Hapalosiphonaceae	0.583905888126598	0.354789613849131	0.431931078086382	0.811879219762927	0.979955393098293	0.963434046320619
Helicobacteraceae	0.525410336815626	0.303745037621692	0.291929152207461	0.777407141849066	0.979955393098293	0.963434046320619
Heliobacteriaceae	0.147678857619409	0.146457967612196	0.112695745065874	0.497293093141652	0.979955393098293	0.963434046320619
Holosporaceae	0.111128260735913	0.937014598338471	0.92146907977647	0.484625290215917	0.985875500132392	0.97352226341058
Hungateiclostridiaceae	0.483625169984809	0.502828547662433	0.472464022287098	0.747790178800041	0.979955393098293	0.963434046320619
Hydrogenophilaceae	0.950231572200145	0.338608484083898	0.405605573515619	0.973149958913692	0.979955393098293	0.963434046320619
Hydrogenothermaceae	0.755697567275593	0.702224702008726	0.707262100925937	0.887542674757718	0.979955393098293	0.963434046320619
Hyellaceae	0.184176425807509	0.650625716830353	0.737657194585905	0.510067194613286	0.979955393098293	0.963434046320619
Hymenobacteraceae	0.0947269075079924	0.872397527563951	0.772179514385198	0.484625290215917	0.979955393098293	0.963434046320619
Hyphomicrobiaceae	0.139065072238982	0.562861444888583	0.463850707790878	0.497293093141652	0.979955393098293	0.963434046320619
Hyphomonadaceae	0.11086905225662	0.914517802407812	0.951478937443704	0.484625290215917	0.98301934827102	0.977689272664857
Iamiaceae	0.0702147182881834	0.708003135111967	0.596638615137156	0.484625290215917	0.979955393098293	0.963434046320619
Ichthyobacteriaceae	0.471557802427843	0.203108487655174	0.235486720752033	0.7373935040798	0.979955393098293	0.963434046320619
Idiomarinaceae	0.628183912081713	0.282583475343607	0.284263595606621	0.837004893487637	0.979955393098293	0.963434046320619
Ignavibacteriaceae	0.190351163207132	0.184891018227892	0.158580260935057	0.510067194613286	0.979955393098293	0.963434046320619
Ilumatobacteraceae	0.101878139792387	0.483007200292283	0.372408609399432	0.484625290215917	0.979955393098293	0.963434046320619
Immundisolibacteraceae	0.120894528673735	0.895271414537939	0.756363790067038	0.495686192768033	0.979955393098293	0.963434046320619
Intrasporangiaceae	0.15907224369645	0.545751728949226	0.439076007366374	0.498006384805033	0.979955393098293	0.963434046320619
Isosphaeraceae	0.0795218803782416	0.983577194707151	0.883627867997365	0.484625290215917	0.987153839051541	0.967003044116695
Jiangellaceae	0.0659455006855628	0.497235339156655	0.384926533569539	0.484625290215917	0.979955393098293	0.963434046320619
Jonesiaceae	0.135991730677733	0.146472648885094	0.141957546101981	0.497293093141652	0.979955393098293	0.963434046320619
Kangiellaceae	0.314986005267069	0.169169764602167	0.186160072903906	0.623674545611268	0.979955393098293	0.963434046320619
Kineosporiaceae	0.264633666191621	0.783915091106823	0.654659860406597	0.582083127711187	0.979955393098293	0.963434046320619
Kiritimatiellaceae	0.0124709302101054	0.835682278505725	0.664772626279286	0.464786884031283	0.979955393098293	0.963434046320619
Kofleriaceae	0.51406586634979	0.892052587126124	0.947269813772969	0.771098799524685	0.979955393098293	0.977689272664857
Kosmotogaceae	0.208112331563316	0.280697672828803	0.322655201613822	0.53186434452538	0.979955393098293	0.963434046320619
Ktedonosporobacteraceae	0.124694850601496	0.42504889819196	0.34151782446479	0.495686192768033	0.979955393098293	0.963434046320619
Labilitrichaceae	0.674679374006135	0.474034237230575	0.485618541588694	0.866100033607875	0.979955393098293	0.963434046320619
Lachnospiraceae	0.0596576005164907	0.877645085093413	0.865476483270769	0.484625290215917	0.979955393098293	0.967003044116695
Lacipirellulaceae	0.0879778187349083	0.814560492731939	0.73274750003066	0.484625290215917	0.979955393098293	0.963434046320619
Lactobacillaceae	0.129189593467471	0.269807816348694	0.332469998395841	0.495686192768033	0.979955393098293	0.963434046320619
Legionellaceae	0.86278991927778	0.509648899490949	0.532395754136928	0.948725170201862	0.979955393098293	0.963434046320619
Leptolyngbyaceae	0.731932752486871	0.574774916545911	0.61314881189316	0.882593956981191	0.979955393098293	0.963434046320619
Leptospiraceae	0.847133336879827	0.293786243685296	0.322521866740684	0.935235203915329	0.979955393098293	0.963434046320619
Leptotrichiaceae	0.920203457456204	0.536688271685466	0.569375694136037	0.969179504422911	0.979955393098293	0.963434046320619
Leuconostocaceae	0.359822658568574	0.201840872866379	0.236455043481502	0.651220024688043	0.979955393098293	0.963434046320619
Lichenihabitantaceae	0.423307567939769	0.879035166049258	0.904599307771283	0.699598136235785	0.979955393098293	0.967003044116695
Limnochordaceae	0.261826089202008	0.311871573533928	0.263237505217615	0.582083127711187	0.979955393098293	0.963434046320619
Listeriaceae	0.689756803887646	0.585166210729709	0.612017743341679	0.871271752279132	0.979955393098293	0.963434046320619
Litoricolaceae	0.941632810916621	0.632264879896654	0.683138072905151	0.969179504422911	0.979955393098293	0.963434046320619
Magnetococcaceae	0.413790098358561	0.41027616598589	0.430461598124697	0.698498606738821	0.979955393098293	0.963434046320619
Malasseziaceae	0.279187186942446	0.757115530102453	0.737565574108484	0.597330725551279	0.979955393098293	0.963434046320619
Marinifilaceae	0.629906418716058	0.307121605422543	0.329944641113548	0.837004893487637	0.979955393098293	0.963434046320619
Marinilabiliaceae	0.915997375646333	0.712687226568635	0.774186224952949	0.968640902982329	0.979955393098293	0.963434046320619
Mariprofundaceae	0.865909474829929	0.592959830041655	0.66685584182485	0.950262485300439	0.979955393098293	0.963434046320619
Melioribacteraceae	0.571251778001667	0.901330165270713	0.860660163750726	0.800332440245991	0.979955393098293	0.967003044116695
Merismopediaceae	0.0924144950228177	0.036910174642346	0.0288543300768456	0.484625290215917	0.979955393098293	0.963434046320619
Mesoaciditogaceae	0.528278422014347	0.713051608969299	0.739639791837077	0.777407141849066	0.979955393098293	0.963434046320619
Methanobacteriaceae	0.800109900985416	0.324396746017448	0.365534393234943	0.910640547100927	0.979955393098293	0.963434046320619
Methanocaldococcaceae	0.836668838718717	0.395825930496948	0.430195624259441	0.930671423660968	0.979955393098293	0.963434046320619
Methanocellaceae	0.778242648856693	0.838911346019058	0.783832233746191	0.902499878506082	0.979955393098293	0.963434046320619
Methanococcaceae	0.75207896563227	0.381863401401016	0.409479214924274	0.887542674757718	0.979955393098293	0.963434046320619
Methanocorpusculaceae	0.285032363314313	0.254556487654757	0.253423940576898	0.599110244432644	0.979955393098293	0.963434046320619
Methanomassiliicoccaceae	0.83157369637197	0.54488633804392	0.543429305821631	0.929207855055319	0.979955393098293	0.963434046320619
Methanomicrobiaceae	0.89400102096803	0.653645139424124	0.579462177309683	0.961966010866185	0.979955393098293	0.963434046320619
Methanopyraceae	0.733896062055012	0.203185565742622	0.25697213409785	0.882593956981191	0.979955393098293	0.963434046320619
Methanoregulaceae	0.235189853260356	0.521533704186464	0.491446869334816	0.562012116881889	0.979955393098293	0.963434046320619
Methanosarcinaceae	0.717485389548517	0.160369991152445	0.170162390112686	0.882593956981191	0.979955393098293	0.963434046320619
Methanospirillaceae	0.459291528874839	0.116510375829758	0.119192637393289	0.728531390629054	0.979955393098293	0.963434046320619
Methanothermaceae	0.0616790687696397	0.510509378645725	0.53043136877166	0.484625290215917	0.979955393098293	0.963434046320619
Methanotrichaceae	0.0117624032827173	0.736063532293134	0.577986339427665	0.464786884031283	0.979955393098293	0.963434046320619
Methylacidiphilaceae	0.108263987532532	0.357330167959069	0.282493062426446	0.484625290215917	0.979955393098293	0.963434046320619
Methylobacteriaceae	0.126581999350175	0.664626556607202	0.562213202611938	0.495686192768033	0.979955393098293	0.963434046320619
Methylococcaceae	0.369080675410927	0.815198333815814	0.732886049716678	0.657201718796232	0.979955393098293	0.963434046320619
Methylocystaceae	0.272209673535327	0.314757691859647	0.259261815090524	0.588124089920545	0.979955393098293	0.963434046320619
Methylophilaceae	0.731199966393126	0.970926344348575	0.96164398707353	0.882593956981191	0.986615422450293	0.977689272664857
Microbacteriaceae	0.193043688674996	0.579420436543769	0.49440368463131	0.512515516200144	0.979955393098293	0.963434046320619
Microbulbiferaceae	0.149647414119142	0.857552972714402	0.780479004257472	0.497293093141652	0.979955393098293	0.963434046320619
Micrococcaceae	0.413577050421654	0.196597011741147	0.183515047626855	0.698498606738821	0.979955393098293	0.963434046320619
Microcoleaceae	0.0920157997948025	0.228471043254281	0.189939794076846	0.484625290215917	0.979955393098293	0.963434046320619
Microcystaceae	0.886191392868831	0.790005990951879	0.742963725571011	0.961056284604312	0.979955393098293	0.963434046320619
Micromonosporaceae	0.10046774629766	0.610497394952581	0.504408743438013	0.484625290215917	0.979955393098293	0.963434046320619
Moraxellaceae	0.445878115256306	0.219729275496392	0.207985894443823	0.7133342167499	0.979955393098293	0.963434046320619
Morganellaceae	0.727768313435536	0.454272462114654	0.507825865874261	0.882593956981191	0.979955393098293	0.963434046320619
Moritellaceae	0.516692350998431	0.80546365540705	0.834520976950292	0.772299626046095	0.979955393098293	0.967003044116695
Muribaculaceae	0.39349504528738	0.640893965508607	0.684817825860454	0.687371091767828	0.979955393098293	0.963434046320619
Mycobacteriaceae	0.125277306777967	0.740101340512437	0.623103560277426	0.495686192768033	0.979955393098293	0.963434046320619
Mycoplasmataceae	0.912739362367948	0.264225367451916	0.284572301169541	0.967953319016465	0.979955393098293	0.963434046320619
Mycosphaerellaceae	0.329154792317778	0.421230524678974	0.49135496943391	0.628697042766136	0.979955393098293	0.963434046320619
Myxococcaceae	0.0854339219619784	0.343109058315084	0.267194358607599	0.484625290215917	0.979955393098293	0.963434046320619
Nairoviridae	0.595388751517109	0.674331774823487	0.648381302352278	0.815520076519713	0.979955393098293	0.963434046320619
Nakamurellaceae	0.245342520712574	0.514955709307472	0.394304546345336	0.577219071938207	0.979955393098293	0.963434046320619
Natranaerobiaceae	0.674485051217555	0.118958312762709	0.140207841643919	0.866100033607875	0.979955393098293	0.963434046320619
Natrialbaceae	0.0654157213309904	0.717374510529068	0.580775837567098	0.484625290215917	0.979955393098293	0.963434046320619
Nautiliaceae	0.549617507263932	0.315730593408159	0.328877645527631	0.78819407299123	0.979955393098293	0.963434046320619
Nectriaceae	0.711501587415828	0.332843368666098	0.336160357057648	0.882593956981191	0.979955393098293	0.963434046320619
Neisseriaceae	0.158026765976772	0.262906566215171	0.233758549162257	0.498006384805033	0.979955393098293	0.963434046320619
Nitrosomonadaceae	0.563398633623506	0.792561959526441	0.76809193870367	0.795576123703465	0.979955393098293	0.963434046320619
Nitrosopumilaceae	0.282435598747498	0.855033258733502	0.918873485503395	0.599110244432644	0.979955393098293	0.97352226341058
Nitrososphaeraceae	0.996360901269639	0.889033092650065	0.906865043266694	0.996596433330809	0.979955393098293	0.967003044116695
Nitrospiraceae	0.439909272763608	0.306375204259844	0.275249005049866	0.710029001653542	0.979955393098293	0.963434046320619
Nocardiaceae	0.0994010896641199	0.694927130348797	0.576099949885711	0.484625290215917	0.979955393098293	0.963434046320619
Nocardioidaceae	0.103510571361795	0.539498140509935	0.446252780400614	0.484625290215917	0.979955393098293	0.963434046320619
Nocardiopsaceae	0.109945277738875	0.448232909872239	0.367697772540975	0.484625290215917	0.979955393098293	0.963434046320619
Nostocaceae	0.570211249645213	0.779573750161716	0.782172963683887	0.800332440245991	0.979955393098293	0.963434046320619
Oceanospirillaceae	0.531571676926925	0.882264259776943	0.836029170463364	0.777407141849066	0.979955393098293	0.967003044116695
Odoribacteraceae	0.228780666769987	0.968027682444124	0.967062215353282	0.553890035337864	0.986615422450293	0.977689272664857
Oleiphilaceae	0.780523706663026	0.49875444420389	0.462325973786105	0.903247559911929	0.979955393098293	0.963434046320619
Opitutaceae	0.0873125758716597	0.921821977054575	0.957325305445339	0.484625290215917	0.98301934827102	0.977689272664857
Orbaceae	0.911600722796317	0.187069890289974	0.209673534524231	0.967953319016465	0.979955393098293	0.963434046320619
Oscillatoriaceae	0.709430771340506	0.664370380214886	0.677477827256145	0.882593956981191	0.979955393098293	0.963434046320619
Oscillospiraceae	0.0470018937386267	0.688066793423085	0.807877426961685	0.484625290215917	0.979955393098293	0.967003044116695
Oxalobacteraceae	0.0774168661077203	0.682967495746756	0.560281522024016	0.484625290215917	0.979955393098293	0.963434046320619
Paenibacillaceae	0.47530959522667	0.658106830960874	0.573407629375569	0.741160724760231	0.979955393098293	0.963434046320619
Paludibacteraceae	0.334489294721548	0.607257832417198	0.753979161213115	0.633675128475991	0.979955393098293	0.963434046320619
Parachlamydiaceae	0.724798832729749	0.881524411201127	0.933763884345044	0.882593956981191	0.979955393098293	0.977689272664857
Paramyxoviridae	0.824975280855275	0.923649021574092	0.924140699324536	0.92604299792004	0.98301934827102	0.97352226341058
Parvularculaceae	0.012963838870154	0.366221431884736	0.271374173167359	0.464786884031283	0.979955393098293	0.963434046320619
Pasteurellaceae	0.869392284520083	0.24646935872419	0.270598339115925	0.95088378160588	0.979955393098293	0.963434046320619
Pectobacteriaceae	0.398428327895691	0.525627977711999	0.495632506068187	0.691611437101953	0.979955393098293	0.963434046320619
Pelagibacteraceae	0.88831183822652	0.495099456870165	0.550927197879915	0.961466930786351	0.979955393098293	0.963434046320619
Peptococcaceae	0.431492519878788	0.359255060570114	0.313731464741136	0.707868478585906	0.979955393098293	0.963434046320619
Peptoniphilaceae	0.934294805223106	0.459887485764162	0.467337218093118	0.969179504422911	0.979955393098293	0.963434046320619
Peptostreptococcaceae	0.686162075726118	0.453822757006645	0.431413261163717	0.871271752279132	0.979955393098293	0.963434046320619
Peribunyaviridae	0.479826666802455	0.720585925466233	0.894380330514306	0.746096676267479	0.979955393098293	0.967003044116695
Petrotogaceae	0.913246705413259	0.672649267691478	0.690586074984665	0.967953319016465	0.979955393098293	0.963434046320619
Phaffomycetaceae	0.718365606393007	0.661948953859531	0.736590635711369	0.882593956981191	0.979955393098293	0.963434046320619
Phenuiviridae	0.104249283723456	0.661916859745573	0.728044920924873	0.484625290215917	0.979955393098293	0.963434046320619
Phycisphaeraceae	0.163378005136261	0.852173323868861	0.942540677191731	0.498240821301971	0.979955393098293	0.977689272664857
Phyllobacteriaceae	0.135807038109906	0.864991164571084	0.737453333594572	0.497293093141652	0.979955393098293	0.963434046320619
Pichiaceae	0.295313149784112	0.749405965848934	0.735043833335953	0.605995757177805	0.979955393098293	0.963434046320619
Picrophilaceae	0.76725535802386	0.184637183391358	0.256826570358007	0.893512568837913	0.979955393098293	0.963434046320619
Pirellulaceae	0.496622746984733	0.240202177213654	0.211294920122872	0.760742233563922	0.979955393098293	0.963434046320619
Piscirickettsiaceae	0.338881203856877	0.183373912977489	0.163602424687247	0.636266750098626	0.979955393098293	0.963434046320619
Planctomycetaceae	0.553472643194233	0.690375616769933	0.643553724007523	0.78819407299123	0.979955393098293	0.963434046320619
Planococcaceae	0.908162976700163	0.544511281405316	0.544156378661402	0.967953319016465	0.979955393098293	0.963434046320619
Polyangiaceae	0.137138850568719	0.7681727003777	0.662912745374596	0.497293093141652	0.979955393098293	0.963434046320619
Porphyromonadaceae	0.422461571201754	0.779243429019215	0.689319266865554	0.699598136235785	0.979955393098293	0.963434046320619
Prevotellaceae	0.113188405857887	0.626619679716138	0.648381033516713	0.484625290215917	0.979955393098293	0.963434046320619
Prochloraceae	0.738693572644973	0.542038810599588	0.566078216442779	0.883081083221961	0.979955393098293	0.963434046320619
Prochlorotrichaceae	0.588749863387086	0.749030925367382	0.720838400842154	0.811989115313806	0.979955393098293	0.963434046320619
Prolixibacteraceae	0.159850682183905	0.42418554499779	0.571538626114281	0.498006384805033	0.979955393098293	0.963434046320619
Promicromonosporaceae	0.162159425600059	0.57436657555736	0.486962276122954	0.498240821301971	0.979955393098293	0.963434046320619
Propionibacteriaceae	0.416022013472698	0.9001989177117	0.722093407055025	0.698498606738821	0.979955393098293	0.963434046320619
Pseudanabaenaceae	0.598579678663166	0.602159082543533	0.66976299827093	0.81786134312393	0.979955393098293	0.963434046320619
Pseudoalteromonadaceae	0.757500470860321	0.637959229526386	0.623339349190804	0.887718811600555	0.979955393098293	0.963434046320619
Pseudomonadaceae	0.0951437996719525	0.654896602828939	0.533032371573366	0.484625290215917	0.979955393098293	0.963434046320619
Pseudonocardiaceae	0.10905090832018	0.770382488594867	0.652992742210174	0.484625290215917	0.979955393098293	0.963434046320619
Psychromonadaceae	0.925619434467869	0.125492334207685	0.124711643503592	0.969179504422911	0.979955393098293	0.963434046320619
Puniceicoccaceae	0.130017704533927	0.274049374444887	0.223272583302511	0.495686192768033	0.979955393098293	0.963434046320619
Pyriculariaceae	0.142287205346601	0.487099444425166	0.379599194321483	0.497293093141652	0.979955393098293	0.963434046320619
Pyrodictiaceae	0.608711434876705	0.192669195587221	0.176300798404354	0.819533444029124	0.979955393098293	0.963434046320619
Rhabdoviridae	0.586947527691351	0.691255548378125	0.639528182041904	0.811989115313806	0.979955393098293	0.963434046320619
Rhizobiaceae	0.202815912231012	0.765608316836223	0.6673109994687	0.529587744943201	0.979955393098293	0.963434046320619
Rhodanobacteraceae	0.203652729359106	0.846331581776422	0.752433178077007	0.529587744943201	0.979955393098293	0.963434046320619
Rhodobacteraceae	0.109695105765678	0.755715526003708	0.63232184039044	0.484625290215917	0.979955393098293	0.963434046320619
Rhodobiaceae	0.316941352938683	0.718035217121364	0.841606943997465	0.623674545611268	0.979955393098293	0.967003044116695
Rhodocyclaceae	0.0374262007453708	0.264933627151942	0.20391052715714	0.484625290215917	0.979955393098293	0.963434046320619
Rhodospirillaceae	0.0794407804771261	0.561653393291489	0.457242830693551	0.484625290215917	0.979955393098293	0.963434046320619
Rhodothermaceae	0.0898608314258052	0.682866213784352	0.578810263325686	0.484625290215917	0.979955393098293	0.963434046320619
Rickettsiaceae	0.1692245699	0.281831146703463	0.252569206193858	0.502214852606453	0.979955393098293	0.963434046320619
Rikenellaceae	0.0321762783576027	0.434319894704804	0.509825370518191	0.484625290215917	0.979955393098293	0.963434046320619
Rivulariaceae	0.685933504557595	0.415232169690534	0.433311582224818	0.871271752279132	0.979955393098293	0.963434046320619
Roseiflexaceae	0.179268808002905	0.978528071896476	0.879577222837989	0.510067194613286	0.987153839051541	0.967003044116695
Ruaniaceae	0.0895111319137206	0.663431187260667	0.524694402206898	0.484625290215917	0.979955393098293	0.963434046320619
Rubrobacteraceae	0.165425962683102	0.468502650938773	0.395784578250226	0.498240821301971	0.979955393098293	0.963434046320619
Ruminococcaceae	0.108247694978046	0.508733499203368	0.39121976585868	0.484625290215917	0.979955393098293	0.963434046320619
Saccharomycetaceae	0.8148348771525	0.0243393020924794	0.02759835057224	0.91981360365681	0.979955393098293	0.963434046320619
Saccharospirillaceae	0.0457563395908903	0.324524734767917	0.256211605910827	0.484625290215917	0.979955393098293	0.963434046320619
Salinisphaeraceae	0.0629680332359959	0.948602449552455	0.829539056476324	0.484625290215917	0.986082849129502	0.967003044116695
Salinivirgaceae	0.669228268447121	0.899187295973735	0.86928838919584	0.863116832202829	0.979955393098293	0.967003044116695
Sandaracinaceae	0.0421057203574593	0.982049584939777	0.904225929492555	0.484625290215917	0.987153839051541	0.967003044116695
Sanguibacteraceae	0.0371959855554279	0.274525105990397	0.195802960513003	0.484625290215917	0.979955393098293	0.963434046320619
Saprospiraceae	0.217322473117406	0.0952720578567674	0.0913028465062272	0.542814502990081	0.979955393098293	0.963434046320619
Schizosaccharomycetaceae	0.267842598620727	0.239824358222646	0.261160449061351	0.582083127711187	0.979955393098293	0.963434046320619
Sclerotiniaceae	0.204351792885692	0.687803350889136	0.634386039743451	0.529587744943201	0.979955393098293	0.963434046320619
Scytonemataceae	0.297687563465432	0.319536814671018	0.29132474829326	0.608605685307106	0.979955393098293	0.963434046320619
Sedimentisphaeraceae	0.254428333878608	0.351898484220584	0.281955530280502	0.580348926863601	0.979955393098293	0.963434046320619
Segniliparaceae	0.00503750319793128	0.557698949163064	0.394649491611235	0.461429453989579	0.979955393098293	0.963434046320619
Selenomonadaceae	0.345178154526716	0.444274156944465	0.381602814009887	0.641543236696119	0.979955393098293	0.963434046320619
Shewanellaceae	0.377906447891794	0.770835890722115	0.739550103003936	0.668603715500866	0.979955393098293	0.963434046320619
Silvanigrellaceae	0.0608949019675867	0.625104715019084	0.49771884053775	0.484625290215917	0.979955393098293	0.963434046320619
Simkaniaceae	0.157850743077234	0.161757392550913	0.139381423162395	0.498006384805033	0.979955393098293	0.963434046320619
Sinobacteraceae	0.496755920458641	0.694690804392743	0.657140303123833	0.760742233563922	0.979955393098293	0.963434046320619
Solibacteraceae	0.615301098288997	0.975511192002563	0.887643170390723	0.82438399576584	0.986615422450293	0.967003044116695
Sordariaceae	0.0783403704111733	0.801928707548236	0.791855264223204	0.484625290215917	0.979955393098293	0.963434046320619
Sphaerobacteraceae	0.0314112801174547	0.528591763485039	0.427959254736691	0.484625290215917	0.979955393098293	0.963434046320619
Sphingobacteriaceae	0.816653661651756	0.434928492678844	0.471675056963403	0.919985349452591	0.979955393098293	0.963434046320619
Sphingomonadaceae	0.0998527597245613	0.833797658370279	0.715780969488693	0.484625290215917	0.979955393098293	0.963434046320619
Spirochaetaceae	0.608329389823712	0.607616558093206	0.559191663356789	0.819533444029124	0.979955393098293	0.963434046320619
Spiroplasmataceae	0.806279313348709	0.211304284802948	0.241472204738834	0.913824231278443	0.979955393098293	0.963434046320619
Spongiibacteraceae	0.413619128352833	0.974961767206108	0.873698489534843	0.698498606738821	0.986615422450293	0.967003044116695
Sporichthyaceae	0.110149099034277	0.719031218334583	0.639431241979665	0.484625290215917	0.979955393098293	0.963434046320619
Sporolactobacillaceae	0.678604208067866	0.193748190760643	0.16752930826038	0.868018226096364	0.979955393098293	0.963434046320619
Sporomusaceae	0.933368701672008	0.354375108835484	0.333015879492314	0.969179504422911	0.979955393098293	0.963434046320619
Staphylococcaceae	0.807111391567715	0.350329543155102	0.392654416675167	0.913824231278443	0.979955393098293	0.963434046320619
Steroidobacteraceae	0.0522172129046557	0.48301976361138	0.409751737057168	0.484625290215917	0.979955393098293	0.963434046320619
Sterolibacteriaceae	0.0169596662688212	0.356280043422182	0.247814044251337	0.468086789019466	0.979955393098293	0.963434046320619
Streptococcaceae	0.972666377985886	0.178448207334126	0.193151302874483	0.985820527635352	0.979955393098293	0.963434046320619
Streptomycetaceae	0.123918864512618	0.611855447420992	0.509330737824682	0.495686192768033	0.979955393098293	0.963434046320619
Streptosporangiaceae	0.050913764917764	0.748562687484576	0.597833982280616	0.484625290215917	0.979955393098293	0.963434046320619
Succinivibrionaceae	0.101414156506114	0.3443364843993	0.288013574412117	0.484625290215917	0.979955393098293	0.963434046320619
Sulfolobaceae	0.909053346225095	0.127684471712385	0.139613751903535	0.967953319016465	0.979955393098293	0.963434046320619
Sutterellaceae	0.283540466910837	0.118665099135675	0.100796712099438	0.599110244432644	0.979955393098293	0.963434046320619
Symbiobacteriaceae	0.0388762250702291	0.504024483026277	0.376881622637585	0.484625290215917	0.979955393098293	0.963434046320619
Synechococcaceae	0.258982502991752	0.613620285094789	0.50813318715947	0.582083127711187	0.979955393098293	0.963434046320619
Synergistaceae	0.320585995030607	0.655531592283491	0.604938193955337	0.624174343395746	0.979955393098293	0.963434046320619
Syntrophaceae	0.78682881522223	0.844136222637768	0.905563985789114	0.903997343013206	0.979955393098293	0.967003044116695
Syntrophobacteraceae	0.511038026871095	0.847601240968875	0.898921647585575	0.7706013899353	0.979955393098293	0.967003044116695
Syntrophomonadaceae	0.555448359408675	0.520673745896338	0.528716001024596	0.78819407299123	0.979955393098293	0.963434046320619
Tannerellaceae	0.0797274411414604	0.672250829384174	0.745651625148019	0.484625290215917	0.979955393098293	0.963434046320619
Tepidiformaceae	0.0455108695524451	0.95392797361441	0.787947320765497	0.484625290215917	0.986082849129502	0.963434046320619
Thermaceae	0.2522312969023	0.386249231346852	0.332088051816678	0.580348926863601	0.979955393098293	0.963434046320619
Thermoactinomycetaceae	0.160589015390029	0.58871357318063	0.476706326984427	0.498006384805033	0.979955393098293	0.963434046320619
Thermoanaerobacteraceae	0.733418360799204	0.672761460023351	0.632639038533066	0.882593956981191	0.979955393098293	0.963434046320619
Thermoanaerobacterales Family III. Incertae Sedis	0.633592718524071	0.436864900665284	0.422475204112572	0.837934910059691	0.979955393098293	0.963434046320619
Thermoanaerobacterales Family IV. Incertae Sedis	0.529352911300612	0.536435607708991	0.485206937972844	0.777407141849066	0.979955393098293	0.963434046320619
Thermococcaceae	0.317486498762258	0.907326828103751	0.814815321752959	0.623674545611268	0.982047861006413	0.967003044116695
Thermodesulfobacteriaceae	0.925560227174075	0.679630540756941	0.626665738723496	0.969179504422911	0.979955393098293	0.963434046320619
Thermodesulfobiaceae	0.368991673209316	0.77903091659606	0.779623135056821	0.657201718796232	0.979955393098293	0.963434046320619
Thermofilaceae	0.0206046079202838	0.634865211095591	0.806174369486553	0.473905982166527	0.979955393098293	0.967003044116695
Thermoguttaceae	0.578791897896426	0.857721081149398	0.846447940633698	0.808843361110955	0.979955393098293	0.967003044116695
Thermomicrobiaceae	0.0597609959142861	0.742307094993168	0.642695572315818	0.484625290215917	0.979955393098293	0.963434046320619
Thermomonosporaceae	0.00982472304439482	0.24853788326735	0.160095814282633	0.464786884031283	0.979955393098293	0.963434046320619
Thermoplasmataceae	0.35792290565532	0.94365082709828	0.934745723257071	0.651220024688043	0.986082849129502	0.977689272664857
Thermoproteaceae	0.447126157600481	0.485122840915834	0.476098229880001	0.7133342167499	0.979955393098293	0.963434046320619
Thermotogaceae	0.555082565364839	0.848273716754814	0.841754897799218	0.78819407299123	0.979955393098293	0.967003044116695
Thioalkalibacteraceae	0.059566968229284	0.12799565603985	0.0909956445897379	0.484625290215917	0.979955393098293	0.963434046320619
Thioalkalispiraceae	0.654214144861839	0.669571438276481	0.645083223487222	0.847714103201256	0.979955393098293	0.963434046320619
Thiobacillaceae	0.348716523299553	0.636678022128559	0.584352673275656	0.645944700877024	0.979955393098293	0.963434046320619
Thiotrichaceae	0.290994741363446	0.314926064261034	0.287611118935271	0.60233177350243	0.979955393098293	0.963434046320619
Tissierellaceae	0.973929896335155	0.38220376270604	0.378484728478333	0.985820527635352	0.979955393098293	0.963434046320619
Tolypothrichaceae	0.72487493905144	0.307313347367249	0.328443394532942	0.882593956981191	0.979955393098293	0.963434046320619
Tospoviridae	0.643463366444441	0.3044201785816	0.348447518887409	0.843308972532592	0.979955393098293	0.963434046320619
Trichocomaceae	0.722071651815194	0.860016544267305	0.822683175800403	0.882593956981191	0.979955393098293	0.967003044116695
Trichomonascaceae	0.747161604540615	0.253608668345115	0.270144005300416	0.887360006765304	0.979955393098293	0.963434046320619
Trueperaceae	0.588067503346017	0.701573183693659	0.748050396044424	0.811989115313806	0.979955393098293	0.963434046320619
Tsukamurellaceae	0.21591166776627	0.37554107068954	0.314852433501592	0.541742002759005	0.979955393098293	0.963434046320619
Unclassified Acidobacteria Phylum	0.148359715375091	0.795741193464488	0.870391246143944	0.497293093141652	0.979955393098293	0.967003044116695
Unclassified Acidobacteriia Class	0.0552162655660351	0.890246490994005	0.965022779137039	0.484625290215917	0.979955393098293	0.977689272664857
Unclassified Actinobacteria Class	0.435116774795522	0.672505562270785	0.599320337522904	0.708508730640496	0.979955393098293	0.963434046320619
Unclassified Actinobacteria Phylum	0.688167727030564	0.962890004022887	0.966786764170791	0.871271752279132	0.986615422450293	0.977689272664857
Unclassified Alphaproteobacteria Class	0.104653275259548	0.675951391733285	0.575909131866109	0.484625290215917	0.979955393098293	0.963434046320619
Unclassified Alteromonadales Order	0.335204959266285	0.738751793745147	0.708996404073728	0.633675128475991	0.979955393098293	0.963434046320619
Unclassified Aquificales Order	0.543467092931281	0.098825933067189	0.100020297295276	0.785384473674757	0.979955393098293	0.963434046320619
Unclassified Armatimonadetes Phylum	0.0644709926534857	0.408676967755344	0.316770477761208	0.484625290215917	0.979955393098293	0.963434046320619
Unclassified Ascomycota Phylum	0.00668738339115332	0.090518777505327	0.0661854602182703	0.461429453989579	0.979955393098293	0.963434046320619
Unclassified Bacillales Order	0.36449548663305	0.617193955211893	0.68409713049476	0.65537950691024	0.979955393098293	0.963434046320619
Unclassified Bacilli Class	0.43439991001243	0.35880539871164	0.405402713020493	0.708508730640496	0.979955393098293	0.963434046320619
Unclassified Bacteriovoracales Order	0.1273883717354	0.817330437361005	0.708362567800381	0.495686192768033	0.979955393098293	0.963434046320619
Unclassified Bacteroidales Order	0.141806747114219	0.588403378533535	0.552217519972182	0.497293093141652	0.979955393098293	0.963434046320619
Unclassified Bacteroidetes Phylum	0.566631779779139	0.468587427105969	0.401753517620941	0.797910057240012	0.979955393098293	0.963434046320619
Unclassified Bacteroidia Class	0.95204080025836	0.871991318865998	0.936236564047978	0.973197262486324	0.979955393098293	0.977689272664857
Unclassified Balneolaeota Phylum	0.787663223877357	0.946831141309105	0.904439941089155	0.903997343013206	0.986082849129502	0.967003044116695
Unclassified Basidiomycota Phylum	0.638069061578062	0.891787684001841	0.872719927858265	0.838605052359739	0.979955393098293	0.967003044116695
Unclassified Betaproteobacteria Class	0.180838355988238	0.591912226998892	0.50586996803117	0.510067194613286	0.979955393098293	0.963434046320619
Unclassified Blastocatellia Class	0.530736724361889	0.705700915689355	0.693197352035706	0.777407141849066	0.979955393098293	0.963434046320619
Unclassified Bradymonadales Order	0.189751721957281	0.650959002518819	0.546669364692941	0.510067194613286	0.979955393098293	0.963434046320619
Unclassified Burkholderiales Order	0.079788801625803	0.537074487917735	0.440990518967176	0.484625290215917	0.979955393098293	0.963434046320619
Unclassified Campylobacterales Order	0.282809724780717	0.534829642407333	0.585613701294292	0.599110244432644	0.979955393098293	0.963434046320619
Unclassified Candidatus Bipolaricaulota Phylum	0.227744396100603	0.281277567555479	0.227143124531271	0.553810161442876	0.979955393098293	0.963434046320619
Unclassified Candidatus Cloacimonetes Phylum	0.618440046314881	0.469870400096498	0.479432068494806	0.826583306454757	0.979955393098293	0.963434046320619
Unclassified Candidatus Gracilibacteria Phylum	0.68969728406203	0.470936410790679	0.527342016975809	0.871271752279132	0.979955393098293	0.963434046320619
Unclassified Candidatus Korarchaeota Phylum	0.444768056360251	0.306872856392427	0.300239745805473	0.7133342167499	0.979955393098293	0.963434046320619
Unclassified Candidatus Micrarchaeota Phylum	0.432158835658425	0.368681002608508	0.330478228897376	0.707868478585906	0.979955393098293	0.963434046320619
Unclassified Candidatus Saccharibacteria Phylum	0.583487951177452	0.799128187822928	0.781543689574915	0.811879219762927	0.979955393098293	0.963434046320619
Unclassified Cellvibrionales Order	0.165715230351506	0.238182169574596	0.190282696183072	0.498240821301971	0.979955393098293	0.963434046320619
Unclassified Chlamydiia Class	0.261781130131515	0.00543119110697633	0.012036190953167	0.582083127711187	0.979955393098293	0.963434046320619
Unclassified Chloroflexi Phylum	0.154861114562049	0.980429537197225	0.877267004683693	0.498006384805033	0.987153839051541	0.967003044116695
Unclassified Chromatiales Order	0.0118514148962366	0.687946143662247	0.517390796867758	0.464786884031283	0.979955393098293	0.963434046320619
Unclassified Chroococcales Order	0.438081088785371	0.125571466269853	0.129978622953681	0.710029001653542	0.979955393098293	0.963434046320619
Unclassified Clostridia Class	0.721238570836028	0.476710435741181	0.444008096489312	0.882593956981191	0.979955393098293	0.963434046320619
Unclassified Clostridiales Order	0.9201924246715	0.362211363887755	0.328924044470987	0.969179504422911	0.979955393098293	0.963434046320619
Unclassified Coriobacteriales Order	0.648511846645415	0.934446052824861	0.977307487153101	0.846284962998272	0.985875500132392	0.982647965224975
Unclassified Coriobacteriia Class	0.321133176674623	0.707435211907197	0.77703255590204	0.624174343395746	0.979955393098293	0.963434046320619
Unclassified Corynebacteriales Order	0.503679825970887	0.726061165571944	0.672176242099533	0.768042165568866	0.979955393098293	0.963434046320619
Unclassified Cyanobacteria Phylum	0.962472541233476	0.9138177202611	0.8976030309853	0.98204222321789	0.98301934827102	0.967003044116695
Unclassified Cytophagales Order	0.187135933885219	0.703493738389958	0.64620204562708	0.510067194613286	0.979955393098293	0.963434046320619
Unclassified Dehalococcoidia Class	0.126304309089346	0.641777594758868	0.543360311695943	0.495686192768033	0.979955393098293	0.963434046320619
Unclassified Deinococcales Order	0.74750435352512	0.432348473215117	0.375533214324144	0.887360006765304	0.979955393098293	0.963434046320619
Unclassified Deinococci Class	0.35935087375015	0.735251838290667	0.767416268484886	0.651220024688043	0.979955393098293	0.963434046320619
Unclassified Deltaproteobacteria Class	0.166982883950842	0.331787595460816	0.290938484086249	0.498240821301971	0.979955393098293	0.963434046320619
Unclassified Desulfobacterales Order	0.441408630344796	0.849707718006	0.752758612229685	0.710371906560721	0.979955393098293	0.963434046320619
Unclassified Desulfovibrionales Order	0.461736893951698	0.852342530298836	0.794713481897344	0.728714072919232	0.979955393098293	0.963434046320619
Unclassified Desulfuromonadales Order	0.210898568795105	0.841680543514678	0.87518430240347	0.534018394380265	0.979955393098293	0.967003044116695
Unclassified Elusimicrobia Phylum	0.611791002803058	0.331706012656708	0.34085369893951	0.821675507414326	0.979955393098293	0.963434046320619
Unclassified Enterobacterales Order	0.467674772332789	0.283480978535766	0.30510591830764	0.733399074794601	0.979955393098293	0.963434046320619
Unclassified Entomoplasmatales Order	0.942843104846202	0.783477544697679	0.737760042099486	0.969179504422911	0.979955393098293	0.963434046320619
Unclassified Epsilonproteobacteria Class	0.552663077518904	0.151845677222138	0.144292039727632	0.78819407299123	0.979955393098293	0.963434046320619
Unclassified Euryarchaeota Phylum	0.190078233261897	0.619325935774705	0.565091354864511	0.510067194613286	0.979955393098293	0.963434046320619
Unclassified Firmicutes Phylum	0.755480988736446	0.712486182386999	0.692227920290366	0.887542674757718	0.979955393098293	0.963434046320619
Unclassified Flavobacteriales Order	0.930470825139176	0.951287891589946	0.962210375273381	0.969179504422911	0.986082849129502	0.977689272664857
Unclassified Frankiales Order	0.29392821616319	0.350272582881552	0.332011136420915	0.605404385530152	0.979955393098293	0.963434046320619
Unclassified Fusobacteriales Order	0.462046966524875	0.465532603892871	0.553964495340224	0.728714072919232	0.979955393098293	0.963434046320619
Unclassified Gammaproteobacteria Class	0.155916255728933	0.482139210129071	0.438438848883984	0.498006384805033	0.979955393098293	0.963434046320619
Unclassified Halanaerobiales Order	0.439699741356864	0.764621144122016	0.712298284310852	0.710029001653542	0.979955393098293	0.963434046320619
Unclassified Halobacteria Class	0.0145320242367086	0.282433555841594	0.195555150020723	0.464786884031283	0.979955393098293	0.963434046320619
Unclassified Halobacteriales Order	0.108830759924846	0.560699727796851	0.54201996509283	0.484625290215917	0.979955393098293	0.963434046320619
Unclassified Haloferacales Order	0.00625247863372953	0.312807652063731	0.222642457617556	0.461429453989579	0.979955393098293	0.963434046320619
Unclassified Ignavibacteriales Order	0.0140415039243229	0.924251887233079	0.859419318405259	0.464786884031283	0.98301934827102	0.967003044116695
Unclassified Kiritimatiellaeota Phylum	0.0151560940444983	0.535719546900729	0.384631306257482	0.464786884031283	0.979955393098293	0.963434046320619
Unclassified Lactobacillales Order	0.0947916170590739	0.702948931473174	0.807013850023261	0.484625290215917	0.979955393098293	0.967003044116695
Unclassified Legionellales Order	0.939175644734757	0.510195522569781	0.567625099420227	0.969179504422911	0.979955393098293	0.963434046320619
Unclassified Marinilabiliales Order	0.407274852148144	0.897424976955278	0.674011149614869	0.698312348955812	0.979955393098293	0.963434046320619
Unclassified Methanococcales Order	0.861861597651862	0.344977486390306	0.276439228856419	0.948725170201862	0.979955393098293	0.963434046320619
Unclassified Methanomassiliicoccales Order	0.543508820550285	0.497010499957318	0.4965486044152	0.785384473674757	0.979955393098293	0.963434046320619
Unclassified Methanomicrobia Class	0.753869335079831	0.0178377781701977	0.0233854130576214	0.887542674757718	0.979955393098293	0.963434046320619
Unclassified Methanomicrobiales Order	0.0552964714802879	0.842348798358203	0.914437271544614	0.484625290215917	0.979955393098293	0.970710334408898
Unclassified Micrococcales Order	0.249227223596634	0.627543801556422	0.541250137041476	0.580348926863601	0.979955393098293	0.963434046320619
Unclassified Mollicutes Class	0.759115890264317	0.957755980443744	0.99813623786701	0.887718811600555	0.986615422450293	0.998738692780538
Unclassified Myxococcales Order	0.0382037374238316	0.348234874696296	0.264182999511158	0.484625290215917	0.979955393098293	0.963434046320619
Unclassified Negativicutes Class	0.273818643314457	0.859736732121222	0.964437926209004	0.588124089920545	0.979955393098293	0.977689272664857
Unclassified Neisseriales Order	0.00462571861812958	0.283096359615258	0.23434963895737	0.461429453989579	0.979955393098293	0.963434046320619
Unclassified Nitriliruptoria Class	0.327348680084738	0.658427117427094	0.755808833212465	0.627418303495747	0.979955393098293	0.963434046320619
Unclassified Nitrosomonadales Order	0.840201431683299	0.727826569020764	0.792994183734771	0.931307611022452	0.979955393098293	0.963434046320619
Unclassified Nostocales Order	0.359593651648773	0.941225341611904	0.987795675775404	0.651220024688043	0.985875500132392	0.991387660050951
Unclassified Oceanospirillales Order	0.301812203245043	0.528611690590192	0.560940484004997	0.612119482008974	0.979955393098293	0.963434046320619
Unclassified Opitutae Class	0.372701400496208	0.336053348336896	0.448308880745302	0.661515025961116	0.979955393098293	0.963434046320619
Unclassified Oscillatoriales Order	0.17439475099526	0.689434263521645	0.754980643159094	0.509343399732187	0.979955393098293	0.963434046320619
Unclassified Parachlamydiales Order	0.253012223788139	0.364331661745734	0.358437068709687	0.580348926863601	0.979955393098293	0.963434046320619
Unclassified Phycisphaerae Class	0.145353759178267	0.452345395073415	0.33823514778842	0.497293093141652	0.979955393098293	0.963434046320619
Unclassified Planctomycetales Order	0.414679185716277	0.933415086793009	0.839741748796694	0.698498606738821	0.985875500132392	0.967003044116695
Unclassified Planctomycetes Phylum	0.264800460210874	0.647376521273894	0.582953402182017	0.582083127711187	0.979955393098293	0.963434046320619
Unclassified Planctomycetia Class	0.324927778574959	0.721095085968944	0.792472751113192	0.626080058279644	0.979955393098293	0.963434046320619
Unclassified Propionibacteriales Order	0.203028402944516	0.18881057429147	0.137361614527978	0.529587744943201	0.979955393098293	0.963434046320619
Unclassified Proteobacteria Phylum	0.130207423824936	0.646666963934659	0.564402558854632	0.495686192768033	0.979955393098293	0.963434046320619
Unclassified Pseudomonadales Order	0.453575144705093	0.555985229211915	0.538519832824882	0.7215374059862	0.979955393098293	0.963434046320619
Unclassified Rhizobiales Order	0.177489634844779	0.702279831735662	0.612676779381635	0.510067194613286	0.979955393098293	0.963434046320619
Unclassified Rhodobacterales Order	0.250000282756242	0.596235687830634	0.551250616769075	0.580348926863601	0.979955393098293	0.963434046320619
Unclassified Rhodocyclales Order	0.0674156983166026	0.689514684637409	0.552462337433844	0.484625290215917	0.979955393098293	0.963434046320619
Unclassified Rhodospirillales Order	0.302046050053383	0.42196240062429	0.356560186184194	0.612119482008974	0.979955393098293	0.963434046320619
Unclassified Rickettsiales Order	0.264720265943598	0.175169360877865	0.225999686592247	0.582083127711187	0.979955393098293	0.963434046320619
Unclassified Saccharomycetales Order	0.0507122997351749	0.416447681338969	0.296905167578642	0.484625290215917	0.979955393098293	0.963434046320619
Unclassified Sedimentisphaerales Order	0.380992418642494	0.872845202306796	0.965359487580747	0.671909952366315	0.979955393098293	0.977689272664857
Unclassified Selenomonadales Order	0.630786296541407	0.379583855129017	0.413770641900735	0.837004893487637	0.979955393098293	0.963434046320619
Unclassified Silvanigrellales Order	0.0965580128907083	0.66591798429559	0.591189027108357	0.484625290215917	0.979955393098293	0.963434046320619
Unclassified Sordariales Order	0.593752021595275	0.67950087250149	0.623060473150602	0.815301283384557	0.979955393098293	0.963434046320619
Unclassified Sordariomycetes Class	0.209084352829724	0.163106882123709	0.194184144089349	0.53186434452538	0.979955393098293	0.963434046320619
Unclassified Spartobacteria Class	0.117756750766874	0.554348947023569	0.365805419536923	0.492437321388745	0.979955393098293	0.963434046320619
Unclassified Sphingomonadales Order	0.208356321120291	0.940197266751249	0.951747430833958	0.53186434452538	0.985875500132392	0.977689272664857
Unclassified Spirochaetales Order	0.871643466472057	0.684284280419683	0.652405460492501	0.95088378160588	0.979955393098293	0.963434046320619
Unclassified Spirochaetia Class	0.782390715537263	0.63779569881277	0.694766080130264	0.903513964386128	0.979955393098293	0.963434046320619
Unclassified Streptosporangiales Order	0.42283730165065	0.995052158384205	0.930819301809587	0.699598136235785	0.996858060668023	0.977689272664857
Unclassified Synechococcales Order	0.267123021578112	0.210505154952028	0.190070184152933	0.582083127711187	0.979955393098293	0.963434046320619
Unclassified Tenericutes Phylum	0.712018147186364	0.941169219539434	0.871277782117555	0.882593956981191	0.985875500132392	0.967003044116695
Unclassified Thaumarchaeota Phylum	0.420687445615413	0.814087043937696	0.819345324885668	0.699598136235785	0.979955393098293	0.967003044116695
Unclassified Thermoanaerobacterales Order	0.497514395501043	0.111443176364439	0.0980421264383252	0.760742233563922	0.979955393098293	0.963434046320619
Unclassified Thermomicrobia Class	0.143348287855933	0.946510593818661	0.972710291615562	0.497293093141652	0.986082849129502	0.979810366736844
Unclassified Thermoplasmata Class	0.537265786391795	0.356918091941717	0.304050368944972	0.782508480443987	0.979955393098293	0.963434046320619
Unclassified Thermoplasmatales Order	0.00160886134509242	0.52299928850809	0.343839817012969	0.461429453989579	0.979955393098293	0.963434046320619
Unclassified Thermotogae Class	0.904744589904493	0.786137047441442	0.889841032049723	0.967953319016465	0.979955393098293	0.967003044116695
Unclassified Thermotogales Order	0.101286253016796	0.952422249263921	0.902129421510808	0.484625290215917	0.986082849129502	0.967003044116695
Unclassified Tissierellales Order	0.651472445889945	0.569388760951536	0.561955454043714	0.847714103201256	0.979955393098293	0.963434046320619
Unclassified Tissierellia Class	0.636749573748411	0.849524010630172	0.950002802936521	0.838605052359739	0.979955393098293	0.977689272664857
Unclassified Verrucomicrobia Phylum	0.0678577192326308	0.69677864801039	0.605363706755572	0.484625290215917	0.979955393098293	0.963434046320619
Unclassified Verrucomicrobiales Order	0.0508399819996629	0.598267795496693	0.684923852017724	0.484625290215917	0.979955393098293	0.963434046320619
Unclassified Victivallales Order	0.0442528363321053	0.60201206829741	0.514805797348107	0.484625290215917	0.979955393098293	0.963434046320619
Unclassified Xanthomonadales Order	0.148848319829816	0.636233559150197	0.755211593512628	0.497293093141652	0.979955393098293	0.963434046320619
Unclassified candidate division Zixibacteria Phylum	0.397139678704446	0.486409918316491	0.46749390930174	0.691549219699855	0.979955393098293	0.963434046320619
Unikaryonidae	0.975105087117576	0.899071542348872	0.970032350659738	0.985820527635352	0.979955393098293	0.97889919115937
Ustilaginaceae	0.525883139596274	0.686667080358806	0.637470116306759	0.777407141849066	0.979955393098293	0.963434046320619
Vallitaleaceae	0.932107971258557	0.2752126264564	0.268909081436796	0.969179504422911	0.979955393098293	0.963434046320619
Veillonellaceae	0.286849000020068	0.27794506923993	0.347066844517173	0.599775181860141	0.979955393098293	0.963434046320619
Verrucomicrobiaceae	0.128891412450767	0.712665517930145	0.683313270787791	0.495686192768033	0.979955393098293	0.963434046320619
Vibrionaceae	0.76067209762149	0.64492852057955	0.615551261448418	0.887718811600555	0.979955393098293	0.963434046320619
Vicinamibacteraceae	0.0535320860022969	0.93676611809074	0.878073748214424	0.484625290215917	0.985875500132392	0.967003044116695
Vulgatibacteraceae	0.143523917028518	0.301950133502601	0.248637009264128	0.497293093141652	0.979955393098293	0.963434046320619
Waddliaceae	0.679318611727589	0.325492019389266	0.386307409813393	0.868018226096364	0.979955393098293	0.963434046320619
Wenzhouxiangellaceae	0.0106460938436505	0.139568611580914	0.0891413564327139	0.464786884031283	0.979955393098293	0.963434046320619
Woeseiaceae	0.430829954096965	0.195645799530314	0.219664654095689	0.707868478585906	0.979955393098293	0.963434046320619
Xanthobacteraceae	0.0877811534232922	0.606223745775601	0.499354361853896	0.484625290215917	0.979955393098293	0.963434046320619
Xanthomonadaceae	0.185460918737854	0.706973375329516	0.607088174464825	0.510067194613286	0.979955393098293	0.963434046320619
Yersiniaceae	0.147896326748529	0.382542636885854	0.345513797253116	0.497293093141652	0.979955393098293	0.963434046320619
Zoogloeaceae	0.144219429144382	0.684241671938594	0.586411495749955	0.497293093141652	0.979955393098293	0.963434046320619
