p-variable	p-treatment	p-interaction	adjusted.p-variable	adjusted.p-treatment	adjusted.p-interaction
Acaryochloridaceae	0.103313213649852	0.624286509438253	0.93488859816363	0.555675635295672	0.892477496580504	0.995122447934649
Acetobacteraceae	0.13068379575662	0.146830328402775	0.27256750876608	0.555675635295672	0.642928444923854	0.981228503400236
Acholeplasmataceae	0.928748700524163	0.870853921800987	0.663487252955949	0.967300533376109	0.946282214240443	0.981228503400236
Acidaminococcaceae	0.00882036168257902	0.651440711188488	0.300145949393893	0.555675635295672	0.892477496580504	0.981228503400236
Acidiferrobacteraceae	0.0554753380932374	0.191969862329228	0.526671655851858	0.555675635295672	0.642928444923854	0.981228503400236
Acidilobaceae	0.381243377120309	0.290523944755753	0.474361302928726	0.733262523241849	0.663567784119803	0.981228503400236
Acidimicrobiaceae	0.900120916317912	0.62695944009249	0.747481153770075	0.959656593224306	0.892477496580504	0.983061367593258
Acidithiobacillaceae	0.766474735316587	0.33514048141543	0.711641740082322	0.941021593382635	0.679887122369139	0.982489681381512
Acidobacteriaceae	0.161604322877382	0.243079539444949	0.370767472171781	0.556466981538563	0.659252614125743	0.981228503400236
Acidothermaceae	0.958243145083024	0.923440146568352	0.480641976112043	0.979664060717433	0.978862728808264	0.981228503400236
Actinomycetaceae	0.803046537292117	0.275137855615387	0.439890762578337	0.946162383537294	0.660112368731179	0.981228503400236
Actinopolysporaceae	0.117187300134462	0.29118525094625	0.325636330672972	0.555675635295672	0.663567784119803	0.981228503400236
Aerococcaceae	0.952024907068256	0.757876882416718	0.597108979497994	0.97861778156737	0.925876265839745	0.981228503400236
Aeromonadaceae	0.436999265108506	0.201625373696023	0.459817566378404	0.783193488116543	0.642928444923854	0.981228503400236
Akkermansiaceae	0.151416815677575	0.67037173589866	0.291858485537	0.556466981538563	0.900353280331047	0.981228503400236
Alcaligenaceae	0.166314701385558	0.113905114969268	0.260927009746614	0.556466981538563	0.642928444923854	0.981228503400236
Alcanivoracaceae	0.0200617539435103	0.00620097141578817	0.025860460742741	0.555675635295672	0.642928444923854	0.981228503400236
Alicyclobacillaceae	0.215557345242419	0.117273668223089	0.305382811870321	0.594938272869077	0.642928444923854	0.981228503400236
Alteromonadaceae	0.446121600251672	0.427605971011974	0.66400313248426	0.79013149706647	0.751714955409585	0.981228503400236
Amoebophilaceae	0.493752102906946	0.234600257273408	0.460310443946696	0.8016210611901	0.659252614125743	0.981228503400236
Anaerohalosphaeraceae	0.813285210078629	0.3472975504762	0.640190984900139	0.946162383537294	0.680177762983802	0.981228503400236
Anaerolineaceae	0.0567865309565319	0.0992916733737737	0.276525234726444	0.555675635295672	0.642928444923854	0.981228503400236
Anaeromyxobacteraceae	0.207919321449013	0.0960262174685971	0.206279813703287	0.582596271268302	0.642928444923854	0.981228503400236
Anaplasmataceae	0.688837254674048	0.634360046253315	0.846958596259963	0.913711174805111	0.892477496580504	0.983592979190845
Aphanizomenonaceae	0.854814192340035	0.920652030152363	0.906427445449021	0.954749179113032	0.978862728808264	0.995122447934649
Aphanothecaceae	0.872568898196157	0.986912433093294	0.981508488314459	0.959504225013214	0.992305397208558	0.995122447934649
Aquificaceae	0.531559835999868	0.767739497902934	0.640271368169242	0.834578239043456	0.925876265839745	0.981228503400236
Archaeoglobaceae	0.546197782988184	0.713518420333284	0.896871096747449	0.837435005010247	0.913550697985918	0.995122447934649
Archangiaceae	0.18300945359095	0.158852093165063	0.313764216881558	0.563377282357613	0.642928444923854	0.981228503400236
Ardenticatenaceae	0.16543137800631	0.119367028900837	0.228550939559891	0.556466981538563	0.642928444923854	0.981228503400236
Arenaviridae	0.0592658040697816	0.0818246734407677	0.185943219447902	0.555675635295672	0.642928444923854	0.981228503400236
Aspergillaceae	0.0827532862381214	0.169303342711112	0.166226318062051	0.555675635295672	0.642928444923854	0.981228503400236
Aspiviridae	0.0381231987775825	0.478508624237573	0.490604857343429	0.555675635295672	0.797996255526103	0.981228503400236
Atopobiaceae	0.270269281901225	0.0820304233972995	0.254806662372544	0.637558306023404	0.642928444923854	0.981228503400236
Aurantimonadaceae	0.0883777840318241	0.113504769856207	0.276852845186422	0.555675635295672	0.642928444923854	0.981228503400236
Azonexaceae	0.571546354390084	0.167883748877215	0.42615296224662	0.839412400564549	0.642928444923854	0.981228503400236
Bacillaceae	0.902285818629375	0.804820148915552	0.967638992272428	0.959656593224306	0.930606910877023	0.995122447934649
Bacteriovoracaceae	0.783497372454618	0.770511630689313	0.975557428497279	0.946162383537294	0.925876265839745	0.995122447934649
Bacteroidaceae	0.0206823739747959	0.42328945936231	0.531232417566171	0.555675635295672	0.748537708861433	0.981228503400236
Baekduiaceae	0.0482897190069106	0.0486737780968779	0.117656267984579	0.555675635295672	0.642928444923854	0.981228503400236
Barnesiellaceae	0.147946022157093	0.203454006401989	0.672669706172357	0.555675635295672	0.642928444923854	0.981228503400236
Bartonellaceae	0.887246663362749	0.659365717158922	0.643388623851701	0.959656593224306	0.896162331944677	0.981228503400236
Bdellovibrionaceae	0.267506205037924	0.246302134081003	0.297915048801186	0.636480280952301	0.659252614125743	0.981228503400236
Beijerinckiaceae	0.482314004942988	0.154118024864336	0.447622982152785	0.799989487210448	0.642928444923854	0.981228503400236
Bernardetiaceae	0.23462110686687	0.437978047585821	0.845303097154203	0.602376051118662	0.763776072130677	0.983592979190845
Beutenbergiaceae	0.117840784764221	0.103157790951978	0.277111692551645	0.555675635295672	0.642928444923854	0.981228503400236
Bifidobacteriaceae	0.0404624482492972	0.584844191845027	0.517366132481139	0.555675635295672	0.866889761793114	0.981228503400236
Blattabacteriaceae	0.739569388608216	0.566529846132766	0.683899219908047	0.933562710031397	0.865754657267063	0.981228503400236
Bogoriellaceae	0.145776055836209	0.14194558411095	0.343588089239073	0.555675635295672	0.642928444923854	0.981228503400236
Borreliaceae	0.982738016764635	0.502513205945273	0.86184479030491	0.98631160955287	0.805072566044343	0.983592979190845
Brachyspiraceae	0.569396604154443	0.395972036049085	0.738352307325544	0.839412400564549	0.731025297321387	0.983061367593258
Bradymonadaceae	0.0313355843129225	0.153565889971431	0.235210945073361	0.555675635295672	0.642928444923854	0.981228503400236
Bradyrhizobiaceae	0.102756228532556	0.218826397973068	0.429575189648148	0.555675635295672	0.652930657735857	0.981228503400236
Brevibacteriaceae	0.155278494745197	0.190300424531882	0.3570369979491	0.556466981538563	0.642928444923854	0.981228503400236
Brucellaceae	0.367307279120965	0.319894713770496	0.587941958196556	0.731962520125533	0.671414000004996	0.981228503400236
Budviciaceae	0.194353454646294	0.156721995654158	0.648220953865609	0.582596271268302	0.642928444923854	0.981228503400236
Burkholderiaceae	0.175414941988091	0.163395754639572	0.450841963948526	0.558116315078978	0.642928444923854	0.981228503400236
Caedimonadaceae	0.939025757589198	0.527034320674492	0.655364904309275	0.974327477799318	0.833590100321833	0.981228503400236
Caldilineaceae	0.449601108686153	0.286621042289219	0.753305923244223	0.79013149706647	0.663157768054269	0.983061367593258
Caldisphaeraceae	0.279355461985152	0.191371108168005	0.317311427778411	0.642503191444039	0.642928444923854	0.981228503400236
Calditrichaceae	0.225819040937362	0.480332878746955	0.249240756917566	0.602376051118662	0.798625750205781	0.981228503400236
Calotrichaceae	0.945559166292169	0.834594250826277	0.976122469571733	0.976508917966331	0.936049530426942	0.995122447934649
Campylobacteraceae	0.796558625596245	0.868261757594117	0.91723412667752	0.946162383537294	0.946282214240443	0.995122447934649
Candidatus Brocadiaceae	0.950610341794549	0.906892295025368	0.828321281825946	0.97861778156737	0.970163850492254	0.983061367593258
Candidatus Deianiraeaceae	0.750096290976133	0.0895661472351503	0.828860452593472	0.937204657506163	0.642928444923854	0.983061367593258
Candidatus Methanomethylophilaceae	0.0921106721401808	0.141455845877559	0.254607686099589	0.555675635295672	0.642928444923854	0.981228503400236
Candidatus Midichloriaceae	0.742452952361926	0.75244550277345	0.681467737517317	0.933562710031397	0.925876265839745	0.981228503400236
Candidatus Nanopelagicaceae	0.717912169706945	0.316711425160693	0.297290009811556	0.928073811892819	0.671414000004996	0.981228503400236
Candidatus Nitrosocaldaceae	0.575031179835429	0.12656944481464	0.457473832746917	0.839412400564549	0.642928444923854	0.981228503400236
Candidatus Paracaedibacteraceae	0.47812524312085	0.580945247030989	0.556422295813562	0.799989487210448	0.866889761793114	0.981228503400236
Cardiobacteriaceae	0.133879970154409	0.183597984681391	0.66648093468536	0.555675635295672	0.642928444923854	0.981228503400236
Carnobacteriaceae	0.575059063002223	0.965342196125853	0.629687860049606	0.839412400564549	0.985995327979276	0.981228503400236
Casimicrobiaceae	0.0282614870711102	0.0746174319593369	0.289548479204589	0.555675635295672	0.642928444923854	0.981228503400236
Catenulisporaceae	0.0576341613848968	0.0241744463076721	0.14951365642467	0.555675635295672	0.642928444923854	0.981228503400236
Caulobacteraceae	0.0625377277557494	0.0824032905967299	0.223337206669276	0.555675635295672	0.642928444923854	0.981228503400236
Cellulomonadaceae	0.261292192669491	0.212589669189876	0.330152816854073	0.636480280952301	0.64477745820226	0.981228503400236
Cellvibrionaceae	0.570795595104136	0.675507757598041	0.764978319391888	0.839412400564549	0.902857826135881	0.983061367593258
Chaetomiaceae	0.151590760754523	0.199263845082736	0.503354753137113	0.556466981538563	0.642928444923854	0.981228503400236
Chamaesiphonaceae	0.629152100714761	0.831688772368275	0.659202608108985	0.875699427549141	0.935954227826819	0.981228503400236
Chelatococcaceae	0.0229908611568704	0.238357960095885	0.470749920879706	0.555675635295672	0.659252614125743	0.981228503400236
Chitinophagaceae	0.851734367598475	0.808403132117944	0.944897633824932	0.953906302401895	0.930606910877023	0.995122447934649
Chlamydiaceae	0.262853925765961	0.382394324522619	0.463474628859987	0.636480280952301	0.715531075038934	0.981228503400236
Chlorobiaceae	0.275544355012816	0.469553421525627	0.835215083337924	0.641137202858737	0.790224050860202	0.983061367593258
Chloroflexaceae	0.407272861679253	0.643947446665486	0.627312264341258	0.759703309170064	0.892477496580504	0.981228503400236
Christensenellaceae	0.845839987835389	0.814281047017395	0.27715610515856	0.953906302401895	0.930606910877023	0.981228503400236
Chromatiaceae	0.288482278298001	0.351416922096204	0.487477754878304	0.647326087888197	0.683035707736284	0.981228503400236
Chromobacteriaceae	0.159758238672021	0.207969034683902	0.505073525415073	0.556466981538563	0.642928444923854	0.981228503400236
Chroococcaceae	0.246799707329379	0.799472616294805	0.371648490881473	0.620926471654268	0.930606910877023	0.981228503400236
Chroococcidiopsidaceae	0.966539599149873	0.828596954814474	0.684394192801275	0.98075341678443	0.935954227826819	0.981228503400236
Chrysiogenaceae	0.315936495216044	0.139036103203368	0.289284772082349	0.668187530112093	0.642928444923854	0.981228503400236
Chthonomonadaceae	0.214147865698489	0.360726060095811	0.539208893195802	0.594018200329476	0.688999256653591	0.981228503400236
Clavicipitaceae	0.293129223422732	0.588296677538626	0.707844786128392	0.649633361172958	0.866889761793114	0.982489681381512
Clostridiaceae	0.46520423287428	0.547035730180293	0.735386642489795	0.79013149706647	0.850602036787385	0.983061367593258
Clostridiales Family XIII. Incertae Sedis	0.703942696991054	0.988852900134627	0.980449051743614	0.917590382134947	0.992448728862389	0.995122447934649
Clostridiales Family XVI. Incertae Sedis	0.381223946240494	0.307651355304032	0.372411337897474	0.733262523241849	0.670856184548289	0.981228503400236
Clostridiales Family XVII. Incertae Sedis	0.0472700487544269	0.0338526524338825	0.0883210848948219	0.555675635295672	0.642928444923854	0.981228503400236
Cohaesibacteraceae	0.0781794090389735	0.356656000667981	0.446626179846832	0.555675635295672	0.6859725169642	0.981228503400236
Coleofasciculaceae	0.0353632229706807	0.0172993090775984	0.148423366890405	0.555675635295672	0.642928444923854	0.981228503400236
Colwelliaceae	0.781758254079964	0.688730383192538	0.677774661072382	0.946162383537294	0.911274218772337	0.981228503400236
Comamonadaceae	0.0552911724293787	0.126572809982332	0.220759005216046	0.555675635295672	0.642928444923854	0.981228503400236
Conexibacteraceae	0.127487595813125	0.275658265129741	0.708462573642758	0.555675635295672	0.660112368731179	0.982489681381512
Coprothermobacteraceae	0.0520437180608979	0.424397375503399	0.555725192124572	0.555675635295672	0.748537708861433	0.981228503400236
Coriobacteriaceae	0.814179587282997	0.935097223532271	0.714412157884829	0.946162383537294	0.981790486494091	0.982489681381512
Corynebacteriaceae	0.315659207674885	0.175749354973069	0.408041938764487	0.668187530112093	0.642928444923854	0.981228503400236
Coxiellaceae	0.547121301380151	0.770950987749093	0.978296255725007	0.837435005010247	0.925876265839745	0.995122447934649
Crocinitomicaceae	0.757093220614531	0.278365164396489	0.217029315577926	0.939135860178025	0.660112368731179	0.981228503400236
Cryomorphaceae	0.58711296662619	0.245274394296203	0.603314229425875	0.839412400564549	0.659252614125743	0.981228503400236
Cryptococcaceae	0.851948925877055	0.86961867693808	0.970445593414128	0.953906302401895	0.946282214240443	0.995122447934649
Cuniculiplasmataceae	0.88967333548097	0.61286037504393	0.913039449578298	0.959656593224306	0.88328701572911	0.995122447934649
Cyanobacteriaceae	0.760343290686218	0.710613901582998	0.607174434466191	0.941021593382635	0.913550697985918	0.981228503400236
Cyanothecaceae	0.135055342939902	0.0296734862756397	0.0436987213484737	0.555675635295672	0.642928444923854	0.981228503400236
Cyclobacteriaceae	0.579720529015999	0.807831913447048	0.76452479707652	0.839412400564549	0.930606910877023	0.983061367593258
Cytophagaceae	0.461696902313801	0.99753915508318	0.764001631953851	0.79013149706647	0.99753915508318	0.983061367593258
Debaryomycetaceae	0.121746930454616	0.498787653632419	0.94946137436887	0.555675635295672	0.802713658323893	0.995122447934649
Deferribacteraceae	0.833601760860553	0.725856310717861	0.818541982492234	0.951410384511053	0.914777816247167	0.983061367593258
Dehalococcoidaceae	0.408753410912154	0.273965316112894	0.477304874144573	0.759703309170064	0.660112368731179	0.981228503400236
Deinococcaceae	0.0803802632692814	0.0581078163957654	0.132044586145748	0.555675635295672	0.642928444923854	0.981228503400236
Dermabacteraceae	0.23245668224479	0.09135047507431	0.193251619040988	0.602376051118662	0.642928444923854	0.981228503400236
Dermacoccaceae	0.118320900089969	0.155532995132968	0.274931411796632	0.555675635295672	0.642928444923854	0.981228503400236
Dermatophilaceae	0.734517969564277	0.20426044831266	0.491967866114836	0.933562710031397	0.642928444923854	0.981228503400236
Dermocarpellaceae	0.790207483059583	0.567759394801951	0.54059521885594	0.946162383537294	0.865754657267063	0.981228503400236
Desulfarculaceae	0.204699409375956	0.271451358762364	0.50401587684342	0.582596271268302	0.660112368731179	0.981228503400236
Desulfobacteraceae	0.221080422020019	0.17626512451299	0.45190943981998	0.602376051118662	0.642928444923854	0.981228503400236
Desulfobulbaceae	0.368741989381117	0.274333553604689	0.321419585371934	0.732178338627255	0.660112368731179	0.981228503400236
Desulfohalobiaceae	0.118236112269037	0.0266294483680599	0.0581919112097761	0.555675635295672	0.642928444923854	0.981228503400236
Desulfomicrobiaceae	0.0995622128627107	0.404848879472284	0.462576618037567	0.555675635295672	0.735120333778622	0.981228503400236
Desulfovibrionaceae	0.306448434825187	0.307503407387279	0.332747686860739	0.66077943759181	0.670856184548289	0.981228503400236
Desulfurellaceae	0.145010438827559	0.781559041415136	0.89597376721547	0.555675635295672	0.925876265839745	0.995122447934649
Desulfurobacteriaceae	0.822853426397948	0.348683626443337	0.457598520355974	0.949427463853648	0.680177762983802	0.981228503400236
Desulfurococcaceae	0.479117765953844	0.733398254384356	0.526992704270448	0.799989487210448	0.915918181946073	0.981228503400236
Desulfuromonadaceae	0.256052345581708	0.382066852317646	0.57376018977332	0.630986137326353	0.715531075038934	0.981228503400236
Dictyoglomaceae	0.547459598258658	0.653190051845152	0.788026936785678	0.837435005010247	0.892477496580504	0.983061367593258
Dietziaceae	0.650354454059696	0.562570311724561	0.685540630597901	0.884965661810297	0.862607811310993	0.981228503400236
Dipodascaceae	0.463968803977994	0.334745401167406	0.654607813955144	0.79013149706647	0.679887122369139	0.981228503400236
Dysgonamonadaceae	0.519556516192548	0.00352759330741632	0.028745552310002	0.828887852422794	0.642928444923854	0.981228503400236
Ectothiorhodospiraceae	0.0628956922471464	0.0949972248564495	0.310420694202299	0.555675635295672	0.642928444923854	0.981228503400236
Eggerthellaceae	0.459502151228301	0.493769047752312	0.781439196474056	0.79013149706647	0.802713658323893	0.983061367593258
Egibacteraceae	0.26618746929373	0.214989105634209	0.344866161489921	0.636480280952301	0.648491728470401	0.981228503400236
Egicoccaceae	0.0440620629266	0.143957451467575	0.446438807836203	0.555675635295672	0.642928444923854	0.981228503400236
Elusimicrobiaceae	0.850017349994198	0.729433735092107	0.774390204737692	0.953906302401895	0.91547084535587	0.983061367593258
Emcibacteraceae	0.230949474697968	0.317689310004516	0.441464489297866	0.602376051118662	0.671414000004996	0.981228503400236
Endomicrobiaceae	0.496357425043485	0.772453990044974	0.617934136245896	0.803487679249277	0.925876265839745	0.981228503400236
Endozoicomonadaceae	0.86713759640684	0.348410006053106	0.727617669071053	0.95923838319955	0.680177762983802	0.983061367593258
Enterobacteriaceae	0.961790673743711	0.440980639027504	0.411867342587078	0.979664060717433	0.765475826236421	0.981228503400236
Enterococcaceae	0.387139129311646	0.778345000200243	0.374092563466167	0.739449132802866	0.925876265839745	0.981228503400236
Entomoplasmataceae	0.205849386375547	0.451077133612323	0.852109471293903	0.582596271268302	0.777665545658313	0.983592979190845
Erwiniaceae	0.448716940511915	0.317585061523312	0.512039468980912	0.79013149706647	0.671414000004996	0.981228503400236
Erysipelotrichaceae	0.651990583778404	0.312519635798772	0.343433742569871	0.884965661810297	0.671414000004996	0.981228503400236
Erythrobacteraceae	0.198582421555205	0.245136332644342	0.446566130466611	0.582596271268302	0.659252614125743	0.981228503400236
Eubacteriaceae	0.431768425247394	0.327259094434586	0.69141673541923	0.77717006111835	0.675539044283105	0.981228503400236
Euzebyaceae	0.0515418204824323	0.252103715958676	0.236229565915839	0.555675635295672	0.660112368731179	0.981228503400236
Ferrimonadaceae	0.243194809664189	0.716823811508368	0.725453694397874	0.61579603181024	0.913550697985918	0.983061367593258
Ferroplasmaceae	0.542180792004182	0.801764644525223	0.661290914606953	0.837435005010247	0.930606910877023	0.981228503400236
Fervidicoccaceae	0.589340847886608	0.102787808201434	0.951187647182482	0.839412400564549	0.642928444923854	0.995122447934649
Fervidobacteriaceae	0.277593825150794	0.594686277698545	0.606234238663623	0.641137202858737	0.87073428458779	0.981228503400236
Fibrobacteraceae	0.209094852216311	0.193584335238515	0.446751531621576	0.582931103148505	0.642928444923854	0.981228503400236
Fimbriimonadaceae	0.293828592659015	0.239634385656771	0.906915317893133	0.649633361172958	0.659252614125743	0.995122447934649
Flammeovirgaceae	0.973496445292694	0.436356408387077	0.456181526036346	0.983385239331319	0.763776072130677	0.981228503400236
Flavobacteriaceae	0.56025677180637	0.208125395382494	0.459538286831642	0.839412400564549	0.642928444923854	0.981228503400236
Francisellaceae	0.806212288106908	0.542307370652176	0.577464423909852	0.946162383537294	0.845631832203394	0.981228503400236
Frankiaceae	0.474818764750451	0.250242379411413	0.390247647547302	0.799989487210448	0.660112368731179	0.981228503400236
Fusobacteriaceae	0.179583878873681	0.0765136724466301	0.73089029516642	0.563240347376544	0.642928444923854	0.983061367593258
Gallionellaceae	0.225531997026997	0.293069157100098	0.569372376734941	0.602376051118662	0.663567784119803	0.981228503400236
Gemmataceae	0.14353248194275	0.244801888392493	0.347987970053968	0.555675635295672	0.659252614125743	0.981228503400236
Gemmatimonadaceae	0.0699435716928621	0.0661216972767407	0.225721125178707	0.555675635295672	0.642928444923854	0.981228503400236
Geobacteraceae	0.253513062924169	0.180718893594003	0.481762350161817	0.627530092978213	0.642928444923854	0.981228503400236
Geodermatophilaceae	0.103662601865213	0.113652207876325	0.429638146000752	0.555675635295672	0.642928444923854	0.981228503400236
Gloeobacteraceae	0.164879189967469	0.137433988687135	0.199845925371204	0.556466981538563	0.642928444923854	0.981228503400236
Gloeomargaritaceae	0.0853225807009914	0.413413473815004	0.480929638951776	0.555675635295672	0.743336278651083	0.981228503400236
Glomerellaceae	0.0640774484501038	0.14687929684613	0.252915096735135	0.555675635295672	0.642928444923854	0.981228503400236
Glycomycetaceae	0.0127511037411258	0.0217273039628396	0.0340980241546374	0.555675635295672	0.642928444923854	0.981228503400236
Gomontiellaceae	0.986965261153367	0.627601062345717	0.809359643204466	0.988756486672701	0.892477496580504	0.983061367593258
Gordoniaceae	0.125723768559993	0.0535683653151695	0.237480854422506	0.555675635295672	0.642928444923854	0.981228503400236
Gottschalkiaceae	0.8261462645386	0.531034404291665	0.824202053391254	0.949427463853648	0.835131028971508	0.983061367593258
Granulosicoccaceae	0.374692717957472	0.901114248419053	0.95186230476841	0.733262523241849	0.967733589741863	0.995122447934649
Hafniaceae	0.331248405168776	0.869944306177157	0.580640707578735	0.692610301716532	0.946282214240443	0.981228503400236
Hahellaceae	0.284005033899177	0.0493714307425507	0.146341193112956	0.642503191444039	0.642928444923854	0.981228503400236
Halanaerobiaceae	0.790198243870136	0.848281883374016	0.804429238381895	0.946162383537294	0.944055644400115	0.983061367593258
Halieaceae	0.509004489158226	0.369124236993169	0.428161350870605	0.819155912581168	0.700194428935496	0.981228503400236
Haliscomenobacteraceae	0.587711074391701	0.673712729882304	0.593850619945239	0.839412400564549	0.902644240036485	0.981228503400236
Haloarculaceae	0.05862593793626	0.0255730677426055	0.150986757932246	0.555675635295672	0.642928444923854	0.981228503400236
Halobacteriaceae	0.0825160911902111	0.107226463372358	0.131978544402096	0.555675635295672	0.642928444923854	0.981228503400236
Halobacteriovoraceae	0.68783665902095	0.94507437845563	0.831859953890354	0.913711174805111	0.983717213453912	0.983061367593258
Halobacteroidaceae	0.560179165204554	0.575324358202276	0.806727577346288	0.839412400564549	0.866889761793114	0.983061367593258
Haloferacaceae	0.684418377201599	0.156281672181404	0.373681866981716	0.912557836268798	0.642928444923854	0.981228503400236
Halomonadaceae	0.197054902207517	0.202126766544738	0.397537076757707	0.582596271268302	0.642928444923854	0.981228503400236
Halorubraceae	0.125945864286403	0.208257985101213	0.503806457507146	0.555675635295672	0.642928444923854	0.981228503400236
Halothiobacillaceae	0.225404281318884	0.553830971612916	0.488839819421577	0.602376051118662	0.853951665727178	0.981228503400236
Hapalosiphonaceae	0.698076158177289	0.801923252569003	0.566706750841546	0.917590382134947	0.930606910877023	0.981228503400236
Helicobacteraceae	0.863026631269548	0.914259877364948	0.895770057717848	0.956894864081739	0.976153679507643	0.995122447934649
Heliobacteriaceae	0.170857232817357	0.0427834033438489	0.123163541890114	0.556466981538563	0.642928444923854	0.981228503400236
Holosporaceae	0.168478994535189	0.948971715841532	0.684572196602929	0.556466981538563	0.983717213453912	0.981228503400236
Hungateiclostridiaceae	0.708140403604144	0.680645429571334	0.885845199418013	0.917590382134947	0.906524878406918	0.995122447934649
Hydrogenophilaceae	0.962288755320796	0.778630565463206	0.402083788704203	0.979664060717433	0.925876265839745	0.981228503400236
Hydrogenothermaceae	0.526403790816276	0.923267668615274	0.975817407749349	0.834169292220514	0.978862728808264	0.995122447934649
Hyellaceae	0.608066042900521	0.457549257778176	0.731076282507413	0.8584461782125	0.780151236608837	0.983061367593258
Hymenobacteraceae	0.189768122230955	0.327535808522689	0.427861800009265	0.572415319516325	0.675539044283105	0.981228503400236
Hyphomicrobiaceae	0.0963236219943019	0.13172355107394	0.32225738420053	0.555675635295672	0.642928444923854	0.981228503400236
Hyphomonadaceae	0.0648044515934819	0.15193297055489	0.28537072267164	0.555675635295672	0.642928444923854	0.981228503400236
Iamiaceae	0.0800168244763182	0.146164709787692	0.267366367591448	0.555675635295672	0.642928444923854	0.981228503400236
Ichthyobacteriaceae	0.411114952549714	0.297488529039922	0.971331285161569	0.760007709365156	0.670259869510355	0.995122447934649
Idiomarinaceae	0.550940982084221	0.958017351327575	0.872321186012634	0.838428469578692	0.985995327979276	0.988750091743273
Ignavibacteriaceae	0.674765712781114	0.579922890837424	0.586585185521983	0.904055032658192	0.866889761793114	0.981228503400236
Ilumatobacteraceae	0.0835266695377417	0.0711073854702818	0.253455015794929	0.555675635295672	0.642928444923854	0.981228503400236
Immundisolibacteraceae	0.0773715835057461	0.124972231951125	0.399756056195365	0.555675635295672	0.642928444923854	0.981228503400236
Intrasporangiaceae	0.198376652991473	0.0856496099449385	0.28577038462992	0.582596271268302	0.642928444923854	0.981228503400236
Isosphaeraceae	0.0730357541264714	0.188317606848386	0.43833323213353	0.555675635295672	0.642928444923854	0.981228503400236
Jiangellaceae	0.144433412671118	0.123803178456583	0.416818062032674	0.555675635295672	0.642928444923854	0.981228503400236
Jonesiaceae	0.386620186577704	0.739013069599364	0.636321811394364	0.739449132802866	0.916987013627368	0.981228503400236
Kangiellaceae	0.47049444290657	0.859868293229175	0.298580505379074	0.796665437068793	0.945592625797202	0.981228503400236
Kineosporiaceae	0.28356915860568	0.0801552257101456	0.354488760265043	0.642503191444039	0.642928444923854	0.981228503400236
Kiritimatiellaceae	0.0493259061363438	0.0363109802597142	0.128345825154342	0.555675635295672	0.642928444923854	0.981228503400236
Kofleriaceae	0.261405883718019	0.587324165924514	0.938104086144038	0.636480280952301	0.866889761793114	0.995122447934649
Kosmotogaceae	0.787896243236029	0.602480902330964	0.663335788711757	0.946162383537294	0.877491973843515	0.981228503400236
Ktedonosporobacteraceae	0.311228130302218	0.0700735792082176	0.180998214270117	0.668187530112093	0.642928444923854	0.981228503400236
Labilitrichaceae	0.96369127711878	0.975108203539579	0.700343964706009	0.979664060717433	0.987632529089629	0.982489681381512
Lachnospiraceae	0.491297891602068	0.665610768949008	0.351426577566412	0.799989487210448	0.898330426552206	0.981228503400236
Lacipirellulaceae	0.0576328628909245	0.305150366152323	0.204872237393797	0.555675635295672	0.670856184548289	0.981228503400236
Lactobacillaceae	0.0542940872830138	0.937058231074427	0.990177232001112	0.555675635295672	0.981790486494091	0.996791190175782
Legionellaceae	0.899125202892474	0.705430712216507	0.83519895590367	0.959656593224306	0.913550697985918	0.983061367593258
Leptolyngbyaceae	0.700134263754411	0.487620874510904	0.863021020803511	0.917590382134947	0.801091436696485	0.983592979190845
Leptospiraceae	0.857890566739246	0.968133093776752	0.762586737382084	0.954749179113032	0.985995327979276	0.983061367593258
Leptotrichiaceae	0.527400512653912	0.576141896295781	0.63448384125399	0.834169292220514	0.866889761793114	0.981228503400236
Leuconostocaceae	0.482167795612925	0.690215340093179	0.541910947409109	0.799989487210448	0.911274218772337	0.981228503400236
Lichenihabitantaceae	0.453273403956807	0.950754596730157	0.991906961377724	0.79013149706647	0.983717213453912	0.996791190175782
Limnochordaceae	0.281766452756791	0.178377258415337	0.380470917529117	0.642503191444039	0.642928444923854	0.981228503400236
Listeriaceae	0.613654905364225	0.93732533764925	0.900390636936627	0.864126295308807	0.981790486494091	0.995122447934649
Litoricolaceae	0.635425333859388	0.282221954747388	0.445758041234625	0.881293427865282	0.660112368731179	0.981228503400236
Magnetococcaceae	0.314441447237703	0.878564506791581	0.854616458635955	0.668187530112093	0.949255347259126	0.983592979190845
Malasseziaceae	0.0593572203824887	0.644334097643092	0.729316663131953	0.555675635295672	0.892477496580504	0.983061367593258
Marinifilaceae	0.666738270220943	0.199841048480904	0.277730560246764	0.897657378443807	0.642928444923854	0.981228503400236
Marinilabiliaceae	0.575902780267455	0.358997924239132	0.853529745999157	0.839412400564549	0.68807935479167	0.983592979190845
Mariprofundaceae	0.532194819100175	0.221545249695218	0.715326936484336	0.834578239043456	0.657489128127744	0.982489681381512
Melioribacteraceae	0.751713854937421	0.588847174008528	0.532388209899732	0.937204657506163	0.866889761793114	0.981228503400236
Merismopediaceae	0.164318083846702	0.225642671354007	0.330466200642242	0.556466981538563	0.659252614125743	0.981228503400236
Mesoaciditogaceae	0.584803744793425	0.766690071520583	0.541223101148878	0.839412400564549	0.925876265839745	0.981228503400236
Methanobacteriaceae	0.529417156937071	0.323341461516296	0.786945195713669	0.834578239043456	0.675539044283105	0.983061367593258
Methanocaldococcaceae	0.538837399246615	0.652333562673401	0.977785736785868	0.837435005010247	0.892477496580504	0.995122447934649
Methanocellaceae	0.922770774213548	0.21869094351884	0.513074051558017	0.964827522229694	0.652930657735857	0.981228503400236
Methanococcaceae	0.807077281090835	0.767338664706087	0.952324051621289	0.946162383537294	0.925876265839745	0.995122447934649
Methanocorpusculaceae	0.9464352737536	0.9647854860993	0.764992312265205	0.976508917966331	0.985995327979276	0.983061367593258
Methanomassiliicoccaceae	0.829029053582352	0.556192298093161	0.642903528041658	0.949427463853648	0.855203756399512	0.981228503400236
Methanomicrobiaceae	0.901931969621526	0.242603266400701	0.738469364848343	0.959656593224306	0.659252614125743	0.983061367593258
Methanopyraceae	0.799947466927253	0.712260626713308	0.317815607398291	0.946162383537294	0.913550697985918	0.981228503400236
Methanoregulaceae	0.183709983377483	0.327979101209913	0.160433912768985	0.563377282357613	0.675539044283105	0.981228503400236
Methanosarcinaceae	0.813333479819663	0.890194527573883	0.758013803959466	0.946162383537294	0.957870134933301	0.983061367593258
Methanospirillaceae	0.623484035874346	0.253977122513382	0.332078460428721	0.873510628940709	0.660112368731179	0.981228503400236
Methanothermaceae	0.372808541552839	0.696149020317505	0.293383583201412	0.733262523241849	0.913550697985918	0.981228503400236
Methanotrichaceae	0.0480729813740735	0.0393139010294078	0.0905990672169058	0.555675635295672	0.642928444923854	0.981228503400236
Methylacidiphilaceae	0.247600873997692	0.252105713244812	0.464448383321139	0.620926471654268	0.660112368731179	0.981228503400236
Methylobacteriaceae	0.140646888383629	0.1734027010678	0.406760789987235	0.555675635295672	0.642928444923854	0.981228503400236
Methylococcaceae	0.229956934162479	0.420204822585389	0.87580071006442	0.602376051118662	0.748537708861433	0.990659819581065
Methylocystaceae	0.218903264293391	0.175012284039624	0.413240872129765	0.601167173581849	0.642928444923854	0.981228503400236
Methylophilaceae	0.652377218340602	0.336601363175947	0.593179539315999	0.884965661810297	0.679887122369139	0.981228503400236
Microbacteriaceae	0.301670600731513	0.143104557225342	0.330701272542276	0.66077943759181	0.642928444923854	0.981228503400236
Microbulbiferaceae	0.136683701674205	0.191253204413033	0.221619590848061	0.555675635295672	0.642928444923854	0.981228503400236
Micrococcaceae	0.574739981812679	0.107723473290209	0.142273173912118	0.839412400564549	0.642928444923854	0.981228503400236
Microcoleaceae	0.418755254574146	0.475297271401895	0.675895652113837	0.762054154507093	0.797459251713817	0.981228503400236
Microcystaceae	0.692569145491025	0.776940822736544	0.915920184367163	0.914588919404416	0.925876265839745	0.995122447934649
Micromonosporaceae	0.120508738570008	0.0986936034449606	0.258140441670693	0.555675635295672	0.642928444923854	0.981228503400236
Moraxellaceae	0.642683935244295	0.606076958683955	0.606311059583334	0.882491373768285	0.878095751164155	0.981228503400236
Morganellaceae	0.816550913979802	0.731381599278874	0.823720651901066	0.946924589321115	0.91547084535587	0.983061367593258
Moritellaceae	0.813619839137437	0.983682753781206	0.978168420977972	0.946162383537294	0.9908629198672	0.995122447934649
Muribaculaceae	0.293278499687215	0.17526036609579	0.740008061815147	0.649633361172958	0.642928444923854	0.983061367593258
Mycobacteriaceae	0.154743320885605	0.12323328446235	0.324065598801383	0.556466981538563	0.642928444923854	0.981228503400236
Mycoplasmataceae	0.763422887129057	0.977648212662106	0.700429239517259	0.941021593382635	0.988162541200531	0.982489681381512
Mycosphaerellaceae	0.571711614139138	0.404442865891684	0.70793858674176	0.839412400564549	0.735120333778622	0.982489681381512
Myxococcaceae	0.15263472257849	0.0712792597353003	0.182445730593553	0.556466981538563	0.642928444923854	0.981228503400236
Nairoviridae	0.294218007777608	0.846532188485687	0.256311030432176	0.649633361172958	0.944055644400115	0.981228503400236
Nakamurellaceae	0.252933550290671	0.0345424927836321	0.299332773104611	0.627530092978213	0.642928444923854	0.981228503400236
Natranaerobiaceae	0.887029396093203	0.582319077075806	0.821030002694643	0.959656593224306	0.866889761793114	0.983061367593258
Natrialbaceae	0.0955805540837176	0.0727067887622229	0.208412866332375	0.555675635295672	0.642928444923854	0.981228503400236
Nautiliaceae	0.889084630037839	0.647141895530673	0.928611379996026	0.959656593224306	0.892477496580504	0.995122447934649
Nectriaceae	0.977368135559607	0.875020991156986	0.86741684414427	0.984502209541794	0.9489422143785	0.985214193349047
Neisseriaceae	0.17325557823991	0.491709178338898	0.610426809830847	0.557727390668743	0.802713658323893	0.981228503400236
Nitrosomonadaceae	0.882367979926542	0.82157675315051	0.910822199200207	0.959656593224306	0.935072923173364	0.995122447934649
Nitrosopumilaceae	0.077605047376615	0.454633698092501	0.45630034593125	0.555675635295672	0.779372053872859	0.981228503400236
Nitrososphaeraceae	0.837018057980559	0.609266099947567	0.53684475498825	0.952647356711894	0.880405463798579	0.981228503400236
Nitrospiraceae	0.625840893068471	0.301717758435909	0.523498932250143	0.874592842971636	0.670856184548289	0.981228503400236
Nocardiaceae	0.137690451678849	0.076054188627805	0.220451808246616	0.555675635295672	0.642928444923854	0.981228503400236
Nocardioidaceae	0.147978837660261	0.116630720749576	0.258981565217609	0.555675635295672	0.642928444923854	0.981228503400236
Nocardiopsaceae	0.165243088142257	0.0827496064613681	0.170997208206465	0.556466981538563	0.642928444923854	0.981228503400236
Nostocaceae	0.922878499524055	0.949115526193568	0.831291679294465	0.964827522229694	0.983717213453912	0.983061367593258
Oceanospirillaceae	0.640464216932792	0.647495242479483	0.863407977349131	0.881636528047136	0.892477496580504	0.983592979190845
Odoribacteraceae	0.080472147971777	0.647754474202726	0.53927393745898	0.555675635295672	0.892477496580504	0.981228503400236
Oleiphilaceae	0.740908570896554	0.467208621615989	0.997860657945236	0.933562710031397	0.790224050860202	0.997860657945236
Opitutaceae	0.182604944892499	0.149923578926898	0.247950714787619	0.563377282357613	0.642928444923854	0.981228503400236
Orbaceae	0.639814048540082	0.776721535641832	0.918952247097712	0.881636528047136	0.925876265839745	0.995122447934649
Oscillatoriaceae	0.539028941655201	0.754548585266541	0.99498540903416	0.837435005010247	0.925876265839745	0.996791190175782
Oscillospiraceae	0.168450554865876	0.122820259729872	0.106281890045447	0.556466981538563	0.642928444923854	0.981228503400236
Oxalobacteraceae	0.15614597819827	0.13168841611664	0.321336680078853	0.556466981538563	0.642928444923854	0.981228503400236
Paenibacillaceae	0.580405876424017	0.240528662829443	0.689351310412655	0.839412400564549	0.659252614125743	0.981228503400236
Paludibacteraceae	0.45259313903141	0.0190133659672863	0.175758547960001	0.79013149706647	0.642928444923854	0.981228503400236
Parachlamydiaceae	0.8568008256167	0.847440535431472	0.934146729708253	0.954749179113032	0.944055644400115	0.995122447934649
Paramyxoviridae	0.921751684402102	0.494326570131743	0.308033973944803	0.964827522229694	0.802713658323893	0.981228503400236
Parvularculaceae	0.0180429159075817	0.0568527716975987	0.0931991549506667	0.555675635295672	0.642928444923854	0.981228503400236
Pasteurellaceae	0.842973930985657	0.259684357909459	0.176353488680649	0.953906302401895	0.660112368731179	0.981228503400236
Pectobacteriaceae	0.41239764493411	0.348714324138435	0.487149393571093	0.760007709365156	0.680177762983802	0.981228503400236
Pelagibacteraceae	0.266251598924723	0.591727801981437	0.857613327229598	0.636480280952301	0.868706773121684	0.983592979190845
Peptococcaceae	0.547670356537498	0.281136313279501	0.534055718318521	0.837435005010247	0.660112368731179	0.981228503400236
Peptoniphilaceae	0.484797642300315	0.836000758153048	0.754194735445469	0.799989487210448	0.936049530426942	0.983061367593258
Peptostreptococcaceae	0.652501855718824	0.409251291005083	0.764416618223567	0.884965661810297	0.740677746343625	0.983061367593258
Peribunyaviridae	0.920816297242341	0.264229796206033	0.69148168083821	0.964827522229694	0.660112368731179	0.981228503400236
Petrotogaceae	0.503268020543485	0.633171699534774	0.673455941692627	0.812292243684221	0.892477496580504	0.981228503400236
Phaffomycetaceae	0.792959766651506	0.61843976018117	0.802005887806893	0.946162383537294	0.886698045766249	0.983061367593258
Phenuiviridae	0.406715366746751	0.648883519442523	0.202014121407371	0.759703309170064	0.892477496580504	0.981228503400236
Phycisphaeraceae	0.116948165661404	0.325781255193134	0.308066136551018	0.555675635295672	0.675539044283105	0.981228503400236
Phyllobacteriaceae	0.133762146166819	0.130092853027589	0.384373405973009	0.555675635295672	0.642928444923854	0.981228503400236
Pichiaceae	0.660228439506962	0.799186179458581	0.58768679524065	0.891066255764897	0.930606910877023	0.981228503400236
Picrophilaceae	0.812344696105325	0.392583370973651	0.687877831593543	0.946162383537294	0.727201412004883	0.981228503400236
Pirellulaceae	0.902176579049072	0.307865840654109	0.518317000924506	0.959656593224306	0.670856184548289	0.981228503400236
Piscirickettsiaceae	0.458667859590139	0.737285699258818	0.97205141712917	0.79013149706647	0.916987013627368	0.995122447934649
Planctomycetaceae	0.681109796888262	0.496831611470311	0.823257871347438	0.910345297535886	0.802713658323893	0.983061367593258
Planococcaceae	0.796523822046092	0.811683085306654	0.968308074815764	0.946162383537294	0.930606910877023	0.995122447934649
Polyangiaceae	0.171190372627258	0.247219730297154	0.484692990459515	0.556466981538563	0.659252614125743	0.981228503400236
Porphyromonadaceae	0.849952582859828	0.057649082257101	0.591913704052987	0.953906302401895	0.642928444923854	0.981228503400236
Prevotellaceae	0.168455418544064	0.487044008495611	0.835643613506711	0.556466981538563	0.801091436696485	0.983061367593258
Prochloraceae	0.805360334041764	0.971746811040147	0.675445706915515	0.946162383537294	0.986037205320149	0.981228503400236
Prochlorotrichaceae	0.752804550099391	0.281271054620384	0.506651849128885	0.937204657506163	0.660112368731179	0.981228503400236
Prolixibacteraceae	0.182257730441574	0.0332740838267033	0.285605873455834	0.563377282357613	0.642928444923854	0.981228503400236
Promicromonosporaceae	0.205853465828358	0.0849393526155907	0.152815751324057	0.582596271268302	0.642928444923854	0.981228503400236
Propionibacteriaceae	0.490014844157302	0.0203654419469573	0.334947575051236	0.799989487210448	0.642928444923854	0.981228503400236
Pseudanabaenaceae	0.543153356740344	0.347661988036905	0.517470043759948	0.837435005010247	0.680177762983802	0.981228503400236
Pseudoalteromonadaceae	0.791126229539897	0.928436651608246	0.833681676842582	0.946162383537294	0.978862728808264	0.983061367593258
Pseudomonadaceae	0.118886671860435	0.0831897795854134	0.268575886254829	0.555675635295672	0.642928444923854	0.981228503400236
Pseudonocardiaceae	0.131126692447984	0.122467296924401	0.282009242829918	0.555675635295672	0.642928444923854	0.981228503400236
Psychromonadaceae	0.584840250023346	0.780776858094437	0.940899090017334	0.839412400564549	0.925876265839745	0.995122447934649
Puniceicoccaceae	0.240678168336403	0.308691070426205	0.435073499620132	0.612232022680619	0.670856184548289	0.981228503400236
Pyriculariaceae	0.425748415387221	0.140870436810274	0.494531715845757	0.770534837028676	0.642928444923854	0.981228503400236
Pyrodictiaceae	0.398772548591191	0.259333921283027	0.269432840124948	0.753843995966909	0.660112368731179	0.981228503400236
Rhabdoviridae	0.725587279078541	0.0635680266939273	0.0790128447219231	0.933562710031397	0.642928444923854	0.981228503400236
Rhizobiaceae	0.186166940676158	0.232971549972356	0.50812955845786	0.567757741730603	0.659252614125743	0.981228503400236
Rhodanobacteraceae	0.169576534157992	0.316667429904463	0.547866997163162	0.556466981538563	0.671414000004996	0.981228503400236
Rhodobacteraceae	0.0892220029408316	0.106280704862007	0.296630314344227	0.555675635295672	0.642928444923854	0.981228503400236
Rhodobiaceae	0.336041324430607	0.264621784558253	0.715508789701753	0.693694524703057	0.660112368731179	0.982489681381512
Rhodocyclaceae	0.0340082207455046	0.0612225405692306	0.11375496954284	0.555675635295672	0.642928444923854	0.981228503400236
Rhodospirillaceae	0.0532267360603995	0.115067113926814	0.291769699885667	0.555675635295672	0.642928444923854	0.981228503400236
Rhodothermaceae	0.160415939506254	0.230023223877151	0.430276643096164	0.556466981538563	0.659252614125743	0.981228503400236
Rickettsiaceae	0.377896659433207	0.581775775800426	0.453034144851273	0.733262523241849	0.866889761793114	0.981228503400236
Rikenellaceae	0.0750810526469717	0.186833974551368	0.264912173948563	0.555675635295672	0.642928444923854	0.981228503400236
Rivulariaceae	0.797340384946011	0.854457068725488	0.736275940199021	0.946162383537294	0.945592625797202	0.983061367593258
Roseiflexaceae	0.139835688664918	0.157699984290209	0.312983300283547	0.555675635295672	0.642928444923854	0.981228503400236
Ruaniaceae	0.114535780669285	0.0359316506587407	0.187457890348078	0.555675635295672	0.642928444923854	0.981228503400236
Rubrobacteraceae	0.206024974950252	0.147524361816612	0.284931556545993	0.582596271268302	0.642928444923854	0.981228503400236
Ruminococcaceae	0.0897870630034177	0.12614059774286	0.78896237474954	0.555675635295672	0.642928444923854	0.983061367593258
Saccharomycetaceae	0.349640982330912	0.539668168140882	0.297568578258865	0.712183845928648	0.843900364911521	0.981228503400236
Saccharospirillaceae	0.118057065371823	0.0757606468983664	0.0793959624263798	0.555675635295672	0.642928444923854	0.981228503400236
Salinisphaeraceae	0.104981895762139	0.262075102649129	0.413955023242276	0.555675635295672	0.660112368731179	0.981228503400236
Salinivirgaceae	0.490548409033449	0.412738784038988	0.69937720226101	0.799989487210448	0.743336278651083	0.982489681381512
Sandaracinaceae	0.171375700836152	0.0864785501355895	0.0625907064369351	0.556466981538563	0.642928444923854	0.981228503400236
Sanguibacteraceae	0.0755385438428154	0.0192953040363808	0.064607382490242	0.555675635295672	0.642928444923854	0.981228503400236
Saprospiraceae	0.740732255446735	0.832395637885929	0.638373680877651	0.933562710031397	0.935954227826819	0.981228503400236
Schizosaccharomycetaceae	0.112912533009674	0.731158113948243	0.599417147004126	0.555675635295672	0.91547084535587	0.981228503400236
Sclerotiniaceae	0.391514295118146	0.952904942400639	0.918688857182992	0.745227210017988	0.983717213453912	0.995122447934649
Scytonemataceae	0.900592534976492	0.929210271549874	0.980610154027579	0.959656593224306	0.978862728808264	0.995122447934649
Sedimentisphaeraceae	0.333236611459346	0.172183206717661	0.575190032448215	0.69286822301014	0.642928444923854	0.981228503400236
Segniliparaceae	0.0213258023090559	0.00425769564490853	0.00641767176510044	0.555675635295672	0.642928444923854	0.981228503400236
Selenomonadaceae	0.407629077170812	0.260820475480831	0.619563364695378	0.759703309170064	0.660112368731179	0.981228503400236
Shewanellaceae	0.572932909940657	0.660443588750014	0.735800878174544	0.839412400564549	0.896162331944677	0.983061367593258
Silvanigrellaceae	0.0917606556298184	0.126919590751413	0.473144988805399	0.555675635295672	0.642928444923854	0.981228503400236
Simkaniaceae	0.26922164885525	0.705650755250741	0.857191237630691	0.637558306023404	0.913550697985918	0.983592979190845
Sinobacteraceae	0.314135345696704	0.808736106272092	0.946927079377332	0.668187530112093	0.930606910877023	0.995122447934649
Solibacteraceae	0.403363160518553	0.336676455403728	0.805072271843168	0.759703309170064	0.679887122369139	0.983061367593258
Sordariaceae	0.135452309698401	0.643592886465005	0.130998066821451	0.555675635295672	0.892477496580504	0.981228503400236
Sphaerobacteraceae	0.0380234252625022	0.206437922387903	0.354583530010805	0.555675635295672	0.642928444923854	0.981228503400236
Sphingobacteriaceae	0.587385206087348	0.241011252683487	0.377864611543495	0.839412400564549	0.659252614125743	0.981228503400236
Sphingomonadaceae	0.100879812583846	0.177432235062983	0.372792487934483	0.555675635295672	0.642928444923854	0.981228503400236
Spirochaetaceae	0.637043493982055	0.380017612357667	0.651803381151254	0.881323330020286	0.715531075038934	0.981228503400236
Spiroplasmataceae	0.59002175981711	0.61657454331936	0.838721605732045	0.839412400564549	0.886325906021581	0.983061367593258
Spongiibacteraceae	0.962885259653078	0.468756937947189	0.909153848745089	0.979664060717433	0.790224050860202	0.995122447934649
Sporichthyaceae	0.088245095933268	0.343954790227344	0.398722089140771	0.555675635295672	0.680177762983802	0.981228503400236
Sporolactobacillaceae	0.418432289334514	0.385347089529404	0.823753186688296	0.762054154507093	0.71862024804132	0.983061367593258
Sporomusaceae	0.94314545884252	0.278152334556453	0.504641308112902	0.976508917966331	0.660112368731179	0.981228503400236
Staphylococcaceae	0.560356887700108	0.74363096920981	0.928852266057581	0.839412400564549	0.920368374448016	0.995122447934649
Steroidobacteraceae	0.0138076486893309	0.338620677427273	0.540579669700648	0.555675635295672	0.679887122369139	0.981228503400236
Sterolibacteriaceae	0.0261376204452542	0.042008805287974	0.198837120571876	0.555675635295672	0.642928444923854	0.981228503400236
Streptococcaceae	0.827551959231057	0.796193732191836	0.682992527372866	0.949427463853648	0.930606910877023	0.981228503400236
Streptomycetaceae	0.140480329592455	0.12162725214728	0.304811536649493	0.555675635295672	0.642928444923854	0.981228503400236
Streptosporangiaceae	0.0533089117477979	0.0523123029604684	0.171506569025422	0.555675635295672	0.642928444923854	0.981228503400236
Succinivibrionaceae	0.234245868854645	0.702614566750733	0.898188165559519	0.602376051118662	0.913550697985918	0.995122447934649
Sulfolobaceae	0.287758597727154	0.684513254185374	0.755651575687395	0.647326087888197	0.908296433438285	0.983061367593258
Sutterellaceae	0.00768843775676663	0.717896110406814	0.984044712610944	0.555675635295672	0.913550697985918	0.995122447934649
Symbiobacteriaceae	0.0476335397515957	0.0590859018970488	0.199868453854741	0.555675635295672	0.642928444923854	0.981228503400236
Synechococcaceae	0.302551753520729	0.0941112249808609	0.361267119937987	0.66077943759181	0.642928444923854	0.981228503400236
Synergistaceae	0.333882150943292	0.329955053015347	0.425812837361731	0.69286822301014	0.677082487972013	0.981228503400236
Syntrophaceae	0.997881384316633	0.718262686459943	0.831974176004975	0.997881384316633	0.913550697985918	0.983061367593258
Syntrophobacteraceae	0.538646081573247	0.97921179354473	0.694490131578943	0.837435005010247	0.988162541200531	0.982489681381512
Syntrophomonadaceae	0.618405867001562	0.605907943127483	0.752867353460308	0.868600607086164	0.878095751164155	0.983061367593258
Tannerellaceae	0.0627243582733656	0.135781197824059	0.593789859315803	0.555675635295672	0.642928444923854	0.981228503400236
Tepidiformaceae	0.0476221031031225	0.0345225895661387	0.153588342667568	0.555675635295672	0.642928444923854	0.981228503400236
Thermaceae	0.34907406772523	0.304773542742667	0.586844103931026	0.712183845928648	0.670856184548289	0.981228503400236
Thermoactinomycetaceae	0.344983127799435	0.161259594413384	0.631311734119542	0.70792076782635	0.642928444923854	0.981228503400236
Thermoanaerobacteraceae	0.875923578676938	0.495828776226843	0.763459972148423	0.959656593224306	0.802713658323893	0.983061367593258
Thermoanaerobacterales Family III. Incertae Sedis	0.90745434640578	0.827910352826899	0.936777784941954	0.963088193531682	0.935954227826819	0.995122447934649
Thermoanaerobacterales Family IV. Incertae Sedis	0.37889891950502	0.281041711870266	0.471298418910805	0.733262523241849	0.660112368731179	0.981228503400236
Thermococcaceae	0.419681998134341	0.339943561184569	0.649409222849824	0.762054154507093	0.679887122369139	0.981228503400236
Thermodesulfobacteriaceae	0.895927643124329	0.438617780553305	0.804431216368775	0.959656593224306	0.763776072130677	0.983061367593258
Thermodesulfobiaceae	0.202076304622639	0.962733841370318	0.443617116774654	0.582596271268302	0.985995327979276	0.981228503400236
Thermofilaceae	0.232007726765785	0.27980148906951	0.575548509553046	0.602376051118662	0.660112368731179	0.981228503400236
Thermoguttaceae	0.753838528863653	0.45222942057304	0.448291206128079	0.937204657506163	0.777665545658313	0.981228503400236
Thermomicrobiaceae	0.275177259941942	0.319871459963352	0.426582535228904	0.641137202858737	0.671414000004996	0.981228503400236
Thermomonosporaceae	0.0137117590251444	0.014026131978613	0.0722278752961146	0.555675635295672	0.642928444923854	0.981228503400236
Thermoplasmataceae	0.464698255637755	0.97063690196868	0.519565619539545	0.79013149706647	0.986037205320149	0.981228503400236
Thermoproteaceae	0.738300977743561	0.748945739236805	0.644631012696963	0.933562710031397	0.924872590735383	0.981228503400236
Thermotogaceae	0.824862747356543	0.878749062408357	0.791542642394362	0.949427463853648	0.949255347259126	0.983061367593258
Thioalkalibacteraceae	0.0355041065669819	0.0776988018909713	0.239727382090856	0.555675635295672	0.642928444923854	0.981228503400236
Thioalkalispiraceae	0.819817708185611	0.457914856270405	0.550952464743389	0.948719863560707	0.780151236608837	0.981228503400236
Thiobacillaceae	0.305800594433031	0.650506274759542	0.76948002120608	0.66077943759181	0.892477496580504	0.983061367593258
Thiotrichaceae	0.79448572493151	0.739237719319164	0.802220874557891	0.946162383537294	0.916987013627368	0.983061367593258
Tissierellaceae	0.70705536667359	0.861407052484912	0.990862178242512	0.917590382134947	0.945592625797202	0.996791190175782
Tolypothrichaceae	0.974477764337376	0.664728972614341	0.901737405308721	0.983385239331319	0.898330426552206	0.995122447934649
Tospoviridae	0.486429710179898	0.504628818571273	0.407902884567674	0.799989487210448	0.805072566044343	0.981228503400236
Trichocomaceae	0.768841917781827	0.803581757671764	0.794367768578545	0.941021593382635	0.930606910877023	0.983061367593258
Trichomonascaceae	0.840611866639681	0.959379656231246	0.412049128519759	0.953906302401895	0.985995327979276	0.981228503400236
Trueperaceae	0.264041561178086	0.799427844148047	0.974992377523005	0.636480280952301	0.930606910877023	0.995122447934649
Tsukamurellaceae	0.175927968883591	0.209993708851361	0.478428041441793	0.558116315078978	0.642928444923854	0.981228503400236
Unclassified Acidobacteria Phylum	0.336793718515252	0.810856291095743	0.77812785788152	0.693694524703057	0.930606910877023	0.983061367593258
Unclassified Acidobacteriia Class	0.201378300129232	0.858073268303992	0.498453500364301	0.582596271268302	0.945592625797202	0.981228503400236
Unclassified Actinobacteria Class	0.465163181168414	0.15082096254909	0.37269707005479	0.79013149706647	0.642928444923854	0.981228503400236
Unclassified Actinobacteria Phylum	0.894609157559794	0.277607092431248	0.657999805971571	0.959656593224306	0.660112368731179	0.981228503400236
Unclassified Alphaproteobacteria Class	0.0505740736141453	0.234722159181186	0.446017386381135	0.555675635295672	0.659252614125743	0.981228503400236
Unclassified Alteromonadales Order	0.359320452534529	0.766269599222261	0.864207599470217	0.726538057872015	0.925876265839745	0.983592979190845
Unclassified Aquificales Order	0.0731591751639617	0.681535914019694	0.452180862289863	0.555675635295672	0.906524878406918	0.981228503400236
Unclassified Armatimonadetes Phylum	0.0301097955438951	0.0950200021496416	0.196863395391841	0.555675635295672	0.642928444923854	0.981228503400236
Unclassified Ascomycota Phylum	0.112540081299661	0.0625182538000987	0.0362146456483719	0.555675635295672	0.642928444923854	0.981228503400236
Unclassified Bacillales Order	0.414424493693681	0.967253379200329	0.984305899587533	0.760007709365156	0.985995327979276	0.995122447934649
Unclassified Bacilli Class	0.587067565584076	0.888703426236973	0.811118962656974	0.839412400564549	0.957870134933301	0.983061367593258
Unclassified Bacteriovoracales Order	0.171333899528662	0.49871782259376	0.574013072033582	0.556466981538563	0.802713658323893	0.981228503400236
Unclassified Bacteroidales Order	0.0668251278870755	0.273049711732859	0.720671283430052	0.555675635295672	0.660112368731179	0.983061367593258
Unclassified Bacteroidetes Phylum	0.147295584266663	0.0765806878929712	0.656437937836757	0.555675635295672	0.642928444923854	0.981228503400236
Unclassified Bacteroidia Class	0.516722565769379	0.00528034416012557	0.308301703122331	0.826756105231007	0.642928444923854	0.981228503400236
Unclassified Balneolaeota Phylum	0.448839593534516	0.525389336000948	0.806296042283861	0.79013149706647	0.833376188139435	0.983061367593258
Unclassified Basidiomycota Phylum	0.378051113868713	0.660757371560659	0.428153815494232	0.733262523241849	0.896162331944677	0.981228503400236
Unclassified Betaproteobacteria Class	0.123093607765423	0.237223999015491	0.549599456794271	0.555675635295672	0.659252614125743	0.981228503400236
Unclassified Blastocatellia Class	0.0876835658040689	0.832524503374942	0.854575324548623	0.555675635295672	0.935954227826819	0.983592979190845
Unclassified Bradymonadales Order	0.305398532431348	0.205994860129752	0.539169366078846	0.66077943759181	0.642928444923854	0.981228503400236
Unclassified Burkholderiales Order	0.0407692916731035	0.155540845320528	0.347699816147893	0.555675635295672	0.642928444923854	0.981228503400236
Unclassified Campylobacterales Order	0.580666275414725	0.75630365257335	0.838807797348595	0.839412400564549	0.925876265839745	0.983061367593258
Unclassified Candidatus Bipolaricaulota Phylum	0.0583901800883569	0.0219989029191424	0.080382855611008	0.555675635295672	0.642928444923854	0.981228503400236
Unclassified Candidatus Cloacimonetes Phylum	0.935811732795031	0.853545520438759	0.464621694414123	0.972821236351897	0.945592625797202	0.981228503400236
Unclassified Candidatus Gracilibacteria Phylum	0.913363582082299	0.759629139631044	0.900463307312605	0.963088193531682	0.925876265839745	0.995122447934649
Unclassified Candidatus Korarchaeota Phylum	0.280549253293493	0.388412325324631	0.182316841591231	0.642503191444039	0.721897655148809	0.981228503400236
Unclassified Candidatus Micrarchaeota Phylum	0.454234316355452	0.869191792876088	0.226523643690965	0.79013149706647	0.946282214240443	0.981228503400236
Unclassified Candidatus Saccharibacteria Phylum	0.372549372424328	0.504399323771499	0.268524635194595	0.733262523241849	0.805072566044343	0.981228503400236
Unclassified Cellvibrionales Order	0.455082306246901	0.346047137623958	0.387517777435626	0.79013149706647	0.680177762983802	0.981228503400236
Unclassified Chlamydiia Class	0.248595562021002	0.0313333839590921	0.463135825317358	0.620926471654268	0.642928444923854	0.981228503400236
Unclassified Chloroflexi Phylum	0.0801905996533327	0.306833955119085	0.622252761273524	0.555675635295672	0.670856184548289	0.981228503400236
Unclassified Chromatiales Order	0.00951920047374434	0.0324716088769012	0.111968290207844	0.555675635295672	0.642928444923854	0.981228503400236
Unclassified Chroococcales Order	0.395088381545808	0.793815996302945	0.790905959920269	0.749446002107512	0.930606910877023	0.983061367593258
Unclassified Clostridia Class	0.741587172338981	0.424442577669617	0.662196147476153	0.933562710031397	0.748537708861433	0.981228503400236
Unclassified Clostridiales Order	0.786554110273739	0.414781210239974	0.810498352118171	0.946162383537294	0.74337411705346	0.983061367593258
Unclassified Coriobacteriales Order	0.980155165994731	0.376144002786447	0.503053873521672	0.985511205153173	0.711066744993558	0.981228503400236
Unclassified Coriobacteriia Class	0.55742373886619	0.463920809578615	0.660417281637543	0.839412400564549	0.787951651961217	0.981228503400236
Unclassified Corynebacteriales Order	0.910669740220045	0.301188263467821	0.368712285348213	0.963088193531682	0.670856184548289	0.981228503400236
Unclassified Cyanobacteria Phylum	0.629805566552552	0.703048836296619	0.855987803746099	0.875699427549141	0.913550697985918	0.983592979190845
Unclassified Cytophagales Order	0.266674422642072	0.511408906125961	0.353394450649729	0.636480280952301	0.813538086978473	0.981228503400236
Unclassified Dehalococcoidia Class	0.0946564044913414	0.209345801338371	0.476398773623717	0.555675635295672	0.642928444923854	0.981228503400236
Unclassified Deinococcales Order	0.551357852277292	0.487573271853689	0.550369456066429	0.838428469578692	0.801091436696485	0.981228503400236
Unclassified Deinococci Class	0.606247035622264	0.363482625824107	0.151018161978994	0.858072727342281	0.691870377430713	0.981228503400236
Unclassified Deltaproteobacteria Class	0.0849727667237752	0.189218155262047	0.184910325204354	0.555675635295672	0.642928444923854	0.981228503400236
Unclassified Desulfobacterales Order	0.646800854614408	0.0416090831670719	0.0568568336740349	0.884965661810297	0.642928444923854	0.981228503400236
Unclassified Desulfovibrionales Order	0.448883671514424	0.651991122103859	0.970365379080916	0.79013149706647	0.892477496580504	0.995122447934649
Unclassified Desulfuromonadales Order	0.483346167525994	0.723370493631132	0.652711800569822	0.799989487210448	0.9145816270787	0.981228503400236
Unclassified Elusimicrobia Phylum	0.722590944320558	0.579134489009557	0.890921547319576	0.931939722581654	0.866889761793114	0.995122447934649
Unclassified Enterobacterales Order	0.36348299830199	0.247187488549927	0.0977975750324877	0.729609509318903	0.659252614125743	0.981228503400236
Unclassified Entomoplasmatales Order	0.901717136464271	0.855950657284389	0.302964457088878	0.959656593224306	0.945592625797202	0.981228503400236
Unclassified Epsilonproteobacteria Class	0.767729152289581	0.722669505784704	0.467226869548063	0.941021593382635	0.9145816270787	0.981228503400236
Unclassified Euryarchaeota Phylum	0.326955649118715	0.339419149352862	0.259277396729334	0.686233909937378	0.679887122369139	0.981228503400236
Unclassified Firmicutes Phylum	0.739437799954204	0.703053315368535	0.927021887066433	0.933562710031397	0.913550697985918	0.995122447934649
Unclassified Flavobacteriales Order	0.460888761857994	0.078998293627047	0.38573255583078	0.79013149706647	0.642928444923854	0.981228503400236
Unclassified Frankiales Order	0.207369698939304	0.35460094814025	0.242615453461629	0.582596271268302	0.684404627179784	0.981228503400236
Unclassified Fusobacteriales Order	0.914235893859785	0.701970165782029	0.535686527153764	0.963088193531682	0.913550697985918	0.981228503400236
Unclassified Gammaproteobacteria Class	0.178449226637587	0.205314444099362	0.296469421595174	0.562879846308275	0.642928444923854	0.981228503400236
Unclassified Halanaerobiales Order	0.480459675689635	0.400913615716777	0.414419318709825	0.799989487210448	0.732795747932652	0.981228503400236
Unclassified Halobacteria Class	0.0292348851432863	0.0718870110172412	0.233479218740782	0.555675635295672	0.642928444923854	0.981228503400236
Unclassified Halobacteriales Order	0.237453612224726	0.588919675131191	0.158277306358398	0.606825897907634	0.866889761793114	0.981228503400236
Unclassified Haloferacales Order	0.0126208022515788	0.05591672144688	0.0673180261933183	0.555675635295672	0.642928444923854	0.981228503400236
Unclassified Ignavibacteriales Order	0.046485831783113	0.260094489587388	0.0263377130009882	0.555675635295672	0.660112368731179	0.981228503400236
Unclassified Kiritimatiellaeota Phylum	0.0817944185055166	0.0100496818897489	0.032420734723375	0.555675635295672	0.642928444923854	0.981228503400236
Unclassified Lactobacillales Order	0.146066498531889	0.783304739397031	0.970025204099707	0.555675635295672	0.925876265839745	0.995122447934649
Unclassified Legionellales Order	0.872592610428684	0.0491600149593036	0.284289198382453	0.959504225013214	0.642928444923854	0.981228503400236
Unclassified Marinilabiliales Order	0.863285583899829	0.0309159999965168	0.687397261502806	0.956894864081739	0.642928444923854	0.981228503400236
Unclassified Methanococcales Order	0.957541175040207	0.71636685705401	0.334598241843431	0.979664060717433	0.913550697985918	0.981228503400236
Unclassified Methanomassiliicoccales Order	0.487832939520075	0.820522610120191	0.713405015248945	0.799989487210448	0.935072923173364	0.982489681381512
Unclassified Methanomicrobia Class	0.741506036625344	0.400715781291509	0.929110195145586	0.933562710031397	0.732795747932652	0.995122447934649
Unclassified Methanomicrobiales Order	0.355491936373282	0.293316194429768	0.505465566812068	0.721439517934013	0.663567784119803	0.981228503400236
Unclassified Micrococcales Order	0.276730296385173	0.173687305502424	0.459631213179665	0.641137202858737	0.642928444923854	0.981228503400236
Unclassified Mollicutes Class	0.764556860780704	0.724043788103971	0.335146491744265	0.941021593382635	0.9145816270787	0.981228503400236
Unclassified Myxococcales Order	0.103580769031125	0.117172075993523	0.246027404426007	0.555675635295672	0.642928444923854	0.981228503400236
Unclassified Negativicutes Class	0.381034786431396	0.270277899239854	0.555552471916384	0.733262523241849	0.660112368731179	0.981228503400236
Unclassified Neisseriales Order	0.0530730918006401	0.0919307446055869	0.00996580840705497	0.555675635295672	0.642928444923854	0.981228503400236
Unclassified Nitriliruptoria Class	0.928567586318137	0.314331684240667	0.832524706152343	0.967300533376109	0.671414000004996	0.983061367593258
Unclassified Nitrosomonadales Order	0.305788875356939	0.57858707046463	0.945134996877631	0.66077943759181	0.866889761793114	0.995122447934649
Unclassified Nostocales Order	0.889883558903822	0.484196647211947	0.710080885204834	0.959656593224306	0.801091436696485	0.982489681381512
Unclassified Oceanospirillales Order	0.366389396126642	0.991103751901662	0.266244800916275	0.731962520125533	0.992902488293498	0.981228503400236
Unclassified Opitutae Class	0.753747034544623	0.170323458027525	0.627482678514192	0.937204657506163	0.642928444923854	0.981228503400236
Unclassified Oscillatoriales Order	0.413356084837357	0.943477571154594	0.994020106130159	0.760007709365156	0.983717213453912	0.996791190175782
Unclassified Parachlamydiales Order	0.138880177384612	0.054433593846028	0.0145539081960126	0.555675635295672	0.642928444923854	0.981228503400236
Unclassified Phycisphaerae Class	0.0598938986649399	0.0983419890512597	0.65816548760491	0.555675635295672	0.642928444923854	0.981228503400236
Unclassified Planctomycetales Order	0.325037090599477	0.421998053948301	0.778590459280493	0.684810969507296	0.748537708861433	0.983061367593258
Unclassified Planctomycetes Phylum	0.361087826807173	0.314154355474873	0.512215295108545	0.727447008750217	0.671414000004996	0.981228503400236
Unclassified Planctomycetia Class	0.111105364140179	0.207491796431041	0.35074151104085	0.555675635295672	0.642928444923854	0.981228503400236
Unclassified Propionibacteriales Order	0.226542143838131	0.049107797919615	0.351324356187938	0.602376051118662	0.642928444923854	0.981228503400236
Unclassified Proteobacteria Phylum	0.142533094478905	0.223576968452319	0.42002274593599	0.555675635295672	0.659252614125743	0.981228503400236
Unclassified Pseudomonadales Order	0.0614500529495579	0.952900087682904	0.623375863112138	0.555675635295672	0.983717213453912	0.981228503400236
Unclassified Rhizobiales Order	0.0930167980817437	0.289319334078091	0.488381675890293	0.555675635295672	0.663567784119803	0.981228503400236
Unclassified Rhodobacterales Order	0.0439733318988808	0.202186760175178	0.16558675029247	0.555675635295672	0.642928444923854	0.981228503400236
Unclassified Rhodocyclales Order	0.0804770053820175	0.168354351067186	0.569088823175024	0.555675635295672	0.642928444923854	0.981228503400236
Unclassified Rhodospirillales Order	0.161475334845572	0.399488489623558	0.757281727611783	0.556466981538563	0.732795747932652	0.983061367593258
Unclassified Rickettsiales Order	0.115101566170229	0.652331104745022	0.772502681000035	0.555675635295672	0.892477496580504	0.983061367593258
Unclassified Saccharomycetales Order	0.227187443367973	0.00289289361744976	0.0173645895599978	0.602376051118662	0.642928444923854	0.981228503400236
Unclassified Sedimentisphaerales Order	0.136538107842866	0.0434244953811798	0.243597825231475	0.555675635295672	0.642928444923854	0.981228503400236
Unclassified Selenomonadales Order	0.972905263388532	0.539308759615783	0.970756204580398	0.983385239331319	0.843900364911521	0.995122447934649
Unclassified Silvanigrellales Order	0.146839933589305	0.451677422098245	0.324930221146034	0.555675635295672	0.777665545658313	0.981228503400236
Unclassified Sordariales Order	0.793250793847896	0.596526478555526	0.443005272540696	0.946162383537294	0.871118032176323	0.981228503400236
Unclassified Sordariomycetes Class	0.851406633012886	0.928879264973052	0.160963914196848	0.953906302401895	0.978862728808264	0.981228503400236
Unclassified Spartobacteria Class	0.0866815155543766	0.0373766839184111	0.916634279927287	0.555675635295672	0.642928444923854	0.995122447934649
Unclassified Sphingomonadales Order	0.13157467033772	0.287128091603207	0.567452170789388	0.555675635295672	0.663157768054269	0.981228503400236
Unclassified Spirochaetales Order	0.273254161131174	0.782532065088751	0.770284050318862	0.641137202858737	0.925876265839745	0.983061367593258
Unclassified Spirochaetia Class	0.705909781665889	0.529331758332975	0.222882161855671	0.917590382134947	0.834831801713721	0.981228503400236
Unclassified Streptosporangiales Order	0.674262093232566	0.164821029210509	0.213774939161855	0.904055032658192	0.642928444923854	0.981228503400236
Unclassified Synechococcales Order	0.228319256664451	0.814049324382988	0.618693847606264	0.602376051118662	0.930606910877023	0.981228503400236
Unclassified Tenericutes Phylum	0.729171596122877	0.824053335828907	0.56706252593035	0.933562710031397	0.935954227826819	0.981228503400236
Unclassified Thaumarchaeota Phylum	0.795051835953459	0.953421574633774	0.689268841687762	0.946162383537294	0.983717213453912	0.981228503400236
Unclassified Thermoanaerobacterales Order	0.698421261875362	0.287008010638325	0.470670850472969	0.917590382134947	0.663157768054269	0.981228503400236
Unclassified Thermomicrobia Class	0.20440960083975	0.240943086774835	0.311030881385433	0.582596271268302	0.659252614125743	0.981228503400236
Unclassified Thermoplasmata Class	0.888104773503654	0.257848927471673	0.779265935281834	0.959656593224306	0.660112368731179	0.983061367593258
Unclassified Thermoplasmatales Order	0.00942499576269806	0.0277303746635339	0.131228094318786	0.555675635295672	0.642928444923854	0.981228503400236
Unclassified Thermotogae Class	0.871941397072029	0.120300569203421	0.607072963163258	0.959504225013214	0.642928444923854	0.981228503400236
Unclassified Thermotogales Order	0.515807608056302	0.275237882339014	0.845228785849272	0.826756105231007	0.660112368731179	0.983592979190845
Unclassified Tissierellales Order	0.690249202706035	0.691709959539147	0.250801833888665	0.913711174805111	0.911274218772337	0.981228503400236
Unclassified Tissierellia Class	0.659427878115511	0.668173282860753	0.66875581096009	0.891066255764897	0.899589395461306	0.981228503400236
Unclassified Verrucomicrobia Phylum	0.138961796074083	0.353328172065917	0.395612281293678	0.555675635295672	0.684340880632933	0.981228503400236
Unclassified Verrucomicrobiales Order	0.13630368650989	0.476935590100136	0.12712510176898	0.555675635295672	0.797783168894773	0.981228503400236
Unclassified Victivallales Order	0.0834980309931395	0.206849972456389	0.245424388718606	0.555675635295672	0.642928444923854	0.981228503400236
Unclassified Xanthomonadales Order	0.105203482718839	0.210815305310177	0.450844733920417	0.555675635295672	0.642928444923854	0.981228503400236
Unclassified candidate division Zixibacteria Phylum	0.173784621730116	0.927214264703631	0.927161278319482	0.557727390668743	0.978862728808264	0.995122447934649
Unikaryonidae	0.526109755590771	0.0750236270446172	0.432290562642259	0.834169292220514	0.642928444923854	0.981228503400236
Ustilaginaceae	0.70333123358469	0.550685044380862	0.937792885361197	0.917590382134947	0.853871192410775	0.995122447934649
Vallitaleaceae	0.834207655984329	0.650665752478276	0.797317567544966	0.951410384511053	0.892477496580504	0.983061367593258
Veillonellaceae	0.432230450658213	0.265503009411886	0.358331368054678	0.77717006111835	0.660112368731179	0.981228503400236
Verrucomicrobiaceae	0.13102086813706	0.903963791321155	0.666814852148591	0.555675635295672	0.968908762736462	0.981228503400236
Vibrionaceae	0.910833830150956	0.715705068765615	0.943736250679908	0.963088193531682	0.913550697985918	0.995122447934649
Vicinamibacteraceae	0.0476552506896473	0.0108186906825285	0.0491185534055976	0.555675635295672	0.642928444923854	0.981228503400236
Vulgatibacteraceae	0.232788874336675	0.113868876422792	0.221506553046253	0.602376051118662	0.642928444923854	0.981228503400236
Waddliaceae	0.600113048907809	0.861654149956508	0.14924188002574	0.85157430076378	0.945592625797202	0.981228503400236
Wenzhouxiangellaceae	0.018489273984643	0.0119044839559016	0.0337986335861773	0.555675635295672	0.642928444923854	0.981228503400236
Woeseiaceae	0.565906073048418	0.553208024737461	0.572122207046543	0.839412400564549	0.853951665727178	0.981228503400236
Xanthobacteraceae	0.0517031200691273	0.230102195148221	0.443669441038626	0.555675635295672	0.659252614125743	0.981228503400236
Xanthomonadaceae	0.188551704969616	0.136633395029249	0.332817077058028	0.571871105182571	0.642928444923854	0.981228503400236
Yersiniaceae	0.203920187190731	0.175653349528053	0.284892284297157	0.582596271268302	0.642928444923854	0.981228503400236
Zoogloeaceae	0.129701969677713	0.172737811482745	0.361136632483871	0.555675635295672	0.642928444923854	0.981228503400236
