p-variable	p-treatment	p-interaction	adjusted.p-variable	adjusted.p-treatment	adjusted.p-interaction
Acaryochloridaceae	0.747994033850219	0.867575612869761	0.824211585768945	0.976817676561108	0.993622242825575	0.994625559147417
Acetobacteraceae	0.809831217836736	0.400123559951482	0.413288150796643	0.976817676561108	0.990824850108649	0.994625559147417
Acholeplasmataceae	0.206511116103441	0.949948613774337	0.995132665043614	0.976817676561108	0.993622242825575	0.998377949715451
Acidaminococcaceae	0.0362232463463958	0.191133166509689	0.164898834063766	0.976817676561108	0.990824850108649	0.994625559147417
Acidiferrobacteraceae	0.281450981287167	0.736497357228009	0.671566750802085	0.976817676561108	0.990824850108649	0.994625559147417
Acidilobaceae	0.376792352334358	0.658208710164788	0.570247261961345	0.976817676561108	0.990824850108649	0.994625559147417
Acidimicrobiaceae	0.756292630348147	0.0301260049154919	0.0324962361055921	0.976817676561108	0.990824850108649	0.994625559147417
Acidithiobacillaceae	0.699404920078678	0.552985843814009	0.560660440935808	0.976817676561108	0.990824850108649	0.994625559147417
Acidobacteriaceae	0.819932465043338	0.612831784675719	0.612450371222308	0.976817676561108	0.990824850108649	0.994625559147417
Acidothermaceae	0.328704188972391	0.200377141884886	0.224326495730869	0.976817676561108	0.990824850108649	0.994625559147417
Actinomycetaceae	0.170022185374406	0.556882562638181	0.545631713033725	0.976817676561108	0.990824850108649	0.994625559147417
Actinopolysporaceae	0.511363259484868	0.201073528137278	0.179792532018991	0.976817676561108	0.990824850108649	0.994625559147417
Aerococcaceae	0.444378962153589	0.587448799669289	0.651700456099937	0.976817676561108	0.990824850108649	0.994625559147417
Aeromonadaceae	0.762420090810278	0.417525389627217	0.417780081731316	0.976817676561108	0.990824850108649	0.994625559147417
Akkermansiaceae	0.590244547740781	0.966534598139294	0.949026804267148	0.976817676561108	0.993622242825575	0.996133053176863
Alcaligenaceae	0.625488896542393	0.707030368859093	0.687105412383432	0.976817676561108	0.990824850108649	0.994625559147417
Alcanivoracaceae	0.973775401739594	0.470275959582253	0.501094824234763	0.997160916494552	0.990824850108649	0.994625559147417
Alicyclobacillaceae	0.36489417868431	0.553917220540603	0.51724397195039	0.976817676561108	0.990824850108649	0.994625559147417
Alteromonadaceae	0.89872034566851	0.21382030429672	0.221686075277274	0.980030492658725	0.990824850108649	0.994625559147417
Amoebophilaceae	0.499061886320408	0.776881377362543	0.783026103952657	0.976817676561108	0.990824850108649	0.994625559147417
Anaerohalosphaeraceae	0.585944119294535	0.47296876189645	0.484201588503847	0.976817676561108	0.990824850108649	0.994625559147417
Anaerolineaceae	0.651519401853624	0.378850977031569	0.378148248458494	0.976817676561108	0.990824850108649	0.994625559147417
Anaeromyxobacteraceae	0.542722818032499	0.893502374634558	0.877025707647287	0.976817676561108	0.993622242825575	0.994625559147417
Anaplasmataceae	0.126738704215071	0.874185855199413	0.810297427319601	0.976817676561108	0.993622242825575	0.994625559147417
Aphanizomenonaceae	0.29526634804877	0.27256912006622	0.272711138789011	0.976817676561108	0.990824850108649	0.994625559147417
Aphanothecaceae	0.353051354699719	0.20854745431666	0.237434931550999	0.976817676561108	0.990824850108649	0.994625559147417
Aquificaceae	0.454751346269104	0.541233668114696	0.547055898857099	0.976817676561108	0.990824850108649	0.994625559147417
Archaeoglobaceae	0.151973394884273	0.824205926234694	0.832406289566121	0.976817676561108	0.990824850108649	0.994625559147417
Archangiaceae	0.57199210801737	0.648894678771226	0.630171591233411	0.976817676561108	0.990824850108649	0.994625559147417
Ardenticatenaceae	0.195935531107672	0.514831306887503	0.464805550813193	0.976817676561108	0.990824850108649	0.994625559147417
Arenaviridae	0.441231861712046	0.431611538566252	0.471363065769562	0.976817676561108	0.990824850108649	0.994625559147417
Aspergillaceae	0.945640466528342	0.327403529923956	0.329244247950514	0.982741367001135	0.990824850108649	0.994625559147417
Aspiviridae	0.44221784309073	0.820241142570144	0.860378373950218	0.976817676561108	0.990824850108649	0.994625559147417
Atopobiaceae	0.882026108333698	0.837405506007187	0.869832137345434	0.976817676561108	0.990824850108649	0.994625559147417
Aurantimonadaceae	0.714729744837873	0.184485806548519	0.18695642828364	0.976817676561108	0.990824850108649	0.994625559147417
Azonexaceae	0.814602226591161	0.911303895927963	0.927956816958188	0.976817676561108	0.993622242825575	0.994625559147417
Bacillaceae	0.423481539856164	0.371104619847132	0.394013432900402	0.976817676561108	0.990824850108649	0.994625559147417
Bacteriovoracaceae	0.405140614331589	0.983258300975593	0.985901881114632	0.976817676561108	0.993817700322839	0.996735967720287
Bacteroidaceae	0.67775124916031	0.792430700863853	0.785487418059869	0.976817676561108	0.990824850108649	0.994625559147417
Baekduiaceae	0.450202261418038	0.31700064928754	0.364024559264458	0.976817676561108	0.990824850108649	0.994625559147417
Barnesiellaceae	0.427314135482799	0.872092224025873	0.857113236474395	0.976817676561108	0.993622242825575	0.994625559147417
Bartonellaceae	0.217982482084437	0.294364485315527	0.328808647354704	0.976817676561108	0.990824850108649	0.994625559147417
Bdellovibrionaceae	0.403014331542203	0.158033390733357	0.187828491175294	0.976817676561108	0.990824850108649	0.994625559147417
Beijerinckiaceae	0.840652308024059	0.901921702501168	0.923222864074318	0.976817676561108	0.993622242825575	0.994625559147417
Bernardetiaceae	0.22141275658453	0.644737395676646	0.687750556431035	0.976817676561108	0.990824850108649	0.994625559147417
Beutenbergiaceae	0.644192535484995	0.526620488209506	0.550990475074223	0.976817676561108	0.990824850108649	0.994625559147417
Bifidobacteriaceae	0.829112952577752	0.0790367063702334	0.100668320992974	0.976817676561108	0.990824850108649	0.994625559147417
Blattabacteriaceae	0.207427467170934	0.939698646869943	0.989638697123153	0.976817676561108	0.993622242825575	0.998377949715451
Bogoriellaceae	0.153920074915983	0.467714702684386	0.424821762627165	0.976817676561108	0.990824850108649	0.994625559147417
Borreliaceae	0.0965534695177734	0.920325320428876	0.9800196345831	0.976817676561108	0.993622242825575	0.996263053940831
Brachyspiraceae	0.225345214085375	0.683073472253653	0.722581704146157	0.976817676561108	0.990824850108649	0.994625559147417
Bradymonadaceae	0.193219527963582	0.651967453004159	0.57381701415173	0.976817676561108	0.990824850108649	0.994625559147417
Bradyrhizobiaceae	0.578616849909918	0.660615389112151	0.642881335126866	0.976817676561108	0.990824850108649	0.994625559147417
Brevibacteriaceae	0.431710842480006	0.987446338723612	0.939021651315254	0.976817676561108	0.993817700322839	0.996133053176863
Brucellaceae	0.848281311156746	0.922138731379558	0.945303243773248	0.976817676561108	0.993622242825575	0.996133053176863
Budviciaceae	0.829883734492506	0.292284370894681	0.286732471025348	0.976817676561108	0.990824850108649	0.994625559147417
Burkholderiaceae	0.518637308225315	0.677285681669007	0.652426305553398	0.976817676561108	0.990824850108649	0.994625559147417
Caedimonadaceae	0.96133610446116	0.583335968835241	0.52718985723062	0.989071615911659	0.990824850108649	0.994625559147417
Caldilineaceae	0.996256941166637	0.688166196968724	0.725031778517555	0.998890180302849	0.990824850108649	0.994625559147417
Caldisphaeraceae	0.0242768846107452	0.49948215499147	0.423234245243643	0.976817676561108	0.990824850108649	0.994625559147417
Calditrichaceae	0.137207913556852	0.588371848467118	0.565038699865711	0.976817676561108	0.990824850108649	0.994625559147417
Calotrichaceae	0.0457716091637477	0.892300175133204	0.809116846989463	0.976817676561108	0.993622242825575	0.994625559147417
Campylobacteraceae	0.426345410773591	0.323672227301004	0.304928856906378	0.976817676561108	0.990824850108649	0.994625559147417
Candidatus Brocadiaceae	0.650313414753723	0.555863014503188	0.684114099793484	0.976817676561108	0.990824850108649	0.994625559147417
Candidatus Deianiraeaceae	0.0839357120314754	0.764517376337171	0.848546827105885	0.976817676561108	0.990824850108649	0.994625559147417
Candidatus Methanomethylophilaceae	0.835955283368934	0.350084636791732	0.364440048676008	0.976817676561108	0.990824850108649	0.994625559147417
Candidatus Midichloriaceae	0.0984471328267182	0.438235985743268	0.399641821534209	0.976817676561108	0.990824850108649	0.994625559147417
Candidatus Nanopelagicaceae	0.144429830984438	0.621489143641466	0.697506390497863	0.976817676561108	0.990824850108649	0.994625559147417
Candidatus Nitrosocaldaceae	0.070056502201307	0.0294746884143796	0.0423984110393512	0.976817676561108	0.990824850108649	0.994625559147417
Candidatus Paracaedibacteraceae	0.517886192266219	0.147034169777949	0.141881383483752	0.976817676561108	0.990824850108649	0.994625559147417
Cardiobacteriaceae	0.859492898897738	0.2686682590274	0.295660789841583	0.976817676561108	0.990824850108649	0.994625559147417
Carnobacteriaceae	0.265547548868332	0.681715076610422	0.7051601817452	0.976817676561108	0.990824850108649	0.994625559147417
Casimicrobiaceae	0.859848506176044	0.823327204448427	0.830432346009966	0.976817676561108	0.990824850108649	0.994625559147417
Catenulisporaceae	0.713967910021	0.788244238034237	0.812073429078566	0.976817676561108	0.990824850108649	0.994625559147417
Caulobacteraceae	0.695156268611016	0.719833610316738	0.717730666390283	0.976817676561108	0.990824850108649	0.994625559147417
Cellulomonadaceae	0.421570472580213	0.900296406834258	0.960950287936204	0.976817676561108	0.993622242825575	0.996263053940831
Cellvibrionaceae	0.956850429769717	0.0455828129092123	0.0513730910229822	0.987255022865203	0.990824850108649	0.994625559147417
Chaetomiaceae	0.908039518868029	0.49424641411307	0.50539668743214	0.980030492658725	0.990824850108649	0.994625559147417
Chamaesiphonaceae	0.364772114253272	0.691344581002358	0.70055068504796	0.976817676561108	0.990824850108649	0.994625559147417
Chelatococcaceae	0.263515088407113	0.652721358832826	0.718069511337158	0.976817676561108	0.990824850108649	0.994625559147417
Chitinophagaceae	0.846278839396304	0.354793720357934	0.352480831848809	0.976817676561108	0.990824850108649	0.994625559147417
Chlamydiaceae	0.495584301076485	0.39254089208678	0.333568433924524	0.976817676561108	0.990824850108649	0.994625559147417
Chlorobiaceae	0.544053485307268	0.271024038918207	0.270659063154816	0.976817676561108	0.990824850108649	0.994625559147417
Chloroflexaceae	0.779539267012551	0.343493340916989	0.369029474869523	0.976817676561108	0.990824850108649	0.994625559147417
Christensenellaceae	0.446105085657401	0.588582827716122	0.625711326563819	0.976817676561108	0.990824850108649	0.994625559147417
Chromatiaceae	0.653136884248091	0.620771182854061	0.609950444341292	0.976817676561108	0.990824850108649	0.994625559147417
Chromobacteriaceae	0.669806517411262	0.735406212046313	0.715302215047759	0.976817676561108	0.990824850108649	0.994625559147417
Chroococcaceae	0.566064159611008	0.701145603724389	0.724795506238326	0.976817676561108	0.990824850108649	0.994625559147417
Chroococcidiopsidaceae	0.933721128528943	0.187589506977901	0.182397059285053	0.982741367001135	0.990824850108649	0.994625559147417
Chrysiogenaceae	0.708007711796693	0.74861677500247	0.673511889884669	0.976817676561108	0.990824850108649	0.994625559147417
Chthonomonadaceae	0.82979115910828	0.573188906101982	0.5698765991575	0.976817676561108	0.990824850108649	0.994625559147417
Clavicipitaceae	0.395571563592156	0.381638278553556	0.366172954746535	0.976817676561108	0.990824850108649	0.994625559147417
Clostridiaceae	0.108752952168854	0.818607556267034	0.805900607364333	0.976817676561108	0.990824850108649	0.994625559147417
Clostridiales Family XIII. Incertae Sedis	0.302790048465055	0.593381646997433	0.592849064464549	0.976817676561108	0.990824850108649	0.994625559147417
Clostridiales Family XVI. Incertae Sedis	0.911635609545415	0.610594313598566	0.633933416319613	0.980030492658725	0.990824850108649	0.994625559147417
Clostridiales Family XVII. Incertae Sedis	0.76010599888922	0.827537332628812	0.798634021139495	0.976817676561108	0.990824850108649	0.994625559147417
Cohaesibacteraceae	0.994147019816784	0.961897596160437	0.962408823981383	0.998890180302849	0.993622242825575	0.996263053940831
Coleofasciculaceae	0.433902293333845	0.198517604423066	0.209938559212745	0.976817676561108	0.990824850108649	0.994625559147417
Colwelliaceae	0.878424539486394	0.719857927324518	0.747435471723134	0.976817676561108	0.990824850108649	0.994625559147417
Comamonadaceae	0.499670642443922	0.653262357448938	0.62485372163846	0.976817676561108	0.990824850108649	0.994625559147417
Conexibacteraceae	0.374546501307988	0.84651286351974	0.816540344290982	0.976817676561108	0.990824850108649	0.994625559147417
Coprothermobacteraceae	0.895871855037807	0.193175066598925	0.203005990211421	0.980030492658725	0.990824850108649	0.994625559147417
Coriobacteriaceae	0.757442614350925	0.878703825822154	0.922058761024463	0.976817676561108	0.993622242825575	0.994625559147417
Corynebacteriaceae	0.601676095683703	0.576668972148266	0.568541536590061	0.976817676561108	0.990824850108649	0.994625559147417
Coxiellaceae	0.281737714443173	0.945141622538534	0.871615802022916	0.976817676561108	0.993622242825575	0.994625559147417
Crocinitomicaceae	0.544713707436906	0.396770993222874	0.423294787225888	0.976817676561108	0.990824850108649	0.994625559147417
Cryomorphaceae	0.421547811110081	0.200193582609852	0.190500912050971	0.976817676561108	0.990824850108649	0.994625559147417
Cryptococcaceae	0.549790042329075	0.459746193656551	0.482881804395258	0.976817676561108	0.990824850108649	0.994625559147417
Cuniculiplasmataceae	0.401365657396206	0.931349146406268	0.96468159571163	0.976817676561108	0.993622242825575	0.996263053940831
Cyanobacteriaceae	0.094004496447891	0.18810142563907	0.176870773592423	0.976817676561108	0.990824850108649	0.994625559147417
Cyanothecaceae	0.732252992153323	0.398229849808168	0.392908577965967	0.976817676561108	0.990824850108649	0.994625559147417
Cyclobacteriaceae	0.629811360893672	0.429940498305066	0.437430877677265	0.976817676561108	0.990824850108649	0.994625559147417
Cytophagaceae	0.728341503885588	0.270291129044694	0.270731889209024	0.976817676561108	0.990824850108649	0.994625559147417
Debaryomycetaceae	0.152418360211839	0.85596249174983	0.884892659024247	0.976817676561108	0.990824850108649	0.994625559147417
Deferribacteraceae	0.583467315136812	0.301039219320594	0.316149042694557	0.976817676561108	0.990824850108649	0.994625559147417
Dehalococcoidaceae	0.192449883474078	0.405304309950684	0.348639097460385	0.976817676561108	0.990824850108649	0.994625559147417
Deinococcaceae	0.508929670094038	0.674684620148517	0.64911262529116	0.976817676561108	0.990824850108649	0.994625559147417
Dermabacteraceae	0.355626547351584	0.439565435815582	0.401867450450527	0.976817676561108	0.990824850108649	0.994625559147417
Dermacoccaceae	0.637485836706025	0.798873616868282	0.812337518051575	0.976817676561108	0.990824850108649	0.994625559147417
Dermatophilaceae	0.657993779309758	0.201469956810583	0.231013576780963	0.976817676561108	0.990824850108649	0.994625559147417
Dermocarpellaceae	0.0417992860957217	0.746140547660843	0.889983558500714	0.976817676561108	0.990824850108649	0.994625559147417
Desulfarculaceae	0.927328788328093	0.470646324596135	0.481997558994291	0.982741367001135	0.990824850108649	0.994625559147417
Desulfobacteraceae	0.774243609264081	0.372294018501903	0.369371920105602	0.976817676561108	0.990824850108649	0.994625559147417
Desulfobulbaceae	0.640267097311242	0.128853454034125	0.126018361392886	0.976817676561108	0.990824850108649	0.994625559147417
Desulfohalobiaceae	0.316069488475918	0.8456341694427	0.748748273772851	0.976817676561108	0.990824850108649	0.994625559147417
Desulfomicrobiaceae	0.508685994660952	0.304852219802464	0.279420332180151	0.976817676561108	0.990824850108649	0.994625559147417
Desulfovibrionaceae	0.972173045449483	0.856850437355428	0.920340056638925	0.997160916494552	0.990824850108649	0.994625559147417
Desulfurellaceae	0.218094293028746	0.0394960624682738	0.0477297426934875	0.976817676561108	0.990824850108649	0.994625559147417
Desulfurobacteriaceae	0.0895305919940528	0.68179648075196	0.780356617659755	0.976817676561108	0.990824850108649	0.994625559147417
Desulfurococcaceae	0.994867396422889	0.345484402067174	0.309859392831982	0.998890180302849	0.990824850108649	0.994625559147417
Desulfuromonadaceae	0.85110066833768	0.951213294850042	0.926531360906287	0.976817676561108	0.993622242825575	0.994625559147417
Dictyoglomaceae	0.100954156877347	0.797247648970588	0.839823724514343	0.976817676561108	0.990824850108649	0.994625559147417
Dietziaceae	0.950695452859794	0.683616773311337	0.676260108846819	0.982741367001135	0.990824850108649	0.994625559147417
Dipodascaceae	0.650134297133379	0.00223872402860903	0.00292389667530225	0.976817676561108	0.990824850108649	0.994625559147417
Dysgonamonadaceae	0.575254742022189	0.241450290088751	0.234542915876567	0.976817676561108	0.990824850108649	0.994625559147417
Ectothiorhodospiraceae	0.984692762978765	0.91653343258098	0.902029855173224	0.998890180302849	0.993622242825575	0.994625559147417
Eggerthellaceae	0.842766425794574	0.514894246823007	0.521823916197349	0.976817676561108	0.990824850108649	0.994625559147417
Egibacteraceae	0.905722450519158	0.544321495038893	0.562314449824934	0.980030492658725	0.990824850108649	0.994625559147417
Egicoccaceae	0.6302969454582	0.857996881072345	0.890505242509067	0.976817676561108	0.990824850108649	0.994625559147417
Elusimicrobiaceae	0.375394554996981	0.12875233633991	0.106831399391003	0.976817676561108	0.990824850108649	0.994625559147417
Emcibacteraceae	0.876124692900781	0.693268102101165	0.681916821716213	0.976817676561108	0.990824850108649	0.994625559147417
Endomicrobiaceae	0.293470624948914	0.416589369419026	0.359059836450387	0.976817676561108	0.990824850108649	0.994625559147417
Endozoicomonadaceae	0.947518063196779	0.0740606568279533	0.0759700272262779	0.982741367001135	0.990824850108649	0.994625559147417
Enterobacteriaceae	0.424136468099712	0.440785831141174	0.557403269556372	0.976817676561108	0.990824850108649	0.994625559147417
Enterococcaceae	0.506831426020435	0.352621173059657	0.35114013546742	0.976817676561108	0.990824850108649	0.994625559147417
Entomoplasmataceae	0.126910230623509	0.608203528755945	0.592176590185965	0.976817676561108	0.990824850108649	0.994625559147417
Erwiniaceae	0.795283638451793	0.762030788292687	0.788733217646149	0.976817676561108	0.990824850108649	0.994625559147417
Erysipelotrichaceae	0.0331985540178362	0.761322291689682	0.715103544892574	0.976817676561108	0.990824850108649	0.994625559147417
Erythrobacteraceae	0.447880488278879	0.448115097775599	0.428529099264711	0.976817676561108	0.990824850108649	0.994625559147417
Eubacteriaceae	0.781221148414317	0.465633107216379	0.413489034100486	0.976817676561108	0.990824850108649	0.994625559147417
Euzebyaceae	0.594623591036714	0.271463057162514	0.256132948469548	0.976817676561108	0.990824850108649	0.994625559147417
Ferrimonadaceae	0.878154518588566	0.461042558646154	0.472315272050711	0.976817676561108	0.990824850108649	0.994625559147417
Ferroplasmaceae	0.707684813742953	0.567295269880949	0.564390970331044	0.976817676561108	0.990824850108649	0.994625559147417
Fervidicoccaceae	0.817695204429922	0.393194733030016	0.421971010576962	0.976817676561108	0.990824850108649	0.994625559147417
Fervidobacteriaceae	0.0227429635350957	0.86296822480824	0.798174264657687	0.976817676561108	0.993622242825575	0.994625559147417
Fibrobacteraceae	0.66035440059392	0.336542274484289	0.356211997051073	0.976817676561108	0.990824850108649	0.994625559147417
Fimbriimonadaceae	0.50379511278672	0.231628829278568	0.198869005465794	0.976817676561108	0.990824850108649	0.994625559147417
Flammeovirgaceae	0.387674904322322	0.45688572942217	0.473789057081274	0.976817676561108	0.990824850108649	0.994625559147417
Flavobacteriaceae	0.382069701127311	0.344044696219781	0.375437193955276	0.976817676561108	0.990824850108649	0.994625559147417
Francisellaceae	0.380779004209785	0.291144332505009	0.306819777121428	0.976817676561108	0.990824850108649	0.994625559147417
Frankiaceae	0.735791981140336	0.97587112797492	0.953767294596082	0.976817676561108	0.993817700322839	0.996133053176863
Fusobacteriaceae	0.195002604760521	0.956633612472006	0.978712009415658	0.976817676561108	0.993622242825575	0.996263053940831
Gallionellaceae	0.66833276103264	0.136276965243203	0.13666959594037	0.976817676561108	0.990824850108649	0.994625559147417
Gemmataceae	0.406829545708664	0.958713851285907	0.892679687404654	0.976817676561108	0.993622242825575	0.994625559147417
Gemmatimonadaceae	0.728349322637941	0.944217130499006	0.936462319435915	0.976817676561108	0.993622242825575	0.996133053176863
Geobacteraceae	0.739727171661982	0.616843319962566	0.623706220188881	0.976817676561108	0.990824850108649	0.994625559147417
Geodermatophilaceae	0.578947861304113	0.963787445299216	0.949485932616341	0.976817676561108	0.993622242825575	0.996133053176863
Gloeobacteraceae	0.850742887361138	0.738292701707551	0.735318379342349	0.976817676561108	0.990824850108649	0.994625559147417
Gloeomargaritaceae	0.641590270106198	0.528392989775637	0.551666238136377	0.976817676561108	0.990824850108649	0.994625559147417
Glomerellaceae	0.714584264732398	0.276738309387435	0.283938503309561	0.976817676561108	0.990824850108649	0.994625559147417
Glycomycetaceae	0.636795641993271	0.534973892492501	0.545267190436088	0.976817676561108	0.990824850108649	0.994625559147417
Gomontiellaceae	0.541674173856422	0.725249560764744	0.713695044930774	0.976817676561108	0.990824850108649	0.994625559147417
Gordoniaceae	0.367167722544355	0.576040807424244	0.539787950795417	0.976817676561108	0.990824850108649	0.994625559147417
Gottschalkiaceae	0.0640838661757195	0.728278038551025	0.637996234883008	0.976817676561108	0.990824850108649	0.994625559147417
Granulosicoccaceae	0.728137592657562	0.349313283854047	0.36708710886729	0.976817676561108	0.990824850108649	0.994625559147417
Hafniaceae	0.977289956202088	0.807819032725429	0.770859992367859	0.997160916494552	0.990824850108649	0.994625559147417
Hahellaceae	0.67889281556352	0.50370516157093	0.465619926040625	0.976817676561108	0.990824850108649	0.994625559147417
Halanaerobiaceae	0.463066521395478	0.835123795427931	0.85541761220513	0.976817676561108	0.990824850108649	0.994625559147417
Halieaceae	0.715157583685215	0.238526549280349	0.231806488478843	0.976817676561108	0.990824850108649	0.994625559147417
Haliscomenobacteraceae	0.869669267912094	0.11282405079502	0.123580937149335	0.976817676561108	0.990824850108649	0.994625559147417
Haloarculaceae	0.787384060956016	0.369040634379442	0.371851977789082	0.976817676561108	0.990824850108649	0.994625559147417
Halobacteriaceae	0.281334804917884	0.739608174759331	0.688048612557627	0.976817676561108	0.990824850108649	0.994625559147417
Halobacteriovoraceae	0.453578364072602	0.522726630248233	0.543467245381371	0.976817676561108	0.990824850108649	0.994625559147417
Halobacteroidaceae	0.887090579496038	0.389728925440929	0.394606896812095	0.977393213336952	0.990824850108649	0.994625559147417
Haloferacaceae	0.560355302779811	0.443975120048887	0.44055748170029	0.976817676561108	0.990824850108649	0.994625559147417
Halomonadaceae	0.673213351061624	0.553283904831069	0.54549212339595	0.976817676561108	0.990824850108649	0.994625559147417
Halorubraceae	0.443278903542091	0.404872101743227	0.398224781251411	0.976817676561108	0.990824850108649	0.994625559147417
Halothiobacillaceae	0.916458491632895	0.91891102125258	0.920634708540162	0.980397456165423	0.993622242825575	0.994625559147417
Hapalosiphonaceae	0.628059416842256	0.776061554642096	0.749627300419261	0.976817676561108	0.990824850108649	0.994625559147417
Helicobacteraceae	0.416084443948956	0.521365209070288	0.545428295868694	0.976817676561108	0.990824850108649	0.994625559147417
Heliobacteriaceae	0.625205249363239	0.356246947138699	0.364894908929269	0.976817676561108	0.990824850108649	0.994625559147417
Holosporaceae	0.280743113444023	0.348120880968461	0.355014539586116	0.976817676561108	0.990824850108649	0.994625559147417
Hungateiclostridiaceae	0.639863303355164	0.367067018569599	0.378305954104884	0.976817676561108	0.990824850108649	0.994625559147417
Hydrogenophilaceae	0.586704689082711	0.698827178781042	0.614257393366062	0.976817676561108	0.990824850108649	0.994625559147417
Hydrogenothermaceae	0.331033159411015	0.937213674501113	0.971641099507562	0.976817676561108	0.993622242825575	0.996263053940831
Hyellaceae	0.265205175223237	0.486173811670777	0.593758691790424	0.976817676561108	0.990824850108649	0.994625559147417
Hymenobacteraceae	0.747605267636847	0.330545029461702	0.335526569414513	0.976817676561108	0.990824850108649	0.994625559147417
Hyphomicrobiaceae	0.543026183523248	0.663660843278243	0.634547690876253	0.976817676561108	0.990824850108649	0.994625559147417
Hyphomonadaceae	0.940685178692427	0.605153286381183	0.589795190337728	0.982741367001135	0.990824850108649	0.994625559147417
Iamiaceae	0.430103634804098	0.829830533781161	0.792090153757044	0.976817676561108	0.990824850108649	0.994625559147417
Ichthyobacteriaceae	0.737316859650367	0.745151693160859	0.743714798696744	0.976817676561108	0.990824850108649	0.994625559147417
Idiomarinaceae	0.808495506032051	0.11271283644276	0.122733657144406	0.976817676561108	0.990824850108649	0.994625559147417
Ignavibacteriaceae	0.855114191617828	0.182915678621414	0.208660158474828	0.976817676561108	0.990824850108649	0.994625559147417
Ilumatobacteraceae	0.997433070420804	0.335544936334302	0.337877418608666	0.998890180302849	0.990824850108649	0.994625559147417
Immundisolibacteraceae	0.579877129783935	0.509493392473336	0.532577902005161	0.976817676561108	0.990824850108649	0.994625559147417
Intrasporangiaceae	0.406455944158255	0.685063617188907	0.639036182653336	0.976817676561108	0.990824850108649	0.994625559147417
Isosphaeraceae	0.358462469037685	0.880233782356949	0.818401471096235	0.976817676561108	0.993622242825575	0.994625559147417
Jiangellaceae	0.221008290440345	0.647829526908305	0.721998851343337	0.976817676561108	0.990824850108649	0.994625559147417
Jonesiaceae	0.769142706648319	0.85297571121504	0.914749589969731	0.976817676561108	0.990824850108649	0.994625559147417
Kangiellaceae	0.324340918987491	0.485513114094021	0.474942275058865	0.976817676561108	0.990824850108649	0.994625559147417
Kineosporiaceae	0.710527908150823	0.66455609109387	0.661001122986584	0.976817676561108	0.990824850108649	0.994625559147417
Kiritimatiellaceae	0.196527919647199	0.482412700245224	0.425512388688802	0.976817676561108	0.990824850108649	0.994625559147417
Kofleriaceae	0.628119596404696	0.220792445516587	0.206325276875325	0.976817676561108	0.990824850108649	0.994625559147417
Kosmotogaceae	0.169271270772014	0.8238993532123	0.868895224692154	0.976817676561108	0.990824850108649	0.994625559147417
Ktedonosporobacteraceae	0.865598369941843	0.651148111449926	0.670790233948322	0.976817676561108	0.990824850108649	0.994625559147417
Labilitrichaceae	0.542655314053758	0.361413165102865	0.330361811193645	0.976817676561108	0.990824850108649	0.994625559147417
Lachnospiraceae	0.131318592563553	0.924393026433897	0.808878510040998	0.976817676561108	0.993622242825575	0.994625559147417
Lacipirellulaceae	0.987377331556206	0.875218612395931	0.853499766438433	0.998890180302849	0.993622242825575	0.994625559147417
Lactobacillaceae	0.808961766172982	0.881375052403525	0.901933777174616	0.976817676561108	0.993622242825575	0.994625559147417
Legionellaceae	0.47285587599515	0.836313497490895	0.873016164996591	0.976817676561108	0.990824850108649	0.994625559147417
Leptolyngbyaceae	0.80758573579044	0.0691395179472159	0.0712441908602374	0.976817676561108	0.990824850108649	0.994625559147417
Leptospiraceae	0.467259945146649	0.268809830933462	0.304739435736097	0.976817676561108	0.990824850108649	0.994625559147417
Leptotrichiaceae	0.180755107478964	0.672954552170978	0.72433117760238	0.976817676561108	0.990824850108649	0.994625559147417
Leuconostocaceae	0.005480725251425	0.176992015715746	0.151806970152032	0.976817676561108	0.990824850108649	0.994625559147417
Lichenihabitantaceae	0.33702635431484	0.848514186428752	0.915296599921232	0.976817676561108	0.990824850108649	0.994625559147417
Limnochordaceae	0.852446883277349	0.484173907146463	0.476796398755355	0.976817676561108	0.990824850108649	0.994625559147417
Listeriaceae	0.326242560543483	0.579172438472407	0.59717090256384	0.976817676561108	0.990824850108649	0.994625559147417
Litoricolaceae	0.84024144322528	0.303294483838247	0.278871673172794	0.976817676561108	0.990824850108649	0.994625559147417
Magnetococcaceae	0.332314209948371	0.753811259055826	0.741810454122873	0.976817676561108	0.990824850108649	0.994625559147417
Malasseziaceae	0.994513325109481	0.28663443877938	0.301976275349044	0.998890180302849	0.990824850108649	0.994625559147417
Marinifilaceae	0.908489858434364	0.854326572842365	0.833532622798475	0.980030492658725	0.990824850108649	0.994625559147417
Marinilabiliaceae	0.85769863957096	0.0566701961354278	0.0523742181485103	0.976817676561108	0.990824850108649	0.994625559147417
Mariprofundaceae	0.477926298579877	0.169619807391538	0.173804633610752	0.976817676561108	0.990824850108649	0.994625559147417
Melioribacteraceae	0.190663719582894	0.353488044757381	0.395411615101356	0.976817676561108	0.990824850108649	0.994625559147417
Merismopediaceae	0.40403370055874	0.911901574228486	0.795144393648239	0.976817676561108	0.993622242825575	0.994625559147417
Mesoaciditogaceae	0.0894426050265554	0.739185794804869	0.817144673173368	0.976817676561108	0.990824850108649	0.994625559147417
Methanobacteriaceae	0.878431581907182	0.377279965847219	0.409289407479974	0.976817676561108	0.990824850108649	0.994625559147417
Methanocaldococcaceae	0.0299778988416391	0.767537870104412	0.697637290621192	0.976817676561108	0.990824850108649	0.994625559147417
Methanocellaceae	0.629326377305177	0.181852804942009	0.188914887506743	0.976817676561108	0.990824850108649	0.994625559147417
Methanococcaceae	0.182391205728871	0.619609135395101	0.685319069557026	0.976817676561108	0.990824850108649	0.994625559147417
Methanocorpusculaceae	0.730384009653068	0.981921591409449	0.954336102700097	0.976817676561108	0.993817700322839	0.996133053176863
Methanomassiliicoccaceae	0.852633941661391	0.17089237816285	0.178109428468742	0.976817676561108	0.990824850108649	0.994625559147417
Methanomicrobiaceae	0.825894057361841	0.559978743423833	0.544066064411315	0.976817676561108	0.990824850108649	0.994625559147417
Methanopyraceae	0.544520453067003	0.0902922069853586	0.0808469889055893	0.976817676561108	0.990824850108649	0.994625559147417
Methanoregulaceae	0.934179541894106	0.183485485634956	0.183194682846544	0.982741367001135	0.990824850108649	0.994625559147417
Methanosarcinaceae	0.365181650439006	0.197296078734413	0.222538493858734	0.976817676561108	0.990824850108649	0.994625559147417
Methanospirillaceae	0.191815761444423	0.239798906905579	0.352906147139199	0.976817676561108	0.990824850108649	0.994625559147417
Methanothermaceae	0.522673793267838	0.302100462752498	0.375639357285797	0.976817676561108	0.990824850108649	0.994625559147417
Methanotrichaceae	0.727567222831959	0.286174038616795	0.292101082109062	0.976817676561108	0.990824850108649	0.994625559147417
Methylacidiphilaceae	0.411050781843373	0.942011839390488	0.893459114169904	0.976817676561108	0.993622242825575	0.994625559147417
Methylobacteriaceae	0.441889486776437	0.5014434104578	0.472705238606059	0.976817676561108	0.990824850108649	0.994625559147417
Methylococcaceae	0.711585688895967	0.835213793608685	0.811525872047579	0.976817676561108	0.990824850108649	0.994625559147417
Methylocystaceae	0.770159794794941	0.769111881655032	0.744941042907901	0.976817676561108	0.990824850108649	0.994625559147417
Methylophilaceae	0.615315840510084	0.376167041193812	0.338546747029517	0.976817676561108	0.990824850108649	0.994625559147417
Microbacteriaceae	0.42453019647071	0.711743445069883	0.672422464560947	0.976817676561108	0.990824850108649	0.994625559147417
Microbulbiferaceae	0.524962283438783	0.267048759805132	0.246670419181271	0.976817676561108	0.990824850108649	0.994625559147417
Micrococcaceae	0.412137849041415	0.898796273784725	0.910290870485967	0.976817676561108	0.993622242825575	0.994625559147417
Microcoleaceae	0.462022633515008	0.334423613730971	0.344725150572891	0.976817676561108	0.990824850108649	0.994625559147417
Microcystaceae	0.221958643500927	0.148836105182615	0.148540361548834	0.976817676561108	0.990824850108649	0.994625559147417
Micromonosporaceae	0.55985138782623	0.746016451240572	0.722366531532657	0.976817676561108	0.990824850108649	0.994625559147417
Moraxellaceae	0.411537163924508	0.525115873691258	0.550970571630706	0.976817676561108	0.990824850108649	0.994625559147417
Morganellaceae	0.207102031575433	0.295420006790653	0.333028706867276	0.976817676561108	0.990824850108649	0.994625559147417
Moritellaceae	0.470011986799287	0.814443022362222	0.818778080871119	0.976817676561108	0.990824850108649	0.994625559147417
Muribaculaceae	0.58425475248839	0.730451625229362	0.721214824132002	0.976817676561108	0.990824850108649	0.994625559147417
Mycobacteriaceae	0.56771795673171	0.683347291723617	0.664313374321585	0.976817676561108	0.990824850108649	0.994625559147417
Mycoplasmataceae	0.161327333148089	0.714185059483578	0.701422768456596	0.976817676561108	0.990824850108649	0.994625559147417
Mycosphaerellaceae	0.581240311296431	0.0534875033293837	0.0517360382871601	0.976817676561108	0.990824850108649	0.994625559147417
Myxococcaceae	0.636129936723269	0.628330193920688	0.61014715481808	0.976817676561108	0.990824850108649	0.994625559147417
Nairoviridae	0.213309205360784	0.112422160557707	0.123467770576538	0.976817676561108	0.990824850108649	0.994625559147417
Nakamurellaceae	0.763843330150243	0.238561444207747	0.24063301296602	0.976817676561108	0.990824850108649	0.994625559147417
Natranaerobiaceae	0.384680650119817	0.306318920849517	0.308066537429277	0.976817676561108	0.990824850108649	0.994625559147417
Natrialbaceae	0.241092040893126	0.729134495601157	0.688113140277594	0.976817676561108	0.990824850108649	0.994625559147417
Nautiliaceae	0.147985191260049	0.970543750039131	0.938966815132923	0.976817676561108	0.993622242825575	0.996133053176863
Nectriaceae	0.30729516872582	0.442139494351353	0.497524135170443	0.976817676561108	0.990824850108649	0.994625559147417
Neisseriaceae	0.846250527354438	0.64347331839453	0.649601437314814	0.976817676561108	0.990824850108649	0.994625559147417
Nitrosomonadaceae	0.689349861312836	0.442186137978598	0.469724198667731	0.976817676561108	0.990824850108649	0.994625559147417
Nitrosopumilaceae	0.239648612924113	0.918976380062045	0.922556478523393	0.976817676561108	0.993622242825575	0.994625559147417
Nitrososphaeraceae	0.947627983872845	0.300527540324436	0.304774711261368	0.982741367001135	0.990824850108649	0.994625559147417
Nitrospiraceae	0.765511584684568	0.122818588558909	0.125799205357666	0.976817676561108	0.990824850108649	0.994625559147417
Nocardiaceae	0.570915436602498	0.521602605017296	0.518586061613961	0.976817676561108	0.990824850108649	0.994625559147417
Nocardioidaceae	0.435375480488079	0.591625065941843	0.56574537987579	0.976817676561108	0.990824850108649	0.994625559147417
Nocardiopsaceae	0.493176331108119	0.774044727587169	0.724997855378562	0.976817676561108	0.990824850108649	0.994625559147417
Nostocaceae	0.663165962385371	0.637611686979141	0.676940676630451	0.976817676561108	0.990824850108649	0.994625559147417
Oceanospirillaceae	0.950224739449016	0.187643904861524	0.208922470261801	0.982741367001135	0.990824850108649	0.994625559147417
Odoribacteraceae	0.358137645835997	0.710916627042345	0.668028219560439	0.976817676561108	0.990824850108649	0.994625559147417
Oleiphilaceae	0.752885115922357	0.120315944296019	0.124145634636356	0.976817676561108	0.990824850108649	0.994625559147417
Opitutaceae	0.384378566186756	0.333767170176821	0.304907526121115	0.976817676561108	0.990824850108649	0.994625559147417
Orbaceae	0.127893488963697	0.989980900084412	0.89920345329885	0.976817676561108	0.993817700322839	0.994625559147417
Oscillatoriaceae	0.823882707902854	0.265109855693613	0.248166317857528	0.976817676561108	0.990824850108649	0.994625559147417
Oscillospiraceae	0.161958468913357	0.798463951594751	0.677552536713077	0.976817676561108	0.990824850108649	0.994625559147417
Oxalobacteraceae	0.948453672507282	0.782035576904005	0.767011050245098	0.982741367001135	0.990824850108649	0.994625559147417
Paenibacillaceae	0.882975639342918	0.266040434911458	0.277524104922839	0.976817676561108	0.990824850108649	0.994625559147417
Paludibacteraceae	0.576778170082564	0.308405512851281	0.332328022461021	0.976817676561108	0.990824850108649	0.994625559147417
Parachlamydiaceae	0.425618665416946	0.804345753270927	0.777327785877258	0.976817676561108	0.990824850108649	0.994625559147417
Paramyxoviridae	0.444657595520508	0.555750547407645	0.559230845759361	0.976817676561108	0.990824850108649	0.994625559147417
Parvularculaceae	0.216297455468145	0.736720030246449	0.874297704119073	0.976817676561108	0.990824850108649	0.994625559147417
Pasteurellaceae	0.214751476601135	0.320097021925792	0.367214064770592	0.976817676561108	0.990824850108649	0.994625559147417
Pectobacteriaceae	0.962194669827103	0.44162853783292	0.452519961340123	0.989071615911659	0.990824850108649	0.994625559147417
Pelagibacteraceae	0.0943611343608255	0.796211603270768	0.861406303460033	0.976817676561108	0.990824850108649	0.994625559147417
Peptococcaceae	0.943424965487269	0.268439373809586	0.278364993924407	0.982741367001135	0.990824850108649	0.994625559147417
Peptoniphilaceae	0.513397806253692	0.401578077268266	0.414948198739591	0.976817676561108	0.990824850108649	0.994625559147417
Peptostreptococcaceae	0.80259676024754	0.66001959710843	0.667989056783565	0.976817676561108	0.990824850108649	0.994625559147417
Peribunyaviridae	0.386069880281938	0.215521824069923	0.224277844687916	0.976817676561108	0.990824850108649	0.994625559147417
Petrotogaceae	0.0915484339844733	0.815249942344142	0.891927567800489	0.976817676561108	0.990824850108649	0.994625559147417
Phaffomycetaceae	0.194878344309571	0.897450458848177	0.902628912449879	0.976817676561108	0.993622242825575	0.994625559147417
Phenuiviridae	0.118708057230299	0.847834924154167	0.77111387121937	0.976817676561108	0.990824850108649	0.994625559147417
Phycisphaeraceae	0.491949760534067	0.733966019454338	0.808687589995825	0.976817676561108	0.990824850108649	0.994625559147417
Phyllobacteriaceae	0.6933071098877	0.571292721072983	0.551741987130232	0.976817676561108	0.990824850108649	0.994625559147417
Pichiaceae	0.151104673913287	0.251317756799613	0.232840809626081	0.976817676561108	0.990824850108649	0.994625559147417
Picrophilaceae	0.5340778526246	0.909439358476105	0.945579843430792	0.976817676561108	0.993622242825575	0.996133053176863
Pirellulaceae	0.716957006036031	0.467745822148487	0.464815404259914	0.976817676561108	0.990824850108649	0.994625559147417
Piscirickettsiaceae	0.671193357644954	0.400768603249978	0.419826668448796	0.976817676561108	0.990824850108649	0.994625559147417
Planctomycetaceae	0.658257568690513	0.424388231593171	0.424167812440365	0.976817676561108	0.990824850108649	0.994625559147417
Planococcaceae	0.289968151981205	0.423157418981594	0.456017133015838	0.976817676561108	0.990824850108649	0.994625559147417
Polyangiaceae	0.477286378812933	0.96010630952075	0.911072850424769	0.976817676561108	0.993622242825575	0.994625559147417
Porphyromonadaceae	0.85501119548966	0.618042621390374	0.617199831549158	0.976817676561108	0.990824850108649	0.994625559147417
Prevotellaceae	0.386168197827071	0.377521285061252	0.46820217858926	0.976817676561108	0.990824850108649	0.994625559147417
Prochloraceae	0.358341907409831	0.854124808592225	0.878418818314597	0.976817676561108	0.990824850108649	0.994625559147417
Prochlorotrichaceae	0.88953182516774	0.61686623696583	0.643658456283714	0.978130612535045	0.990824850108649	0.994625559147417
Prolixibacteraceae	0.977198092654476	0.45538064377883	0.451082066655046	0.997160916494552	0.990824850108649	0.994625559147417
Promicromonosporaceae	0.137859025335846	0.559774888459293	0.498149836748853	0.976817676561108	0.990824850108649	0.994625559147417
Propionibacteriaceae	0.789171606173956	0.641488565446298	0.644514227531186	0.976817676561108	0.990824850108649	0.994625559147417
Pseudanabaenaceae	0.902309736369282	0.972370990759476	0.922483461690153	0.980030492658725	0.993622242825575	0.994625559147417
Pseudoalteromonadaceae	0.493135695231729	0.362939291113921	0.395338201974617	0.976817676561108	0.990824850108649	0.994625559147417
Pseudomonadaceae	0.770762583727126	0.528622989940405	0.531480523738568	0.976817676561108	0.990824850108649	0.994625559147417
Pseudonocardiaceae	0.664409911594691	0.886450258735177	0.867822201915473	0.976817676561108	0.993622242825575	0.994625559147417
Psychromonadaceae	0.736427067314469	0.23696987470884	0.247011939206182	0.976817676561108	0.990824850108649	0.994625559147417
Puniceicoccaceae	0.613138271674598	0.989138017559824	0.978374094603967	0.976817676561108	0.993817700322839	0.996263053940831
Pyriculariaceae	0.826397884654312	0.222244365958756	0.229099868693567	0.976817676561108	0.990824850108649	0.994625559147417
Pyrodictiaceae	0.637842747461894	0.590318051196798	0.671647955553654	0.976817676561108	0.990824850108649	0.994625559147417
Rhabdoviridae	0.482279909281125	0.301984371115701	0.273414660194815	0.976817676561108	0.990824850108649	0.994625559147417
Rhizobiaceae	0.590437251330587	0.520656629266969	0.510867469239574	0.976817676561108	0.990824850108649	0.994625559147417
Rhodanobacteraceae	0.840900002074643	0.428727000010399	0.426042770302638	0.976817676561108	0.990824850108649	0.994625559147417
Rhodobacteraceae	0.702243159233882	0.594362555063586	0.586372089706344	0.976817676561108	0.990824850108649	0.994625559147417
Rhodobiaceae	0.685293649793738	0.749098386356822	0.722462768747453	0.976817676561108	0.990824850108649	0.994625559147417
Rhodocyclaceae	0.624173711866186	0.667730903542354	0.606833195978103	0.976817676561108	0.990824850108649	0.994625559147417
Rhodospirillaceae	0.654018251229056	0.566708829710258	0.557845310429576	0.976817676561108	0.990824850108649	0.994625559147417
Rhodothermaceae	0.808502921608945	0.608538175590421	0.614784452938389	0.976817676561108	0.990824850108649	0.994625559147417
Rickettsiaceae	0.495970721794725	0.807987487182658	0.836603087042031	0.976817676561108	0.990824850108649	0.994625559147417
Rikenellaceae	0.868075256325895	0.276848827712361	0.316203502477706	0.976817676561108	0.990824850108649	0.994625559147417
Rivulariaceae	0.389898297175874	0.440833514530542	0.455238900348602	0.976817676561108	0.990824850108649	0.994625559147417
Roseiflexaceae	0.912564625410479	0.916045161171767	0.94073437889568	0.980030492658725	0.993622242825575	0.996133053176863
Ruaniaceae	0.814606539705341	0.638215657335888	0.635778125806797	0.976817676561108	0.990824850108649	0.994625559147417
Rubrobacteraceae	0.466936210449835	0.424991428701292	0.472881623044304	0.976817676561108	0.990824850108649	0.994625559147417
Ruminococcaceae	0.60247378925588	0.758246314894382	0.828959228654619	0.976817676561108	0.990824850108649	0.994625559147417
Saccharomycetaceae	0.188863006265436	0.721242374936752	0.827636613287688	0.976817676561108	0.990824850108649	0.994625559147417
Saccharospirillaceae	0.666454372232194	0.397747301583191	0.420422073357262	0.976817676561108	0.990824850108649	0.994625559147417
Salinisphaeraceae	0.464046699059118	0.853504275860854	0.91701365849221	0.976817676561108	0.990824850108649	0.994625559147417
Salinivirgaceae	0.201831110235732	0.793554022835598	0.828680742654168	0.976817676561108	0.990824850108649	0.994625559147417
Sandaracinaceae	0.394318518997433	0.414346989266206	0.389441913257062	0.976817676561108	0.990824850108649	0.994625559147417
Sanguibacteraceae	0.790719641764488	0.673842225278358	0.709466886849214	0.976817676561108	0.990824850108649	0.994625559147417
Saprospiraceae	0.334037202648057	0.431323150406784	0.40495764615978	0.976817676561108	0.990824850108649	0.994625559147417
Schizosaccharomycetaceae	0.151159962790701	0.966331257755519	0.997940404562277	0.976817676561108	0.993622242825575	0.998377949715451
Sclerotiniaceae	0.324692161550368	0.301098042645287	0.327132441996567	0.976817676561108	0.990824850108649	0.994625559147417
Scytonemataceae	0.314165427664661	0.016268496450023	0.021601088728463	0.976817676561108	0.990824850108649	0.994625559147417
Sedimentisphaeraceae	0.745884512087782	0.560447567079037	0.571340816265917	0.976817676561108	0.990824850108649	0.994625559147417
Segniliparaceae	0.998434717800258	0.405746603784896	0.420692094365409	0.998890180302849	0.990824850108649	0.994625559147417
Selenomonadaceae	0.337736047045022	0.290712781374504	0.293536297623741	0.976817676561108	0.990824850108649	0.994625559147417
Shewanellaceae	0.615154004927626	0.340363656965049	0.372816949145581	0.976817676561108	0.990824850108649	0.994625559147417
Silvanigrellaceae	0.437768349444606	0.242218983797184	0.261988665284523	0.976817676561108	0.990824850108649	0.994625559147417
Simkaniaceae	0.912393711436453	0.674261778812461	0.701249687979983	0.980030492658725	0.990824850108649	0.994625559147417
Sinobacteraceae	0.472976538603955	0.761855812670379	0.718456046055289	0.976817676561108	0.990824850108649	0.994625559147417
Solibacteraceae	0.781527995373976	0.399262571954933	0.429527293395565	0.976817676561108	0.990824850108649	0.994625559147417
Sordariaceae	0.855579437625263	0.826878761384299	0.799067108188692	0.976817676561108	0.990824850108649	0.994625559147417
Sphaerobacteraceae	0.18172135265905	0.833732487448107	0.761710708706854	0.976817676561108	0.990824850108649	0.994625559147417
Sphingobacteriaceae	0.618311223735578	0.220972953866681	0.242984111325073	0.976817676561108	0.990824850108649	0.994625559147417
Sphingomonadaceae	0.60821131020039	0.608827618812888	0.595798731561229	0.976817676561108	0.990824850108649	0.994625559147417
Spirochaetaceae	0.779984581556854	0.344668544120811	0.33120685057316	0.976817676561108	0.990824850108649	0.994625559147417
Spiroplasmataceae	0.404906804116363	0.830878182310208	0.825742140295328	0.976817676561108	0.990824850108649	0.994625559147417
Spongiibacteraceae	0.8522276742005	0.675756318752967	0.650045360685945	0.976817676561108	0.990824850108649	0.994625559147417
Sporichthyaceae	0.878287410552976	0.424760304291477	0.43933667895513	0.976817676561108	0.990824850108649	0.994625559147417
Sporolactobacillaceae	0.344088119784351	0.188430038316083	0.21357636616732	0.976817676561108	0.990824850108649	0.994625559147417
Sporomusaceae	0.516747308890452	0.205658642065512	0.199529537770432	0.976817676561108	0.990824850108649	0.994625559147417
Staphylococcaceae	0.114819257363102	0.932809649041407	0.958378143242827	0.976817676561108	0.993622242825575	0.996263053940831
Steroidobacteraceae	0.488270930349825	0.144263044657312	0.16749193748705	0.976817676561108	0.990824850108649	0.994625559147417
Sterolibacteriaceae	0.599444489592286	0.280823409641546	0.265791983620075	0.976817676561108	0.990824850108649	0.994625559147417
Streptococcaceae	0.413190484113906	0.851679670372669	0.869449363607032	0.976817676561108	0.990824850108649	0.994625559147417
Streptomycetaceae	0.506624050597663	0.637794247572111	0.615268841336397	0.976817676561108	0.990824850108649	0.994625559147417
Streptosporangiaceae	0.624772330437016	0.810497275583689	0.78814782160594	0.976817676561108	0.990824850108649	0.994625559147417
Succinivibrionaceae	0.122630893115126	0.331111429555055	0.372395544256779	0.976817676561108	0.990824850108649	0.994625559147417
Sulfolobaceae	0.0124475447456801	0.994576389653371	0.859860571750502	0.976817676561108	0.996381428473068	0.994625559147417
Sutterellaceae	0.222696819174303	0.021886446597779	0.0185651573716443	0.976817676561108	0.990824850108649	0.994625559147417
Symbiobacteriaceae	0.849746384175936	0.891024530868509	0.866087160482491	0.976817676561108	0.993622242825575	0.994625559147417
Synechococcaceae	0.808688612497681	0.445023620265586	0.448441088584173	0.976817676561108	0.990824850108649	0.994625559147417
Synergistaceae	0.565001031571856	0.843981253378199	0.808462518166616	0.976817676561108	0.990824850108649	0.994625559147417
Syntrophaceae	0.939320942014128	0.192251904817128	0.188488852058946	0.982741367001135	0.990824850108649	0.994625559147417
Syntrophobacteraceae	0.630601185848325	0.433076286739702	0.408280824471541	0.976817676561108	0.990824850108649	0.994625559147417
Syntrophomonadaceae	0.866697477777562	0.0986712418431168	0.106248448532628	0.976817676561108	0.990824850108649	0.994625559147417
Tannerellaceae	0.53050930314588	0.65104425503902	0.602248270390783	0.976817676561108	0.990824850108649	0.994625559147417
Tepidiformaceae	0.850034384131628	0.74879826070057	0.810793810187956	0.976817676561108	0.990824850108649	0.994625559147417
Thermaceae	0.469260096546396	0.501839459673835	0.47132479922706	0.976817676561108	0.990824850108649	0.994625559147417
Thermoactinomycetaceae	0.463388642035694	0.142955861686501	0.138455223851072	0.976817676561108	0.990824850108649	0.994625559147417
Thermoanaerobacteraceae	0.68998365185815	0.615405695599786	0.628519870505939	0.976817676561108	0.990824850108649	0.994625559147417
Thermoanaerobacterales Family III. Incertae Sedis	0.355910397899577	0.424833280396226	0.448198193685879	0.976817676561108	0.990824850108649	0.994625559147417
Thermoanaerobacterales Family IV. Incertae Sedis	0.674915036653695	0.391657651935665	0.422056133308627	0.976817676561108	0.990824850108649	0.994625559147417
Thermococcaceae	0.650463152909242	0.468971614709728	0.446519701982509	0.976817676561108	0.990824850108649	0.994625559147417
Thermodesulfobacteriaceae	0.635463174895307	0.688701217310534	0.670727105794839	0.976817676561108	0.990824850108649	0.994625559147417
Thermodesulfobiaceae	0.651551391916478	0.760102177518367	0.703338524189933	0.976817676561108	0.990824850108649	0.994625559147417
Thermofilaceae	0.570640496101264	0.801249006917941	0.800717651861666	0.976817676561108	0.990824850108649	0.994625559147417
Thermoguttaceae	0.6523410319031	0.779091637284556	0.812732716345579	0.976817676561108	0.990824850108649	0.994625559147417
Thermomicrobiaceae	0.530425562304723	0.241897130642473	0.293275092150893	0.976817676561108	0.990824850108649	0.994625559147417
Thermomonosporaceae	0.850681146485588	0.630474258082045	0.633407404973945	0.976817676561108	0.990824850108649	0.994625559147417
Thermoplasmataceae	0.525747956672752	0.655361621956064	0.55951769008821	0.976817676561108	0.990824850108649	0.994625559147417
Thermoproteaceae	0.527948883124105	0.395831946162423	0.410575936741156	0.976817676561108	0.990824850108649	0.994625559147417
Thermotogaceae	0.576632142120458	0.249684649080842	0.248967506898483	0.976817676561108	0.990824850108649	0.994625559147417
Thioalkalibacteraceae	0.65156639433402	0.269709283984604	0.2675092579949	0.976817676561108	0.990824850108649	0.994625559147417
Thioalkalispiraceae	0.493717232313918	0.221139151299995	0.21454979189857	0.976817676561108	0.990824850108649	0.994625559147417
Thiobacillaceae	0.998890180302849	0.254358919135096	0.273818690962021	0.998890180302849	0.990824850108649	0.994625559147417
Thiotrichaceae	0.053280114849102	0.158428982715755	0.204080987997297	0.976817676561108	0.990824850108649	0.994625559147417
Tissierellaceae	0.544947236572802	0.614932950655589	0.615886131443178	0.976817676561108	0.990824850108649	0.994625559147417
Tolypothrichaceae	0.234464206765418	0.543215400708327	0.53405509622115	0.976817676561108	0.990824850108649	0.994625559147417
Tospoviridae	0.511068558199917	0.092429199640282	0.0847845254008372	0.976817676561108	0.990824850108649	0.994625559147417
Trichocomaceae	0.442640579646765	0.566744334562976	0.58988747718378	0.976817676561108	0.990824850108649	0.994625559147417
Trichomonascaceae	0.738907025575789	0.379523697283972	0.365117931072487	0.976817676561108	0.990824850108649	0.994625559147417
Trueperaceae	0.895956983420858	0.973821799580862	0.957577360755454	0.980030492658725	0.993622242825575	0.996263053940831
Tsukamurellaceae	0.324808753645189	0.168163637311761	0.154159670680261	0.976817676561108	0.990824850108649	0.994625559147417
Unclassified Acidobacteria Phylum	0.303646460410834	0.741336711580856	0.836572318196036	0.976817676561108	0.990824850108649	0.994625559147417
Unclassified Acidobacteriia Class	0.742056665574361	0.520204614693189	0.47829150285319	0.976817676561108	0.990824850108649	0.994625559147417
Unclassified Actinobacteria Class	0.465382013015964	0.60868779566128	0.584631791949548	0.976817676561108	0.990824850108649	0.994625559147417
Unclassified Actinobacteria Phylum	0.5576513079934	0.376470940460442	0.383453714429904	0.976817676561108	0.990824850108649	0.994625559147417
Unclassified Alphaproteobacteria Class	0.523665349537154	0.532220459658156	0.505634684207289	0.976817676561108	0.990824850108649	0.994625559147417
Unclassified Alteromonadales Order	0.645568571468887	0.890428060487989	0.939484527862305	0.976817676561108	0.993622242825575	0.996133053176863
Unclassified Aquificales Order	0.77507882718685	0.94981922682319	0.978397495812611	0.976817676561108	0.993622242825575	0.996263053940831
Unclassified Armatimonadetes Phylum	0.31987270415569	0.0465000028465917	0.0415900890640476	0.976817676561108	0.990824850108649	0.994625559147417
Unclassified Ascomycota Phylum	0.838823232156078	0.0425036428400173	0.0593187974960154	0.976817676561108	0.990824850108649	0.994625559147417
Unclassified Bacillales Order	0.244532971205037	0.448262139717753	0.494544937791496	0.976817676561108	0.990824850108649	0.994625559147417
Unclassified Bacilli Class	0.499419781719471	0.805023639032963	0.796995759184319	0.976817676561108	0.990824850108649	0.994625559147417
Unclassified Bacteriovoracales Order	0.64031192741434	0.377631439898519	0.412688613149848	0.976817676561108	0.990824850108649	0.994625559147417
Unclassified Bacteroidales Order	0.555046414176018	0.939769165939615	0.925403754867419	0.976817676561108	0.993622242825575	0.994625559147417
Unclassified Bacteroidetes Phylum	0.628107214335343	0.986091944969095	0.974756307929194	0.976817676561108	0.993817700322839	0.996263053940831
Unclassified Bacteroidia Class	0.478270886676838	0.760168474394661	0.726053342645216	0.976817676561108	0.990824850108649	0.994625559147417
Unclassified Balneolaeota Phylum	0.915433890830478	0.301659953481458	0.303382886008653	0.980397456165423	0.990824850108649	0.994625559147417
Unclassified Basidiomycota Phylum	0.329616270758594	0.435806737013457	0.409883081854012	0.976817676561108	0.990824850108649	0.994625559147417
Unclassified Betaproteobacteria Class	0.523914913605378	0.292151114350329	0.285142047209088	0.976817676561108	0.990824850108649	0.994625559147417
Unclassified Blastocatellia Class	0.309419969404948	0.39501521607364	0.480397024906687	0.976817676561108	0.990824850108649	0.994625559147417
Unclassified Bradymonadales Order	0.483349743254145	0.937286329455803	0.883818329950629	0.976817676561108	0.993622242825575	0.994625559147417
Unclassified Burkholderiales Order	0.508184243710376	0.392358578270493	0.363298699473221	0.976817676561108	0.990824850108649	0.994625559147417
Unclassified Campylobacterales Order	0.819535216575976	0.232958758235735	0.243585113219604	0.976817676561108	0.990824850108649	0.994625559147417
Unclassified Candidatus Bipolaricaulota Phylum	0.833317731800349	0.421367237217266	0.477682710194901	0.976817676561108	0.990824850108649	0.994625559147417
Unclassified Candidatus Cloacimonetes Phylum	0.139659149862177	0.261978131119754	0.283412538920746	0.976817676561108	0.990824850108649	0.994625559147417
Unclassified Candidatus Gracilibacteria Phylum	0.100811912580575	0.759142168037009	0.802949824983888	0.976817676561108	0.990824850108649	0.994625559147417
Unclassified Candidatus Korarchaeota Phylum	0.657184964593773	0.601091577596353	0.614783108236804	0.976817676561108	0.990824850108649	0.994625559147417
Unclassified Candidatus Micrarchaeota Phylum	0.144672655681071	0.798506761582107	0.83397944067172	0.976817676561108	0.990824850108649	0.994625559147417
Unclassified Candidatus Saccharibacteria Phylum	0.355643167894968	0.990216911553554	0.967891981854497	0.976817676561108	0.993817700322839	0.996263053940831
Unclassified Cellvibrionales Order	0.755081091164018	0.211779494797639	0.205865704296449	0.976817676561108	0.990824850108649	0.994625559147417
Unclassified Chlamydiia Class	0.227560344864331	0.652759246424845	0.707242463524099	0.976817676561108	0.990824850108649	0.994625559147417
Unclassified Chloroflexi Phylum	0.753218319449202	0.505070089585556	0.552223634535854	0.976817676561108	0.990824850108649	0.994625559147417
Unclassified Chromatiales Order	0.685101824114323	0.24114491354503	0.236670173239089	0.976817676561108	0.990824850108649	0.994625559147417
Unclassified Chroococcales Order	0.910454376104377	0.748524685339522	0.797333842275078	0.980030492658725	0.990824850108649	0.994625559147417
Unclassified Clostridia Class	0.638956871631249	0.839189417824472	0.853903439624679	0.976817676561108	0.990824850108649	0.994625559147417
Unclassified Clostridiales Order	0.624259705339788	0.293787356075542	0.27998696773854	0.976817676561108	0.990824850108649	0.994625559147417
Unclassified Coriobacteriales Order	0.861844866331924	0.707375346515323	0.679151888615238	0.976817676561108	0.990824850108649	0.994625559147417
Unclassified Coriobacteriia Class	0.812007313088996	0.361685172808071	0.370290219807178	0.976817676561108	0.990824850108649	0.994625559147417
Unclassified Corynebacteriales Order	0.288220930239404	0.331121642648638	0.317173934015257	0.976817676561108	0.990824850108649	0.994625559147417
Unclassified Cyanobacteria Phylum	0.253775930206191	0.966784456692422	0.976582477801968	0.976817676561108	0.993622242825575	0.996263053940831
Unclassified Cytophagales Order	0.742456779983523	0.773516111214738	0.743793996866158	0.976817676561108	0.990824850108649	0.994625559147417
Unclassified Dehalococcoidia Class	0.725781290669021	0.691704385644293	0.71536576510084	0.976817676561108	0.990824850108649	0.994625559147417
Unclassified Deinococcales Order	0.945029217091097	0.343496760543029	0.435925417355075	0.982741367001135	0.990824850108649	0.994625559147417
Unclassified Deinococci Class	0.838275615723122	0.141107186373327	0.171053054871288	0.976817676561108	0.990824850108649	0.994625559147417
Unclassified Deltaproteobacteria Class	0.60468537187479	0.422746149814611	0.380685323755506	0.976817676561108	0.990824850108649	0.994625559147417
Unclassified Desulfobacterales Order	0.877963565332877	0.82081719366426	0.871958326658911	0.976817676561108	0.990824850108649	0.994625559147417
Unclassified Desulfovibrionales Order	0.884138756222665	0.321872032868961	0.279828495487971	0.976817676561108	0.990824850108649	0.994625559147417
Unclassified Desulfuromonadales Order	0.270237315291169	0.625764004099764	0.540585111647089	0.976817676561108	0.990824850108649	0.994625559147417
Unclassified Elusimicrobia Phylum	0.377243066883934	0.790605172012018	0.861124532261435	0.976817676561108	0.990824850108649	0.994625559147417
Unclassified Enterobacterales Order	0.320069311982199	0.411888627682643	0.394609466574085	0.976817676561108	0.990824850108649	0.994625559147417
Unclassified Entomoplasmatales Order	0.729025241907946	0.310043270992744	0.3458145840085	0.976817676561108	0.990824850108649	0.994625559147417
Unclassified Epsilonproteobacteria Class	0.208428140606694	0.581041469040179	0.580436433302192	0.976817676561108	0.990824850108649	0.994625559147417
Unclassified Euryarchaeota Phylum	0.259058955775135	0.910393801681513	0.846822838405875	0.976817676561108	0.993622242825575	0.994625559147417
Unclassified Firmicutes Phylum	0.214567556008076	0.535305249968536	0.575692191490892	0.976817676561108	0.990824850108649	0.994625559147417
Unclassified Flavobacteriales Order	0.685684623117784	0.589566302447997	0.61859971651281	0.976817676561108	0.990824850108649	0.994625559147417
Unclassified Frankiales Order	0.600553568621288	0.648816557217748	0.619336560944959	0.976817676561108	0.990824850108649	0.994625559147417
Unclassified Fusobacteriales Order	0.119206489646397	0.0344753728109998	0.0373203283979606	0.976817676561108	0.990824850108649	0.994625559147417
Unclassified Gammaproteobacteria Class	0.998077111330267	0.317106769868144	0.32408098704376	0.998890180302849	0.990824850108649	0.994625559147417
Unclassified Halanaerobiales Order	0.211172217346841	0.693603401501385	0.727253699066823	0.976817676561108	0.990824850108649	0.994625559147417
Unclassified Halobacteria Class	0.348422102433579	0.613968371551408	0.539946889902082	0.976817676561108	0.990824850108649	0.994625559147417
Unclassified Halobacteriales Order	0.221521080073963	0.845315467821955	0.984253206481107	0.976817676561108	0.990824850108649	0.996735967720287
Unclassified Haloferacales Order	0.181972371478765	0.438652387101264	0.333108173351177	0.976817676561108	0.990824850108649	0.994625559147417
Unclassified Ignavibacteriales Order	0.17886622631614	0.764855923870105	0.723508036450548	0.976817676561108	0.990824850108649	0.994625559147417
Unclassified Kiritimatiellaeota Phylum	0.7113007184382	0.921003152765219	0.950774701753426	0.976817676561108	0.993622242825575	0.996133053176863
Unclassified Lactobacillales Order	0.603836029623191	0.425899228413638	0.415966894185626	0.976817676561108	0.990824850108649	0.994625559147417
Unclassified Legionellales Order	0.904256198111336	0.187831329763717	0.189182498541227	0.980030492658725	0.990824850108649	0.994625559147417
Unclassified Marinilabiliales Order	0.178661692232706	0.56127129572392	0.504011061354611	0.976817676561108	0.990824850108649	0.994625559147417
Unclassified Methanococcales Order	0.169399944319556	0.487614912695176	0.488912360874515	0.976817676561108	0.990824850108649	0.994625559147417
Unclassified Methanomassiliicoccales Order	0.86135048997413	0.933591663708262	0.921903624367567	0.976817676561108	0.993622242825575	0.994625559147417
Unclassified Methanomicrobia Class	0.815101603081703	0.69688453538661	0.590173592318435	0.976817676561108	0.990824850108649	0.994625559147417
Unclassified Methanomicrobiales Order	0.331264236462745	0.341602103789833	0.274798713101616	0.976817676561108	0.990824850108649	0.994625559147417
Unclassified Micrococcales Order	0.451698974172932	0.20484557753532	0.207701582752088	0.976817676561108	0.990824850108649	0.994625559147417
Unclassified Mollicutes Class	0.737743374495961	0.998051601049112	0.997288011629402	0.976817676561108	0.998051601049112	0.998377949715451
Unclassified Myxococcales Order	0.496450745469609	0.742320986926231	0.693459011186166	0.976817676561108	0.990824850108649	0.994625559147417
Unclassified Negativicutes Class	0.883231977569271	0.954621215865668	0.982732477101274	0.976817676561108	0.993622242825575	0.996735967720287
Unclassified Neisseriales Order	0.512447033888855	0.695438567802881	0.755529632437625	0.976817676561108	0.990824850108649	0.994625559147417
Unclassified Nitriliruptoria Class	0.268657990309738	0.801657180749913	0.914754786049451	0.976817676561108	0.990824850108649	0.994625559147417
Unclassified Nitrosomonadales Order	0.172588934051499	0.632953768707514	0.671588822698367	0.976817676561108	0.990824850108649	0.994625559147417
Unclassified Nostocales Order	0.63963020061077	0.29447092439363	0.313904731545881	0.976817676561108	0.990824850108649	0.994625559147417
Unclassified Oceanospirillales Order	0.673978245688619	0.342010783757943	0.365152405560033	0.976817676561108	0.990824850108649	0.994625559147417
Unclassified Opitutae Class	0.269426695225982	0.37126339394467	0.440517116850577	0.976817676561108	0.990824850108649	0.994625559147417
Unclassified Oscillatoriales Order	0.489949339881935	0.04085396752829	0.0349825929305818	0.976817676561108	0.990824850108649	0.994625559147417
Unclassified Parachlamydiales Order	0.0578207273906596	0.981246206827716	0.993424746225388	0.976817676561108	0.993817700322839	0.998377949715451
Unclassified Phycisphaerae Class	0.546810584551376	0.171790585192745	0.173983905255895	0.976817676561108	0.990824850108649	0.994625559147417
Unclassified Planctomycetales Order	0.681835516879132	0.690752503980981	0.730785453671028	0.976817676561108	0.990824850108649	0.994625559147417
Unclassified Planctomycetes Phylum	0.74517447403057	0.492437033741996	0.492651109393929	0.976817676561108	0.990824850108649	0.994625559147417
Unclassified Planctomycetia Class	0.414275658819102	0.900586704935649	0.900826886189511	0.976817676561108	0.993622242825575	0.994625559147417
Unclassified Propionibacteriales Order	0.937765553591301	0.238918456696062	0.25956826333874	0.982741367001135	0.990824850108649	0.994625559147417
Unclassified Proteobacteria Phylum	0.696457483118455	0.422632568388494	0.408447853822758	0.976817676561108	0.990824850108649	0.994625559147417
Unclassified Pseudomonadales Order	0.310346572124548	0.571283957325403	0.540670411580446	0.976817676561108	0.990824850108649	0.994625559147417
Unclassified Rhizobiales Order	0.46311092464854	0.401434740747841	0.369436850085253	0.976817676561108	0.990824850108649	0.994625559147417
Unclassified Rhodobacterales Order	0.212242457957353	0.0678016781629709	0.0667118065565677	0.976817676561108	0.990824850108649	0.994625559147417
Unclassified Rhodocyclales Order	0.197024774925473	0.488258169832998	0.461823644152183	0.976817676561108	0.990824850108649	0.994625559147417
Unclassified Rhodospirillales Order	0.836410110770361	0.6261600247436	0.640205300778336	0.976817676561108	0.990824850108649	0.994625559147417
Unclassified Rickettsiales Order	0.0752065265385906	0.68990741330457	0.645368023687311	0.976817676561108	0.990824850108649	0.994625559147417
Unclassified Saccharomycetales Order	0.255705478054395	0.254782074083945	0.343160804837419	0.976817676561108	0.990824850108649	0.994625559147417
Unclassified Sedimentisphaerales Order	0.070664578250412	0.206337377083355	0.26776197664963	0.976817676561108	0.990824850108649	0.994625559147417
Unclassified Selenomonadales Order	0.149272845401354	0.700514976264063	0.641898833545422	0.976817676561108	0.990824850108649	0.994625559147417
Unclassified Silvanigrellales Order	0.476967958167479	0.627536947484288	0.644272722971092	0.976817676561108	0.990824850108649	0.994625559147417
Unclassified Sordariales Order	0.927230409529207	0.88575569127369	0.932478920262477	0.982741367001135	0.993622242825575	0.996133053176863
Unclassified Sordariomycetes Class	0.318156154222699	0.525132385941275	0.597977270312256	0.976817676561108	0.990824850108649	0.994625559147417
Unclassified Spartobacteria Class	0.767814733870718	0.964004009819788	0.973081408012276	0.976817676561108	0.993622242825575	0.996263053940831
Unclassified Sphingomonadales Order	0.443566765268258	0.674405519719164	0.64017163218165	0.976817676561108	0.990824850108649	0.994625559147417
Unclassified Spirochaetales Order	0.370356807006078	0.120074993507839	0.141047255870576	0.976817676561108	0.990824850108649	0.994625559147417
Unclassified Spirochaetia Class	0.807067573036716	0.747705740472705	0.752769001076732	0.976817676561108	0.990824850108649	0.994625559147417
Unclassified Streptosporangiales Order	0.752926620975899	0.891593154748032	0.874793416811112	0.976817676561108	0.993622242825575	0.994625559147417
Unclassified Synechococcales Order	0.756666431627458	0.801186560525588	0.839809953218166	0.976817676561108	0.990824850108649	0.994625559147417
Unclassified Tenericutes Phylum	0.434039642351863	0.937976153796591	0.954627509294494	0.976817676561108	0.993622242825575	0.996133053176863
Unclassified Thaumarchaeota Phylum	0.25554277813628	0.437512796637846	0.468151651552252	0.976817676561108	0.990824850108649	0.994625559147417
Unclassified Thermoanaerobacterales Order	0.919829349685841	0.969162157438558	0.998377949715451	0.982100195409254	0.993622242825575	0.998377949715451
Unclassified Thermomicrobia Class	0.39079297630442	0.632357619459903	0.686785236092211	0.976817676561108	0.990824850108649	0.994625559147417
Unclassified Thermoplasmata Class	0.866773392847462	0.648547360672439	0.713428444050054	0.976817676561108	0.990824850108649	0.994625559147417
Unclassified Thermoplasmatales Order	0.884798620073467	0.763886868540835	0.725401582832317	0.976817676561108	0.990824850108649	0.994625559147417
Unclassified Thermotogae Class	0.0411238454403617	0.104050460289381	0.0925753250549224	0.976817676561108	0.990824850108649	0.994625559147417
Unclassified Thermotogales Order	0.808941716876631	0.378364006742954	0.335834590925657	0.976817676561108	0.990824850108649	0.994625559147417
Unclassified Tissierellales Order	0.26887401915773	0.079428244225251	0.0950216604945695	0.976817676561108	0.990824850108649	0.994625559147417
Unclassified Tissierellia Class	0.0920169053852606	0.395976927092289	0.398374676896918	0.976817676561108	0.990824850108649	0.994625559147417
Unclassified Verrucomicrobia Phylum	0.792482546355362	0.28234756089811	0.25608951983387	0.976817676561108	0.990824850108649	0.994625559147417
Unclassified Verrucomicrobiales Order	0.772414670327312	0.647438105905461	0.685185322109725	0.976817676561108	0.990824850108649	0.994625559147417
Unclassified Victivallales Order	0.455003553543318	0.244757218247051	0.289729487403525	0.976817676561108	0.990824850108649	0.994625559147417
Unclassified Xanthomonadales Order	0.554132890143435	0.490324274099844	0.437058975352319	0.976817676561108	0.990824850108649	0.994625559147417
Unclassified candidate division Zixibacteria Phylum	0.928657592781228	0.893688375773207	0.872301734311975	0.982741367001135	0.993622242825575	0.994625559147417
Unikaryonidae	0.235568663949009	0.756292443060065	0.787309578448084	0.976817676561108	0.990824850108649	0.994625559147417
Ustilaginaceae	0.36506315678829	0.907420112677151	0.857230486852004	0.976817676561108	0.993622242825575	0.994625559147417
Vallitaleaceae	0.186754865815452	0.783492575294062	0.795593852869405	0.976817676561108	0.990824850108649	0.994625559147417
Veillonellaceae	0.459405556974737	0.953171179585104	0.92532106869797	0.976817676561108	0.993622242825575	0.994625559147417
Verrucomicrobiaceae	0.474550443004262	0.731020244470645	0.644749589149725	0.976817676561108	0.990824850108649	0.994625559147417
Vibrionaceae	0.393480867987489	0.259730153565152	0.288753984819694	0.976817676561108	0.990824850108649	0.994625559147417
Vicinamibacteraceae	0.712745734745753	0.390417850448608	0.387251379340485	0.976817676561108	0.990824850108649	0.994625559147417
Vulgatibacteraceae	0.450798143196445	0.374525541451197	0.420833489385758	0.976817676561108	0.990824850108649	0.994625559147417
Waddliaceae	0.11241177002044	0.262725757240611	0.318136143026238	0.976817676561108	0.990824850108649	0.994625559147417
Wenzhouxiangellaceae	0.994319921458082	0.466609547510192	0.445249854027489	0.998890180302849	0.990824850108649	0.994625559147417
Woeseiaceae	0.434055661969105	0.567347811421352	0.590763819206962	0.976817676561108	0.990824850108649	0.994625559147417
Xanthobacteraceae	0.808927298953781	0.646060149097081	0.62060019203488	0.976817676561108	0.990824850108649	0.994625559147417
Xanthomonadaceae	0.566330930264909	0.683996528762938	0.665146069091568	0.976817676561108	0.990824850108649	0.994625559147417
Yersiniaceae	0.949617256529685	0.301494433955089	0.305917192908422	0.982741367001135	0.990824850108649	0.994625559147417
Zoogloeaceae	0.505252401646542	0.630751124469365	0.599087376700499	0.976817676561108	0.990824850108649	0.994625559147417
