p-variable	p-treatment	p-interaction	adjusted.p-variable	adjusted.p-treatment	adjusted.p-interaction
Acaryochloridaceae	0.943472258813207	0.906681202963929	0.148253005618361	0.99128645800766	0.999105814964353	0.953731006304196
Acetobacteraceae	0.563322797059507	0.845182161263912	0.436490430650871	0.957001183274319	0.999105814964353	0.953731006304196
Acholeplasmataceae	0.403854646185107	0.720951188614824	0.804159544976513	0.957001183274319	0.999105814964353	0.984736582822045
Acidaminococcaceae	0.0721560790910597	0.619310950713812	0.400435202421327	0.957001183274319	0.999105814964353	0.953731006304196
Acidiferrobacteraceae	0.664442160704804	0.125872384138576	0.116332705189668	0.957001183274319	0.999105814964353	0.953731006304196
Acidilobaceae	0.0146569201393372	0.470761229681584	0.699640535248673	0.957001183274319	0.999105814964353	0.976622372308278
Acidimicrobiaceae	0.695033019234935	0.425946298903553	0.376360778300226	0.957001183274319	0.999105814964353	0.953731006304196
Acidithiobacillaceae	0.345629818524084	0.965326826379155	0.925086348654327	0.957001183274319	0.999105814964353	0.991548863023667
Acidobacteriaceae	0.467584928320801	0.584104376019696	0.369572816774101	0.957001183274319	0.999105814964353	0.953731006304196
Acidothermaceae	0.695369828079268	0.865440483833742	0.164100773940779	0.957001183274319	0.999105814964353	0.953731006304196
Actinomycetaceae	0.311957846159887	0.727767431154844	0.997769570675267	0.957001183274319	0.999105814964353	0.999531552512805
Actinopolysporaceae	0.891239542709713	0.162888424120192	0.252669074111111	0.989363001650355	0.999105814964353	0.953731006304196
Aerococcaceae	0.130233300149953	0.489490072167793	0.989077072194813	0.957001183274319	0.999105814964353	0.999531552512805
Aeromonadaceae	0.617369330534284	0.679968005945847	0.455810706194704	0.957001183274319	0.999105814964353	0.953731006304196
Akkermansiaceae	0.717429572016013	0.856160127032982	0.643766767442579	0.9588889194984	0.999105814964353	0.976622372308278
Alcaligenaceae	0.417071830031555	0.39091113722498	0.249973810393029	0.957001183274319	0.999105814964353	0.953731006304196
Alcanivoracaceae	0.294110391629057	0.853505389048463	0.365059803904501	0.957001183274319	0.999105814964353	0.953731006304196
Alicyclobacillaceae	0.780408975761795	0.216167867402092	0.135856804115412	0.969894984554041	0.999105814964353	0.953731006304196
Alteromonadaceae	0.800378291489734	0.796015426535104	0.630007876552986	0.969894984554041	0.999105814964353	0.976622372308278
Amoebophilaceae	0.674337785608086	0.939996441225821	0.874728534634109	0.957001183274319	0.999105814964353	0.984736582822045
Anaerohalosphaeraceae	0.362786497764584	0.76224983186877	0.864182979729251	0.957001183274319	0.999105814964353	0.984736582822045
Anaerolineaceae	0.702537825489886	0.83742955864294	0.567376408647715	0.957001183274319	0.999105814964353	0.974261642609436
Anaeromyxobacteraceae	0.627227136585199	0.433117828039643	0.212041799954762	0.957001183274319	0.999105814964353	0.953731006304196
Anaplasmataceae	0.347827216800777	0.913614829960364	0.861854193850108	0.957001183274319	0.999105814964353	0.984736582822045
Aphanizomenonaceae	0.221416683039269	0.859253556254836	0.604468240376108	0.957001183274319	0.999105814964353	0.974261642609436
Aphanothecaceae	0.48180485278983	0.577701814121317	0.755384813311197	0.957001183274319	0.999105814964353	0.983425511669294
Aquificaceae	0.783299905140916	0.720352895883254	0.869010140513191	0.969894984554041	0.999105814964353	0.984736582822045
Archaeoglobaceae	0.259304062558354	0.189398085185187	0.551032429694155	0.957001183274319	0.999105814964353	0.974261642609436
Archangiaceae	0.411574814086635	0.348456503046698	0.208193524763422	0.957001183274319	0.999105814964353	0.953731006304196
Ardenticatenaceae	0.409329926932911	0.163055443629853	0.112718539600434	0.957001183274319	0.999105814964353	0.953731006304196
Arenaviridae	0.142631604447695	0.642890484447626	0.400038480551353	0.957001183274319	0.999105814964353	0.953731006304196
Aspergillaceae	0.179232627074788	0.778950923781759	0.681225104218007	0.957001183274319	0.999105814964353	0.976622372308278
Aspiviridae	0.793981092613371	0.693941422097718	0.640324843873931	0.969894984554041	0.999105814964353	0.976622372308278
Atopobiaceae	0.657620309773176	0.903024522123028	0.444359189209471	0.957001183274319	0.999105814964353	0.953731006304196
Aurantimonadaceae	0.47326619821617	0.846879505319174	0.659177756800566	0.957001183274319	0.999105814964353	0.976622372308278
Azonexaceae	0.711514394123758	0.954164043117273	0.482593355458052	0.957001183274319	0.999105814964353	0.956556745965558
Bacillaceae	0.502226277930876	0.972617962174813	0.975103942929614	0.957001183274319	0.999105814964353	0.999531552512805
Bacteriovoracaceae	0.706020002384412	0.428172770078074	0.460742235975242	0.957001183274319	0.999105814964353	0.953731006304196
Bacteroidaceae	0.377533495587347	0.837531780244428	0.808622145102899	0.957001183274319	0.999105814964353	0.984736582822045
Baekduiaceae	0.435665269216137	0.0998157569657355	0.109541986136777	0.957001183274319	0.999105814964353	0.953731006304196
Barnesiellaceae	0.959128546923853	0.922475070067843	0.775227511089595	0.992814920175161	0.999105814964353	0.984736582822045
Bartonellaceae	0.579335189768239	0.635272882609161	0.663867632956431	0.957001183274319	0.999105814964353	0.976622372308278
Bdellovibrionaceae	0.384987670626456	0.51821595526071	0.958307438807796	0.957001183274319	0.999105814964353	0.999083124925224
Beijerinckiaceae	0.243962721737434	0.688845254870002	0.389601168455675	0.957001183274319	0.999105814964353	0.953731006304196
Bernardetiaceae	0.419330603461199	0.46156995035114	0.350394163302099	0.957001183274319	0.999105814964353	0.953731006304196
Beutenbergiaceae	0.569765055787838	0.838939007839246	0.25448658293024	0.957001183274319	0.999105814964353	0.953731006304196
Bifidobacteriaceae	0.527791688527595	0.0846411857681681	0.586702447926465	0.957001183274319	0.999105814964353	0.974261642609436
Blattabacteriaceae	0.402066900495062	0.501609312858631	0.658291342458301	0.957001183274319	0.999105814964353	0.976622372308278
Bogoriellaceae	0.712549794068379	0.106375721393685	0.0395040640612356	0.957001183274319	0.999105814964353	0.953731006304196
Borreliaceae	0.344295158083106	0.393696213247326	0.245519222566054	0.957001183274319	0.999105814964353	0.953731006304196
Brachyspiraceae	0.63554028317081	0.86232042280155	0.824336787408004	0.957001183274319	0.999105814964353	0.984736582822045
Bradymonadaceae	0.620214661298073	0.110691618732263	0.15602970142962	0.957001183274319	0.999105814964353	0.953731006304196
Bradyrhizobiaceae	0.607894636919605	0.373573481473723	0.221598364049943	0.957001183274319	0.999105814964353	0.953731006304196
Brevibacteriaceae	0.780350298121608	0.0598000073056167	0.083371847024942	0.969894984554041	0.999105814964353	0.953731006304196
Brucellaceae	0.557738034536602	0.36120577862898	0.310223065998826	0.957001183274319	0.999105814964353	0.953731006304196
Budviciaceae	0.226130700987447	0.609884565667849	0.805467442038464	0.957001183274319	0.999105814964353	0.984736582822045
Burkholderiaceae	0.563990498385458	0.297900834823928	0.179632353601321	0.957001183274319	0.999105814964353	0.953731006304196
Caedimonadaceae	0.900596697249417	0.272136891912943	0.900833430491443	0.990224227817777	0.999105814964353	0.984736582822045
Caldilineaceae	0.66186174667862	0.495276108299616	0.670180785633064	0.957001183274319	0.999105814964353	0.976622372308278
Caldisphaeraceae	0.134361525747508	0.50109601583411	0.482730144477737	0.957001183274319	0.999105814964353	0.956556745965558
Calditrichaceae	0.856960430227735	0.478182741509861	0.106929102951682	0.979509584221026	0.999105814964353	0.953731006304196
Calotrichaceae	0.0559074269755155	0.573802455397712	0.626224283580148	0.957001183274319	0.999105814964353	0.976622372308278
Campylobacteraceae	0.390215441539375	0.785903598599973	0.41156313552386	0.957001183274319	0.999105814964353	0.953731006304196
Candidatus Brocadiaceae	0.917837820128803	0.00689047558096796	0.12887739532043	0.990224227817777	0.999105814964353	0.953731006304196
Candidatus Deianiraeaceae	0.141166517311215	0.528439467928143	0.355833355789984	0.957001183274319	0.999105814964353	0.953731006304196
Candidatus Methanomethylophilaceae	0.745041821389486	0.833540894127794	0.486906899439159	0.969894984554041	0.999105814964353	0.956556745965558
Candidatus Midichloriaceae	0.324137077583343	0.921097094919172	0.897845737324684	0.957001183274319	0.999105814964353	0.984736582822045
Candidatus Nanopelagicaceae	0.617004136285717	0.626277640391312	0.867559422002369	0.957001183274319	0.999105814964353	0.984736582822045
Candidatus Nitrosocaldaceae	0.466399685524115	0.0949220089465975	0.0842153596179978	0.957001183274319	0.999105814964353	0.953731006304196
Candidatus Paracaedibacteraceae	0.981078955499444	0.72614592396333	0.346974047783474	0.992814920175161	0.999105814964353	0.953731006304196
Cardiobacteriaceae	0.384653124755241	0.895963032021467	0.638606672246003	0.957001183274319	0.999105814964353	0.976622372308278
Carnobacteriaceae	0.554819874910765	0.998076757308156	0.876088074296412	0.957001183274319	0.999368595174174	0.984736582822045
Casimicrobiaceae	0.247860341047043	0.8010606444859	0.876570715872318	0.957001183274319	0.999105814964353	0.984736582822045
Catenulisporaceae	0.436079597487045	0.264220728092273	0.151711870252391	0.957001183274319	0.999105814964353	0.953731006304196
Caulobacteraceae	0.418910971322013	0.536888360940448	0.265045419793478	0.957001183274319	0.999105814964353	0.953731006304196
Cellulomonadaceae	0.468520164014787	0.124036997715323	0.11148451168231	0.957001183274319	0.999105814964353	0.953731006304196
Cellvibrionaceae	0.435260652344688	0.68828882265588	0.936968324797625	0.957001183274319	0.999105814964353	0.995730500658291
Chaetomiaceae	0.66948931666215	0.637394896410752	0.419087562475916	0.957001183274319	0.999105814964353	0.953731006304196
Chamaesiphonaceae	0.212449856162314	0.937792291200089	0.6829972543362	0.957001183274319	0.999105814964353	0.976622372308278
Chelatococcaceae	0.454533990946189	0.130113861828543	0.082274127244658	0.957001183274319	0.999105814964353	0.953731006304196
Chitinophagaceae	0.787596102136296	0.64460613250851	0.504732137707382	0.969894984554041	0.999105814964353	0.956556745965558
Chlamydiaceae	0.526375325556512	0.0141362199888105	0.0393148043243788	0.957001183274319	0.999105814964353	0.953731006304196
Chlorobiaceae	0.816029383619571	0.714382071295126	0.389395461772304	0.970793577064662	0.999105814964353	0.953731006304196
Chloroflexaceae	0.42650070928083	0.859224754864784	0.503683266410608	0.957001183274319	0.999105814964353	0.956556745965558
Christensenellaceae	0.502877816523761	0.672879122439632	0.781532426239583	0.957001183274319	0.999105814964353	0.984736582822045
Chromatiaceae	0.436512945934948	0.421656768770498	0.248295837733883	0.957001183274319	0.999105814964353	0.953731006304196
Chromobacteriaceae	0.439733334067771	0.385039330460693	0.276888800199777	0.957001183274319	0.999105814964353	0.953731006304196
Chroococcaceae	0.80331589447006	0.888497567131504	0.755113815741818	0.969894984554041	0.999105814964353	0.983425511669294
Chroococcidiopsidaceae	0.572440416299024	0.527768801447475	0.551177425607836	0.957001183274319	0.999105814964353	0.974261642609436
Chrysiogenaceae	0.343165545393603	0.0459193901792587	0.163571966241026	0.957001183274319	0.999105814964353	0.953731006304196
Chthonomonadaceae	0.949880885529566	0.455622258439105	0.123968629545667	0.992814920175161	0.999105814964353	0.953731006304196
Clavicipitaceae	0.36465789196722	0.226286588040002	0.0875736276439522	0.957001183274319	0.999105814964353	0.953731006304196
Clostridiaceae	0.154978406192323	0.53407394600294	0.975861444955092	0.957001183274319	0.999105814964353	0.999531552512805
Clostridiales Family XIII. Incertae Sedis	0.590016400527394	0.634851089846307	0.938006993373753	0.957001183274319	0.999105814964353	0.995730500658291
Clostridiales Family XVI. Incertae Sedis	0.782994624862418	0.856012378902678	0.54718924774524	0.969894984554041	0.999105814964353	0.974261642609436
Clostridiales Family XVII. Incertae Sedis	0.773727119580209	0.440073040054148	0.428647049405849	0.969894984554041	0.999105814964353	0.953731006304196
Cohaesibacteraceae	0.482276788631113	0.667151246749535	0.557868519004051	0.957001183274319	0.999105814964353	0.974261642609436
Coleofasciculaceae	0.399773113379792	0.917771157780815	0.222587600616377	0.957001183274319	0.999105814964353	0.953731006304196
Colwelliaceae	0.936347704887893	0.888663290406063	0.505490854767168	0.990224227817777	0.999105814964353	0.956556745965558
Comamonadaceae	0.483604509031248	0.300327310888121	0.198130745843535	0.957001183274319	0.999105814964353	0.953731006304196
Conexibacteraceae	0.741737194563324	0.37599817830368	0.201348634388761	0.969894984554041	0.999105814964353	0.953731006304196
Coprothermobacteraceae	0.205960233053763	0.934665106693715	0.975097259787595	0.957001183274319	0.999105814964353	0.999531552512805
Coriobacteriaceae	0.670594671669718	0.969832902408531	0.576557175269287	0.957001183274319	0.999105814964353	0.974261642609436
Corynebacteriaceae	0.703456545185598	0.352293033227806	0.143050640626616	0.957001183274319	0.999105814964353	0.953731006304196
Coxiellaceae	0.445303162142961	0.295122447943426	0.609750618596657	0.957001183274319	0.999105814964353	0.974261642609436
Crocinitomicaceae	0.150587991371536	0.355435179460273	0.277319050522538	0.957001183274319	0.999105814964353	0.953731006304196
Cryomorphaceae	0.933216083391369	0.923200756289014	0.839883466083451	0.990224227817777	0.999105814964353	0.984736582822045
Cryptococcaceae	0.221543112361494	0.750161794584216	0.794475766316569	0.957001183274319	0.999105814964353	0.984736582822045
Cuniculiplasmataceae	0.295891987495901	0.485296271912999	0.901581428567299	0.957001183274319	0.999105814964353	0.984736582822045
Cyanobacteriaceae	0.256317263601204	0.510004502900521	0.489611896917383	0.957001183274319	0.999105814964353	0.956556745965558
Cyanothecaceae	0.987185934750902	0.411625931044876	0.133951756476055	0.992814920175161	0.999105814964353	0.953731006304196
Cyclobacteriaceae	0.567693611617365	0.921948278393666	0.882897041907028	0.957001183274319	0.999105814964353	0.984736582822045
Cytophagaceae	0.73737323906256	0.864221668321221	0.662393992663062	0.969119114196508	0.999105814964353	0.976622372308278
Debaryomycetaceae	0.27651091857983	0.975576149032221	0.76257360043426	0.957001183274319	0.999105814964353	0.984736582822045
Deferribacteraceae	0.838811467463273	0.808240380108281	0.730636205813226	0.974233394201921	0.999105814964353	0.976622372308278
Dehalococcoidaceae	0.111353275751999	0.201969129999294	0.244862833509789	0.957001183274319	0.999105814964353	0.953731006304196
Deinococcaceae	0.518279837687726	0.365563498634041	0.234388742790809	0.957001183274319	0.999105814964353	0.953731006304196
Dermabacteraceae	0.714671784747465	0.161105371041402	0.140270656051906	0.957521420341264	0.999105814964353	0.953731006304196
Dermacoccaceae	0.408162129412648	0.388811445415109	0.158942035491357	0.957001183274319	0.999105814964353	0.953731006304196
Dermatophilaceae	0.830040444187962	0.0719420020184278	0.055464710165957	0.971370450654752	0.999105814964353	0.953731006304196
Dermocarpellaceae	0.242648356033829	0.0995677398431109	0.33203493640615	0.957001183274319	0.999105814964353	0.953731006304196
Desulfarculaceae	0.82266684334499	0.963056418266303	0.728591098347983	0.971370450654752	0.999105814964353	0.976622372308278
Desulfobacteraceae	0.519429612583367	0.660807183900083	0.49455783416531	0.957001183274319	0.999105814964353	0.956556745965558
Desulfobulbaceae	0.461987310079773	0.550195191229099	0.447938374921392	0.957001183274319	0.999105814964353	0.953731006304196
Desulfohalobiaceae	0.602506712003329	0.0209381169401458	0.0395312120847205	0.957001183274319	0.999105814964353	0.953731006304196
Desulfomicrobiaceae	0.379480348218892	0.342426025543681	0.439861687676374	0.957001183274319	0.999105814964353	0.953731006304196
Desulfovibrionaceae	0.80386240058037	0.419698365891115	0.846815251023237	0.969894984554041	0.999105814964353	0.984736582822045
Desulfurellaceae	0.7539947768238	0.771496467354131	0.798644901491915	0.969894984554041	0.999105814964353	0.984736582822045
Desulfurobacteriaceae	0.269681303438864	0.846382323458112	0.732104755317089	0.957001183274319	0.999105814964353	0.976622372308278
Desulfurococcaceae	0.881617922791524	0.204799227887451	0.614713871633388	0.986402456464375	0.999105814964353	0.975063382590891
Desulfuromonadaceae	0.470820759232975	0.419150693127398	0.420177510360077	0.957001183274319	0.999105814964353	0.953731006304196
Dictyoglomaceae	0.263536217838353	0.673158562680277	0.506510366228918	0.957001183274319	0.999105814964353	0.956556745965558
Dietziaceae	0.373918933558221	0.516566598918715	0.457567396505407	0.957001183274319	0.999105814964353	0.953731006304196
Dipodascaceae	0.585139769119315	0.473709000410149	0.643222874942765	0.957001183274319	0.999105814964353	0.976622372308278
Dysgonamonadaceae	0.753441465915844	0.985602225341632	0.924034166576218	0.969894984554041	0.999368595174174	0.991548863023667
Ectothiorhodospiraceae	0.27615782613111	0.412853026275017	0.397508679688156	0.957001183274319	0.999105814964353	0.953731006304196
Eggerthellaceae	0.107821618019405	0.120710962512026	0.036989826226373	0.957001183274319	0.999105814964353	0.953731006304196
Egibacteraceae	0.411102539563902	0.533099177706071	0.544332754059844	0.957001183274319	0.999105814964353	0.974261642609436
Egicoccaceae	0.909049636344009	0.326746013011333	0.211797634893538	0.990224227817777	0.999105814964353	0.953731006304196
Elusimicrobiaceae	0.322927188129974	0.300557676751326	0.723744201571018	0.957001183274319	0.999105814964353	0.976622372308278
Emcibacteraceae	0.390541119652061	0.677363715007976	0.865159633681154	0.957001183274319	0.999105814964353	0.984736582822045
Endomicrobiaceae	0.959865388434408	0.502396548944581	0.993994919270882	0.992814920175161	0.999105814964353	0.999531552512805
Endozoicomonadaceae	0.293479237284627	0.720025507856093	0.769780604264139	0.957001183274319	0.999105814964353	0.984736582822045
Enterobacteriaceae	0.0299315632204607	0.282733065696169	0.0788780376610857	0.957001183274319	0.999105814964353	0.953731006304196
Enterococcaceae	0.461125935745987	0.820733559237839	0.375985286237474	0.957001183274319	0.999105814964353	0.953731006304196
Entomoplasmataceae	0.425021937225458	0.759854162994976	0.998622760030607	0.957001183274319	0.999105814964353	0.999531552512805
Erwiniaceae	0.435941466808355	0.812802659756639	0.44293363480632	0.957001183274319	0.999105814964353	0.953731006304196
Erysipelotrichaceae	0.0864474347405635	0.874353572871203	0.503111171572813	0.957001183274319	0.999105814964353	0.956556745965558
Erythrobacteraceae	0.512577067911171	0.346334279840518	0.21125244824924	0.957001183274319	0.999105814964353	0.953731006304196
Eubacteriaceae	0.984041908288878	0.1391184263183	0.240343071495217	0.992814920175161	0.999105814964353	0.953731006304196
Euzebyaceae	0.360126475329274	0.330990381555498	0.367365115175237	0.957001183274319	0.999105814964353	0.953731006304196
Ferrimonadaceae	0.711214250142007	0.862242894360949	0.689395262444739	0.957001183274319	0.999105814964353	0.976622372308278
Ferroplasmaceae	0.751816099866911	0.616189781743394	0.547577114249177	0.969894984554041	0.999105814964353	0.974261642609436
Fervidicoccaceae	0.907450589159738	0.456323020451438	0.802905527124188	0.990224227817777	0.999105814964353	0.984736582822045
Fervidobacteriaceae	0.182643206260674	0.906722552061328	0.693246885518742	0.957001183274319	0.999105814964353	0.976622372308278
Fibrobacteraceae	0.314803217301118	0.959136537965274	0.895138253945839	0.957001183274319	0.999105814964353	0.984736582822045
Fimbriimonadaceae	0.947249323367224	0.0707911059051899	0.158693020364074	0.992185249523164	0.999105814964353	0.953731006304196
Flammeovirgaceae	0.349950939946614	0.701751257818058	0.461664070866673	0.957001183274319	0.999105814964353	0.953731006304196
Flavobacteriaceae	0.514508665192527	0.64145315720415	0.712095888569459	0.957001183274319	0.999105814964353	0.976622372308278
Francisellaceae	0.693744786212848	0.75771144315331	0.528771636283846	0.957001183274319	0.999105814964353	0.974261642609436
Frankiaceae	0.55638072076809	0.366995172361077	0.26616592476474	0.957001183274319	0.999105814964353	0.953731006304196
Fusobacteriaceae	0.481522016242671	0.90606291803314	0.829708420543972	0.957001183274319	0.999105814964353	0.984736582822045
Gallionellaceae	0.605107816003925	0.569934420434204	0.386057415514833	0.957001183274319	0.999105814964353	0.953731006304196
Gemmataceae	0.547243731922494	0.161582285375505	0.186869614185783	0.957001183274319	0.999105814964353	0.953731006304196
Gemmatimonadaceae	0.530032972933096	0.520971314229535	0.307310345350349	0.957001183274319	0.999105814964353	0.953731006304196
Geobacteraceae	0.450619242919698	0.705085684938413	0.350726059154552	0.957001183274319	0.999105814964353	0.953731006304196
Geodermatophilaceae	0.773968212954638	0.573581756497966	0.340678896821418	0.969894984554041	0.999105814964353	0.953731006304196
Gloeobacteraceae	0.39137819811764	0.674488368079472	0.493406205068434	0.957001183274319	0.999105814964353	0.956556745965558
Gloeomargaritaceae	0.46153961759135	0.798157390912595	0.961423809425283	0.957001183274319	0.999105814964353	0.999083124925224
Glomerellaceae	0.44701874290242	0.606157989582088	0.288312814750952	0.957001183274319	0.999105814964353	0.953731006304196
Glycomycetaceae	0.630809737817167	0.714662681822961	0.689829167906006	0.957001183274319	0.999105814964353	0.976622372308278
Gomontiellaceae	0.505142035092776	0.832174633593231	0.799729095670139	0.957001183274319	0.999105814964353	0.984736582822045
Gordoniaceae	0.791417296589753	0.205898942198446	0.136212331944403	0.969894984554041	0.999105814964353	0.953731006304196
Gottschalkiaceae	0.255061589392745	0.478227769453283	0.717828370341014	0.957001183274319	0.999105814964353	0.976622372308278
Granulosicoccaceae	0.53359492725386	0.928298021866536	0.839151356987379	0.957001183274319	0.999105814964353	0.984736582822045
Hafniaceae	0.701072432051249	0.282244037741451	0.336154206401931	0.957001183274319	0.999105814964353	0.953731006304196
Hahellaceae	0.420030612675848	0.425206745024267	0.621865865654428	0.957001183274319	0.999105814964353	0.976622372308278
Halanaerobiaceae	0.804002205007033	0.974924948830332	0.924665978418019	0.969894984554041	0.999105814964353	0.991548863023667
Halieaceae	0.688494917466499	0.658409303417661	0.585773524764855	0.957001183274319	0.999105814964353	0.974261642609436
Haliscomenobacteraceae	0.646191571801519	0.370256471428758	0.549440499780771	0.957001183274319	0.999105814964353	0.974261642609436
Haloarculaceae	0.289637324502043	0.632465129952699	0.420943912854276	0.957001183274319	0.999105814964353	0.953731006304196
Halobacteriaceae	0.625566649264535	0.148675074956302	0.0883133943759467	0.957001183274319	0.999105814964353	0.953731006304196
Halobacteriovoraceae	0.843629642080649	0.730161258028786	0.640952194961677	0.974233394201921	0.999105814964353	0.976622372308278
Halobacteroidaceae	0.993535278744481	0.563768619985821	0.402326444849329	0.994078733081609	0.999105814964353	0.953731006304196
Haloferacaceae	0.472211911612929	0.412177190269508	0.176274957527375	0.957001183274319	0.999105814964353	0.953731006304196
Halomonadaceae	0.619013587317311	0.447735104126621	0.254288289258519	0.957001183274319	0.999105814964353	0.953731006304196
Halorubraceae	0.411745289283556	0.36578958437366	0.151055149254466	0.957001183274319	0.999105814964353	0.953731006304196
Halothiobacillaceae	0.451755299480345	0.527337597038521	0.353364074177812	0.957001183274319	0.999105814964353	0.953731006304196
Hapalosiphonaceae	0.731263433912252	0.969057169015604	0.228082224845852	0.965687596936754	0.999105814964353	0.953731006304196
Helicobacteraceae	0.492898304654007	0.924325003950811	0.847351845256666	0.957001183274319	0.999105814964353	0.984736582822045
Heliobacteriaceae	0.840687098465872	0.826102955037207	0.361670338721833	0.974233394201921	0.999105814964353	0.953731006304196
Holosporaceae	0.132680618485898	0.163783199778378	0.354090948996466	0.957001183274319	0.999105814964353	0.953731006304196
Hungateiclostridiaceae	0.407098624830067	0.969899646575824	0.921400475867501	0.957001183274319	0.999105814964353	0.991548863023667
Hydrogenophilaceae	0.825083034293714	0.121082530332968	0.439859036412543	0.971370450654752	0.999105814964353	0.953731006304196
Hydrogenothermaceae	0.651998413460591	0.914459226238922	0.962884460978658	0.957001183274319	0.999105814964353	0.999083124925224
Hyellaceae	0.814105804878587	0.245174633743464	0.954120761434665	0.970793577064662	0.999105814964353	0.999083124925224
Hymenobacteraceae	0.686932991739047	0.759663011750454	0.494675903166346	0.957001183274319	0.999105814964353	0.956556745965558
Hyphomicrobiaceae	0.613827350033349	0.312942366497155	0.224045473647292	0.957001183274319	0.999105814964353	0.953731006304196
Hyphomonadaceae	0.453686191216318	0.495781613613958	0.546373861738159	0.957001183274319	0.999105814964353	0.974261642609436
Iamiaceae	0.723260320691499	0.322071096244342	0.200834530030653	0.964347094255332	0.999105814964353	0.953731006304196
Ichthyobacteriaceae	0.396251075565183	0.693108079771398	0.580264182670885	0.957001183274319	0.999105814964353	0.974261642609436
Idiomarinaceae	0.894123056100095	0.815669992996062	0.873261901038568	0.989363001650355	0.999105814964353	0.984736582822045
Ignavibacteriaceae	0.230737140770367	0.528037108609205	0.884317482211801	0.957001183274319	0.999105814964353	0.984736582822045
Ilumatobacteraceae	0.44360321367443	0.792856858366018	0.753371535051119	0.957001183274319	0.999105814964353	0.983425511669294
Immundisolibacteraceae	0.366445712140378	0.288853208324958	0.126592962940904	0.957001183274319	0.999105814964353	0.953731006304196
Intrasporangiaceae	0.617577259590676	0.167757556090918	0.131200061132114	0.957001183274319	0.999105814964353	0.953731006304196
Isosphaeraceae	0.669903574393885	0.100831363233538	0.0846646823108103	0.957001183274319	0.999105814964353	0.953731006304196
Jiangellaceae	0.65309845677334	0.0569756251506516	0.0368989184369191	0.957001183274319	0.999105814964353	0.953731006304196
Jonesiaceae	0.893718272506006	0.383504842204676	0.947095436162022	0.989363001650355	0.999105814964353	0.999083124925224
Kangiellaceae	0.248711961302276	0.992888052273982	0.882389365150728	0.957001183274319	0.999368595174174	0.984736582822045
Kineosporiaceae	0.177602422719638	0.51515849629599	0.33019507613701	0.957001183274319	0.999105814964353	0.953731006304196
Kiritimatiellaceae	0.958255136245781	0.156096318542541	0.190508787956667	0.992814920175161	0.999105814964353	0.953731006304196
Kofleriaceae	0.460815073691147	0.468667472635957	0.604278990987223	0.957001183274319	0.999105814964353	0.974261642609436
Kosmotogaceae	0.0688624130863745	0.787565825611707	0.612443460118613	0.957001183274319	0.999105814964353	0.974261642609436
Ktedonosporobacteraceae	0.209563479289909	0.872091421891242	0.854120216080935	0.957001183274319	0.999105814964353	0.984736582822045
Labilitrichaceae	0.858704219025619	0.232776269447525	0.314670545372775	0.979509584221026	0.999105814964353	0.953731006304196
Lachnospiraceae	0.272181578205392	0.346248369639177	0.689210605920143	0.957001183274319	0.999105814964353	0.976622372308278
Lacipirellulaceae	0.901614012752957	0.41038206632379	0.473058619570455	0.990224227817777	0.999105814964353	0.956556745965558
Lactobacillaceae	0.503609942777158	0.816456281340983	0.982685039965536	0.957001183274319	0.999105814964353	0.999531552512805
Legionellaceae	0.355168132162392	0.981352077641724	0.831218943225832	0.957001183274319	0.999368595174174	0.984736582822045
Leptolyngbyaceae	0.780009775775948	0.864040994825183	0.583284146524551	0.969894984554041	0.999105814964353	0.974261642609436
Leptospiraceae	0.457791951276628	0.517763089706639	0.877072923675175	0.957001183274319	0.999105814964353	0.984736582822045
Leptotrichiaceae	0.338038026943834	0.665516790926688	0.648858549178451	0.957001183274319	0.999105814964353	0.976622372308278
Leuconostocaceae	0.00660175750446991	0.153849063111903	0.0227279906838965	0.957001183274319	0.999105814964353	0.953731006304196
Lichenihabitantaceae	0.326024671873026	0.12126054835803	0.0949290757801368	0.957001183274319	0.999105814964353	0.953731006304196
Limnochordaceae	0.616607283851839	0.706855065851732	0.652034593312105	0.957001183274319	0.999105814964353	0.976622372308278
Listeriaceae	0.544099150867418	0.869990290564664	0.985879730931349	0.957001183274319	0.999105814964353	0.999531552512805
Litoricolaceae	0.935302681932587	0.739159540349207	0.74632426883619	0.990224227817777	0.999105814964353	0.98322433507775
Magnetococcaceae	0.0844367270232885	0.847385824504747	0.999531552512805	0.957001183274319	0.999105814964353	0.999531552512805
Malasseziaceae	0.100904768696303	0.31009483916817	0.317220439905675	0.957001183274319	0.999105814964353	0.953731006304196
Marinifilaceae	0.69171118542252	0.653559768692969	0.709722604099141	0.957001183274319	0.999105814964353	0.976622372308278
Marinilabiliaceae	0.536275700107046	0.903375705600532	0.315979124974416	0.957001183274319	0.999105814964353	0.953731006304196
Mariprofundaceae	0.808245820461701	0.922379039002606	0.431827345052968	0.969894984554041	0.999105814964353	0.953731006304196
Melioribacteraceae	0.256298850516887	0.742656338884262	0.700180905119707	0.957001183274319	0.999105814964353	0.976622372308278
Merismopediaceae	0.560228961683145	0.21718396146329	0.833336027832919	0.957001183274319	0.999105814964353	0.984736582822045
Mesoaciditogaceae	0.161840409046983	0.357456950762466	0.357266047415737	0.957001183274319	0.999105814964353	0.953731006304196
Methanobacteriaceae	0.420139142341857	0.441129105401192	0.641168348815482	0.957001183274319	0.999105814964353	0.976622372308278
Methanocaldococcaceae	0.123807278268826	0.652551175820121	0.550533958693527	0.957001183274319	0.999105814964353	0.974261642609436
Methanocellaceae	0.760450813501346	0.939798778716704	0.492000378380844	0.969894984554041	0.999105814964353	0.956556745965558
Methanococcaceae	0.270564413933892	0.378046570229549	0.383061999786063	0.957001183274319	0.999105814964353	0.953731006304196
Methanocorpusculaceae	0.203119815444771	0.710542012687732	0.441812128307442	0.957001183274319	0.999105814964353	0.953731006304196
Methanomassiliicoccaceae	0.319847178789268	0.964560076476598	0.693896408047388	0.957001183274319	0.999105814964353	0.976622372308278
Methanomicrobiaceae	0.967265090449554	0.513335047349578	0.417460796941907	0.992814920175161	0.999105814964353	0.953731006304196
Methanopyraceae	0.763689481451209	0.915432093659956	0.532944880888279	0.969894984554041	0.999105814964353	0.974261642609436
Methanoregulaceae	0.796140240705346	0.663607473141032	0.599256832327484	0.969894984554041	0.999105814964353	0.974261642609436
Methanosarcinaceae	0.470050419887684	0.662698871769417	0.791614162956065	0.957001183274319	0.999105814964353	0.984736582822045
Methanospirillaceae	0.12592925512319	0.00255696938411773	0.126349838198375	0.957001183274319	0.999105814964353	0.953731006304196
Methanothermaceae	0.456301590032015	0.0490712446620903	0.81326981642957	0.957001183274319	0.999105814964353	0.984736582822045
Methanotrichaceae	0.671687444985037	0.690053905304385	0.409457468239901	0.957001183274319	0.999105814964353	0.953731006304196
Methylacidiphilaceae	0.664558297158637	0.943569539358388	0.592087930945476	0.957001183274319	0.999105814964353	0.974261642609436
Methylobacteriaceae	0.665852664786882	0.263047645898891	0.200825592256651	0.957001183274319	0.999105814964353	0.953731006304196
Methylococcaceae	0.65131501017165	0.513042135142743	0.39224866970775	0.957001183274319	0.999105814964353	0.953731006304196
Methylocystaceae	0.655001007464486	0.270857664400499	0.232889144885124	0.957001183274319	0.999105814964353	0.953731006304196
Methylophilaceae	0.369714248761026	0.119845586571826	0.235174402939125	0.957001183274319	0.999105814964353	0.953731006304196
Microbacteriaceae	0.575914641721656	0.200571131804153	0.133827571065144	0.957001183274319	0.999105814964353	0.953731006304196
Microbulbiferaceae	0.728062887496013	0.207954278781638	0.181307169404518	0.965687596936754	0.999105814964353	0.953731006304196
Micrococcaceae	0.171151072149068	0.271202909433164	0.423928124406479	0.957001183274319	0.999105814964353	0.953731006304196
Microcoleaceae	0.331988906882408	0.92788868509657	0.731136648818836	0.957001183274319	0.999105814964353	0.976622372308278
Microcystaceae	0.37201722390887	0.394763648018773	0.0266861578316906	0.957001183274319	0.999105814964353	0.953731006304196
Micromonosporaceae	0.604187048432169	0.350033328175246	0.217950020175143	0.957001183274319	0.999105814964353	0.953731006304196
Moraxellaceae	0.416465298952489	0.926637439037059	0.922456189539878	0.957001183274319	0.999105814964353	0.991548863023667
Morganellaceae	0.321346580687102	0.668045474051726	0.661674719477052	0.957001183274319	0.999105814964353	0.976622372308278
Moritellaceae	0.791745827179929	0.43900014539152	0.441628490763376	0.969894984554041	0.999105814964353	0.953731006304196
Muribaculaceae	0.951949481365427	0.925327256916183	0.951862815025594	0.992814920175161	0.999105814964353	0.999083124925224
Mycobacteriaceae	0.58281285088885	0.350354725766645	0.200255670078454	0.957001183274319	0.999105814964353	0.953731006304196
Mycoplasmataceae	0.422882551315777	0.854226904694009	0.854812264640849	0.957001183274319	0.999105814964353	0.984736582822045
Mycosphaerellaceae	0.581203285750011	0.768848570246102	0.798430737710353	0.957001183274319	0.999105814964353	0.984736582822045
Myxococcaceae	0.524690382661545	0.453850729283318	0.336830514558372	0.957001183274319	0.999105814964353	0.953731006304196
Nairoviridae	0.544424333697211	0.749581465448382	0.61175270979302	0.957001183274319	0.999105814964353	0.974261642609436
Nakamurellaceae	0.75128027116257	0.609461714354535	0.391986967035031	0.969894984554041	0.999105814964353	0.953731006304196
Natranaerobiaceae	0.872067493696597	0.217357359803016	0.18433219422	0.986402456464375	0.999105814964353	0.953731006304196
Natrialbaceae	0.912345922296144	0.244280393555259	0.0982458916601468	0.990224227817777	0.999105814964353	0.953731006304196
Nautiliaceae	0.264484687391473	0.746235890902333	0.468226635341371	0.957001183274319	0.999105814964353	0.953731006304196
Nectriaceae	0.298719035476659	0.611375162904528	0.899990220173964	0.957001183274319	0.999105814964353	0.984736582822045
Neisseriaceae	0.337441348849008	0.697174228554316	0.374168480904364	0.957001183274319	0.999105814964353	0.953731006304196
Nitrosomonadaceae	0.674986374917411	0.908479651627534	0.582180554018984	0.957001183274319	0.999105814964353	0.974261642609436
Nitrosopumilaceae	0.357164749817115	0.899077486444789	0.436498192011024	0.957001183274319	0.999105814964353	0.953731006304196
Nitrososphaeraceae	0.529964437432064	0.819550774875591	0.855686152448565	0.957001183274319	0.999105814964353	0.984736582822045
Nitrospiraceae	0.94033393523556	0.741781950287887	0.423343106914053	0.99128645800766	0.999105814964353	0.953731006304196
Nocardiaceae	0.397190871427398	0.469297654818571	0.203614853633311	0.957001183274319	0.999105814964353	0.953731006304196
Nocardioidaceae	0.565097217905849	0.295376021976652	0.16194850003355	0.957001183274319	0.999105814964353	0.953731006304196
Nocardiopsaceae	0.733232852232077	0.132815817563003	0.122366578488115	0.965977409145839	0.999105814964353	0.953731006304196
Nostocaceae	0.342325560939654	0.907239341970525	0.703525928824009	0.957001183274319	0.999105814964353	0.976622372308278
Oceanospirillaceae	0.558829387212645	0.46923848957098	0.952254700923822	0.957001183274319	0.999105814964353	0.999083124925224
Odoribacteraceae	0.421739422686282	0.38748585961349	0.442122164210975	0.957001183274319	0.999105814964353	0.953731006304196
Oleiphilaceae	0.589442611107709	0.358590824566603	0.255006610300327	0.957001183274319	0.999105814964353	0.953731006304196
Opitutaceae	0.238222993574344	0.293680735146016	0.344743698675135	0.957001183274319	0.999105814964353	0.953731006304196
Orbaceae	0.257586194835842	0.414056349473959	0.929496366159717	0.957001183274319	0.999105814964353	0.994344949845279
Oscillatoriaceae	0.59206299466566	0.449598728888331	0.631494977014831	0.957001183274319	0.999105814964353	0.976622372308278
Oscillospiraceae	0.887823608714329	0.21940438037882	0.794665723019108	0.989363001650355	0.999105814964353	0.984736582822045
Oxalobacteraceae	0.41223024220688	0.549288710891963	0.632850889855213	0.957001183274319	0.999105814964353	0.976622372308278
Paenibacillaceae	0.463681833278196	0.840930054425125	0.459881945919634	0.957001183274319	0.999105814964353	0.953731006304196
Paludibacteraceae	0.64560931884197	0.462982532505649	0.447825430432048	0.957001183274319	0.999105814964353	0.953731006304196
Parachlamydiaceae	0.977243654499235	0.677807121871035	0.745344142625674	0.992814920175161	0.999105814964353	0.98322433507775
Paramyxoviridae	0.239490319627825	0.0589872591142656	0.0120010810545763	0.957001183274319	0.999105814964353	0.953731006304196
Parvularculaceae	0.902585641075977	0.116620626071876	0.589814212081703	0.990224227817777	0.999105814964353	0.974261642609436
Pasteurellaceae	0.0980883930148464	0.304945765002098	0.318235902521018	0.957001183274319	0.999105814964353	0.953731006304196
Pectobacteriaceae	0.410898674743132	0.731189185435461	0.423894175339462	0.957001183274319	0.999105814964353	0.953731006304196
Pelagibacteraceae	0.360398077261868	0.507889732943396	0.416576815108881	0.957001183274319	0.999105814964353	0.953731006304196
Peptococcaceae	0.757868948811263	0.855568779920017	0.59151656838542	0.969894984554041	0.999105814964353	0.974261642609436
Peptoniphilaceae	0.689817463189742	0.978193466884378	0.954455478050892	0.957001183274319	0.999368595174174	0.999083124925224
Peptostreptococcaceae	0.225958445189026	0.550815747508799	0.431024298820232	0.957001183274319	0.999105814964353	0.953731006304196
Peribunyaviridae	0.968695611204056	0.987212448414783	0.507572147627208	0.992814920175161	0.999368595174174	0.956556745965558
Petrotogaceae	0.233953845476473	0.484488983642692	0.599302526402316	0.957001183274319	0.999105814964353	0.974261642609436
Phaffomycetaceae	0.439980208247495	0.710293354274844	0.895362522417427	0.957001183274319	0.999105814964353	0.984736582822045
Phenuiviridae	0.0151538802074916	0.38346223860093	0.464749479449169	0.957001183274319	0.999105814964353	0.953731006304196
Phycisphaeraceae	0.874651699698131	0.0676260112319764	0.102634297890503	0.986402456464375	0.999105814964353	0.953731006304196
Phyllobacteriaceae	0.431426025573918	0.356546573987481	0.290127011315463	0.957001183274319	0.999105814964353	0.953731006304196
Pichiaceae	0.359619309903316	0.972886563941135	0.850342181107499	0.957001183274319	0.999105814964353	0.984736582822045
Picrophilaceae	0.523854265325733	0.446961085422234	0.427684259611673	0.957001183274319	0.999105814964353	0.953731006304196
Pirellulaceae	0.680090798037501	0.736104910567172	0.439985034463897	0.957001183274319	0.999105814964353	0.953731006304196
Piscirickettsiaceae	0.606082126540417	0.794284451319105	0.551919951382474	0.957001183274319	0.999105814964353	0.974261642609436
Planctomycetaceae	0.450475658143485	0.530580012004899	0.285633391735806	0.957001183274319	0.999105814964353	0.953731006304196
Planococcaceae	0.317466733672736	0.862791941467383	0.918170002049724	0.957001183274319	0.999105814964353	0.991548863023667
Polyangiaceae	0.832697107513647	0.165016538816293	0.120506245757231	0.971773368599436	0.999105814964353	0.953731006304196
Porphyromonadaceae	0.867793125864999	0.907084158204696	0.962570066018718	0.985641575056542	0.999105814964353	0.999083124925224
Prevotellaceae	0.244982102296537	0.204901923875568	0.958280171308895	0.957001183274319	0.999105814964353	0.999083124925224
Prochloraceae	0.59001977222421	0.94215986321863	0.844311046324554	0.957001183274319	0.999105814964353	0.984736582822045
Prochlorotrichaceae	0.454832951669506	0.81914568825667	0.345869643945289	0.957001183274319	0.999105814964353	0.953731006304196
Prolixibacteraceae	0.639260669358395	0.998242941773226	0.975700864348429	0.957001183274319	0.999368595174174	0.999531552512805
Promicromonosporaceae	0.624601273545172	0.0929677499899819	0.0533426672910546	0.957001183274319	0.999105814964353	0.953731006304196
Propionibacteriaceae	0.329699432746222	0.50537322345985	0.137046678367379	0.957001183274319	0.999105814964353	0.953731006304196
Pseudanabaenaceae	0.646385084878313	0.966181732713767	0.215151456988687	0.957001183274319	0.999105814964353	0.953731006304196
Pseudoalteromonadaceae	0.545376431155444	0.908275087672116	0.833374446276848	0.957001183274319	0.999105814964353	0.984736582822045
Pseudomonadaceae	0.691198017965884	0.74395363472281	0.481499761296876	0.957001183274319	0.999105814964353	0.956556745965558
Pseudonocardiaceae	0.585210770557569	0.366547608385217	0.223103214439779	0.957001183274319	0.999105814964353	0.953731006304196
Psychromonadaceae	0.584766218385048	0.901691042299554	0.864360688295526	0.957001183274319	0.999105814964353	0.984736582822045
Puniceicoccaceae	0.97302604940303	0.456796504222407	0.161781856631597	0.992814920175161	0.999105814964353	0.953731006304196
Pyriculariaceae	0.644133432777665	0.709003851039421	0.437311416526673	0.957001183274319	0.999105814964353	0.953731006304196
Pyrodictiaceae	0.936225477935899	0.311468013518287	0.609670630494715	0.990224227817777	0.999105814964353	0.974261642609436
Rhabdoviridae	0.42747332832688	0.301819333632853	0.718591344759997	0.957001183274319	0.999105814964353	0.976622372308278
Rhizobiaceae	0.524855806716016	0.50151298495133	0.296127130791019	0.957001183274319	0.999105814964353	0.953731006304196
Rhodanobacteraceae	0.48829241145443	0.456693015424878	0.329994370853206	0.957001183274319	0.999105814964353	0.953731006304196
Rhodobacteraceae	0.456506976223423	0.546264625018474	0.367364251015628	0.957001183274319	0.999105814964353	0.953731006304196
Rhodobiaceae	0.27502043123133	0.820341237965016	0.932169395156243	0.957001183274319	0.999105814964353	0.995275640476298
Rhodocyclaceae	0.743618743978247	0.142699202781319	0.299786940049259	0.969894984554041	0.999105814964353	0.953731006304196
Rhodospirillaceae	0.47018562746902	0.566619035867312	0.387443618520217	0.957001183274319	0.999105814964353	0.953731006304196
Rhodothermaceae	0.528536135284738	0.624045891044511	0.359878622735167	0.957001183274319	0.999105814964353	0.953731006304196
Rickettsiaceae	0.544260076514997	0.257546669511018	0.509031956628024	0.957001183274319	0.999105814964353	0.956556745965558
Rikenellaceae	0.669468734975101	0.37914132323303	0.88700451033615	0.957001183274319	0.999105814964353	0.984736582822045
Rivulariaceae	0.534701179990228	0.386191004400403	0.244024402211181	0.957001183274319	0.999105814964353	0.953731006304196
Roseiflexaceae	0.481782929718942	0.909148646433613	0.55342348895803	0.957001183274319	0.999105814964353	0.974261642609436
Ruaniaceae	0.134450207531816	0.460788774837402	0.307770841738004	0.957001183274319	0.999105814964353	0.953731006304196
Rubrobacteraceae	0.926289182445289	0.173804398749212	0.140141264639202	0.990224227817777	0.999105814964353	0.953731006304196
Ruminococcaceae	0.63211780712193	0.93241297032554	0.458631601652474	0.957001183274319	0.999105814964353	0.953731006304196
Saccharomycetaceae	0.294390153809733	0.342920578574071	0.982732499886333	0.957001183274319	0.999105814964353	0.999531552512805
Saccharospirillaceae	0.400765046173605	0.853002464884571	0.468172613703409	0.957001183274319	0.999105814964353	0.953731006304196
Salinisphaeraceae	0.202073614897439	0.430493415511858	0.754710796714146	0.957001183274319	0.999105814964353	0.983425511669294
Salinivirgaceae	0.31349054251498	0.61426371600833	0.417751864137651	0.957001183274319	0.999105814964353	0.953731006304196
Sandaracinaceae	0.971332577019892	0.269667846386142	0.164274137854277	0.992814920175161	0.999105814964353	0.953731006304196
Sanguibacteraceae	0.258661144124637	0.378358743718725	0.45481731929512	0.957001183274319	0.999105814964353	0.953731006304196
Saprospiraceae	0.309602931485534	0.575138382423822	0.726815014827817	0.957001183274319	0.999105814964353	0.976622372308278
Schizosaccharomycetaceae	0.369636938528269	0.684769077543095	0.711475164664618	0.957001183274319	0.999105814964353	0.976622372308278
Sclerotiniaceae	0.577914342356666	0.886358283079505	0.856580294918309	0.957001183274319	0.999105814964353	0.984736582822045
Scytonemataceae	0.290231560685364	0.124293170861611	0.252904258270992	0.957001183274319	0.999105814964353	0.953731006304196
Sedimentisphaeraceae	0.851638927285712	0.585071342699892	0.352980196283141	0.978409396626023	0.999105814964353	0.953731006304196
Segniliparaceae	0.186689807967816	0.399567900214012	0.329992869489769	0.957001183274319	0.999105814964353	0.953731006304196
Selenomonadaceae	0.705716565750796	0.99505825682529	0.43321190145856	0.957001183274319	0.999368595174174	0.953731006304196
Shewanellaceae	0.383358352069489	0.80310529830956	0.821847925199007	0.957001183274319	0.999105814964353	0.984736582822045
Silvanigrellaceae	0.619793503629612	0.767401774729177	0.706130067378058	0.957001183274319	0.999105814964353	0.976622372308278
Simkaniaceae	0.412713533932117	0.891930491936555	0.686751436574668	0.957001183274319	0.999105814964353	0.976622372308278
Sinobacteraceae	0.836695339419783	0.226465598144152	0.175666216011148	0.974233394201921	0.999105814964353	0.953731006304196
Solibacteraceae	0.472491214026582	0.749202358416771	0.5507727103526	0.957001183274319	0.999105814964353	0.974261642609436
Sordariaceae	0.33992915778293	0.404627767267281	0.730943999000543	0.957001183274319	0.999105814964353	0.976622372308278
Sphaerobacteraceae	0.568260721680522	0.0855769079000609	0.0531798297997974	0.957001183274319	0.999105814964353	0.953731006304196
Sphingobacteriaceae	0.405512381418743	0.548317266187527	0.682228104424188	0.957001183274319	0.999105814964353	0.976622372308278
Sphingomonadaceae	0.468658241966063	0.432474024557624	0.258583714442054	0.957001183274319	0.999105814964353	0.953731006304196
Spirochaetaceae	0.527911947187615	0.456317214227734	0.432238567465712	0.957001183274319	0.999105814964353	0.953731006304196
Spiroplasmataceae	0.806658396144963	0.874328489859763	0.995887802632228	0.969894984554041	0.999105814964353	0.999531552512805
Spongiibacteraceae	0.607214752050507	0.732388918664436	0.909234555108594	0.957001183274319	0.999105814964353	0.989935846982138
Sporichthyaceae	0.49029522097471	0.792370324891523	0.571406544241262	0.957001183274319	0.999105814964353	0.974261642609436
Sporolactobacillaceae	0.471213288354735	0.675518100651128	0.767956909795573	0.957001183274319	0.999105814964353	0.984736582822045
Sporomusaceae	0.845571766164832	0.552890475799534	0.330732520451534	0.974437609442562	0.999105814964353	0.953731006304196
Staphylococcaceae	0.164824910151413	0.876832235597804	0.565855490395893	0.957001183274319	0.999105814964353	0.974261642609436
Steroidobacteraceae	0.93504738552312	0.717025220515965	0.919168554660013	0.990224227817777	0.999105814964353	0.991548863023667
Sterolibacteriaceae	0.881190769435963	0.299666793625906	0.260626565735056	0.986402456464375	0.999105814964353	0.953731006304196
Streptococcaceae	0.220099395456614	0.525509098914698	0.215314728952735	0.957001183274319	0.999105814964353	0.953731006304196
Streptomycetaceae	0.553868914368239	0.323645116235278	0.18910458959419	0.957001183274319	0.999105814964353	0.953731006304196
Streptosporangiaceae	0.477566689007802	0.337266987892337	0.220724912212022	0.957001183274319	0.999105814964353	0.953731006304196
Succinivibrionaceae	0.450359351200055	0.96714337890639	0.864466713972359	0.957001183274319	0.999105814964353	0.984736582822045
Sulfolobaceae	0.304122981120426	0.0929506424494555	0.175390279192318	0.957001183274319	0.999105814964353	0.953731006304196
Sutterellaceae	0.927867477663315	0.261676672042086	0.424408969791733	0.990224227817777	0.999105814964353	0.953731006304196
Symbiobacteriaceae	0.581910171901775	0.562154866612418	0.584936623974457	0.957001183274319	0.999105814964353	0.974261642609436
Synechococcaceae	0.693567763166044	0.682600572437767	0.398768167731961	0.957001183274319	0.999105814964353	0.953731006304196
Synergistaceae	0.262028583899798	0.565279607587434	0.714930990482045	0.957001183274319	0.999105814964353	0.976622372308278
Syntrophaceae	0.532096317708997	0.999368595174174	0.768929937492731	0.957001183274319	0.999368595174174	0.984736582822045
Syntrophobacteraceae	0.756984587087906	0.360524467610832	0.37043894589397	0.969894984554041	0.999105814964353	0.953731006304196
Syntrophomonadaceae	0.776816429391188	0.960790281041151	0.520115460538136	0.969894984554041	0.999105814964353	0.973232997345935
Tannerellaceae	0.488636851595829	0.621958783062122	0.873405755963941	0.957001183274319	0.999105814964353	0.984736582822045
Tepidiformaceae	0.208114045518039	0.637466947437002	0.701852151067141	0.957001183274319	0.999105814964353	0.976622372308278
Thermaceae	0.576196506453414	0.277095807429196	0.214698125176816	0.957001183274319	0.999105814964353	0.953731006304196
Thermoactinomycetaceae	0.916260148950258	0.717925573971761	0.481097165900331	0.990224227817777	0.999105814964353	0.956556745965558
Thermoanaerobacteraceae	0.557354109826257	0.872795801452814	0.716138350407841	0.957001183274319	0.999105814964353	0.976622372308278
Thermoanaerobacterales Family III. Incertae Sedis	0.692796509939808	0.897058042399625	0.82202060769631	0.957001183274319	0.999105814964353	0.984736582822045
Thermoanaerobacterales Family IV. Incertae Sedis	0.405577507973484	0.869589144834677	0.732951025014341	0.957001183274319	0.999105814964353	0.976622372308278
Thermococcaceae	0.60114807894509	0.482452654235943	0.507230128584245	0.957001183274319	0.999105814964353	0.956556745965558
Thermodesulfobacteriaceae	0.707520425187854	0.823431191362069	0.991243044286517	0.957001183274319	0.999105814964353	0.999531552512805
Thermodesulfobiaceae	0.72811359839784	0.505221502375935	0.830666422846422	0.965687596936754	0.999105814964353	0.984736582822045
Thermofilaceae	0.683757520379028	0.62582400570825	0.608447846489713	0.957001183274319	0.999105814964353	0.974261642609436
Thermoguttaceae	0.707024945773338	0.209303096571349	0.11525533311047	0.957001183274319	0.999105814964353	0.953731006304196
Thermomicrobiaceae	0.814415773991643	0.0148269380508017	0.0245203956498961	0.970793577064662	0.999105814964353	0.953731006304196
Thermomonosporaceae	0.317822173836755	0.500729479475302	0.291914790912334	0.957001183274319	0.999105814964353	0.953731006304196
Thermoplasmataceae	0.472972748644683	0.213110672418682	0.867867293854269	0.957001183274319	0.999105814964353	0.984736582822045
Thermoproteaceae	0.920751132153267	0.254424836496472	0.257876995490498	0.990224227817777	0.999105814964353	0.953731006304196
Thermotogaceae	0.696866734898824	0.966590755703193	0.606667103915779	0.957001183274319	0.999105814964353	0.974261642609436
Thioalkalibacteraceae	0.237848094836115	0.56104985536743	0.404688830908375	0.957001183274319	0.999105814964353	0.953731006304196
Thioalkalispiraceae	0.921836512334802	0.831124187143566	0.648954464876491	0.990224227817777	0.999105814964353	0.976622372308278
Thiobacillaceae	0.474712186774665	0.593133826149393	0.876903414771373	0.957001183274319	0.999105814964353	0.984736582822045
Thiotrichaceae	0.163699387996705	0.0728442461346442	0.077047338117134	0.957001183274319	0.999105814964353	0.953731006304196
Tissierellaceae	0.819401948459729	0.589198472864217	0.688892250099345	0.971370450654752	0.999105814964353	0.976622372308278
Tolypothrichaceae	0.0931160574579713	0.295331481272776	0.0653617383829206	0.957001183274319	0.999105814964353	0.953731006304196
Tospoviridae	0.635245998558869	0.789917686237408	0.735221528268607	0.957001183274319	0.999105814964353	0.976622372308278
Trichocomaceae	0.59731884560006	0.192533026418696	0.354000037704445	0.957001183274319	0.999105814964353	0.953731006304196
Trichomonascaceae	0.565992834708519	0.968778038644147	0.55931667176445	0.957001183274319	0.999105814964353	0.974261642609436
Trueperaceae	0.62163017324115	0.11605800570423	0.352116445628617	0.957001183274319	0.999105814964353	0.953731006304196
Tsukamurellaceae	0.625935691057019	0.205761098116847	0.153017258774436	0.957001183274319	0.999105814964353	0.953731006304196
Unclassified Acidobacteria Phylum	0.174087385686375	0.208585898971621	0.53098861075285	0.957001183274319	0.999105814964353	0.974261642609436
Unclassified Acidobacteriia Class	0.860164341804309	0.308046750761585	0.642764537662997	0.979509584221026	0.999105814964353	0.976622372308278
Unclassified Actinobacteria Class	0.797107959862766	0.286041565205451	0.153104446234727	0.969894984554041	0.999105814964353	0.953731006304196
Unclassified Actinobacteria Phylum	0.958447775611113	0.103986448016066	0.00838087259624203	0.992814920175161	0.999105814964353	0.953731006304196
Unclassified Alphaproteobacteria Class	0.48614987069668	0.344961532786076	0.292956687169688	0.957001183274319	0.999105814964353	0.953731006304196
Unclassified Alteromonadales Order	0.284051019716417	0.60892443234541	0.985085056970474	0.957001183274319	0.999105814964353	0.999531552512805
Unclassified Aquificales Order	0.499129075610856	0.0582826707323178	0.265504901333713	0.957001183274319	0.999105814964353	0.953731006304196
Unclassified Armatimonadetes Phylum	0.435567707969984	0.131932121415756	0.109613514511559	0.957001183274319	0.999105814964353	0.953731006304196
Unclassified Ascomycota Phylum	0.963970189605359	0.150603872425147	0.79713281252166	0.992814920175161	0.999105814964353	0.984736582822045
Unclassified Bacillales Order	0.490393158291402	0.67453231953261	0.802139637420991	0.957001183274319	0.999105814964353	0.984736582822045
Unclassified Bacilli Class	0.51922457293128	0.775735437766821	0.986077368158037	0.957001183274319	0.999105814964353	0.999531552512805
Unclassified Bacteriovoracales Order	0.677763916358466	0.969595326186951	0.210146862600168	0.957001183274319	0.999105814964353	0.953731006304196
Unclassified Bacteroidales Order	0.505988975762596	0.666022334717983	0.565869898910721	0.957001183274319	0.999105814964353	0.974261642609436
Unclassified Bacteroidetes Phylum	0.702845494223289	0.924665158789258	0.821023666092703	0.957001183274319	0.999105814964353	0.984736582822045
Unclassified Bacteroidia Class	0.594871991439784	0.42014293612309	0.394602714527512	0.957001183274319	0.999105814964353	0.953731006304196
Unclassified Balneolaeota Phylum	0.982665486261799	0.77459494712755	0.663569224988742	0.992814920175161	0.999105814964353	0.976622372308278
Unclassified Basidiomycota Phylum	0.00119065705110575	0.778481314508349	0.608477548049815	0.328621346105187	0.999105814964353	0.974261642609436
Unclassified Betaproteobacteria Class	0.535781678363646	0.519537943685239	0.329590731944296	0.957001183274319	0.999105814964353	0.953731006304196
Unclassified Blastocatellia Class	0.932413511887825	0.0808347539996323	0.195642775123841	0.990224227817777	0.999105814964353	0.953731006304196
Unclassified Bradymonadales Order	0.894369814897694	0.199909955519296	0.193291289270722	0.989363001650355	0.999105814964353	0.953731006304196
Unclassified Burkholderiales Order	0.498147468404666	0.271810418471187	0.295624572140315	0.957001183274319	0.999105814964353	0.953731006304196
Unclassified Campylobacterales Order	0.251471405056156	0.912858949063206	0.973618952186992	0.957001183274319	0.999105814964353	0.999531552512805
Unclassified Candidatus Bipolaricaulota Phylum	0.871807779789664	0.105203891185821	0.245755490279377	0.986402456464375	0.999105814964353	0.953731006304196
Unclassified Candidatus Cloacimonetes Phylum	0.382273167716587	0.906083866255616	0.619451608925445	0.957001183274319	0.999105814964353	0.976622372308278
Unclassified Candidatus Gracilibacteria Phylum	0.253945885200945	0.789729776101098	0.862932745572246	0.957001183274319	0.999105814964353	0.984736582822045
Unclassified Candidatus Korarchaeota Phylum	0.936407693697246	0.463246250979073	0.165706035960931	0.990224227817777	0.999105814964353	0.953731006304196
Unclassified Candidatus Micrarchaeota Phylum	0.98921776466728	0.239414049488976	0.168052531208909	0.992814920175161	0.999105814964353	0.953731006304196
Unclassified Candidatus Saccharibacteria Phylum	0.730727514491512	0.908673174474415	0.881334934282	0.965687596936754	0.999105814964353	0.984736582822045
Unclassified Cellvibrionales Order	0.420975111937242	0.990086341856742	0.671845813166718	0.957001183274319	0.999368595174174	0.976622372308278
Unclassified Chlamydiia Class	0.0796532360098325	0.310998627651616	0.217619517601176	0.957001183274319	0.999105814964353	0.953731006304196
Unclassified Chloroflexi Phylum	0.70449436036941	0.149236742542642	0.480604682168589	0.957001183274319	0.999105814964353	0.956556745965558
Unclassified Chromatiales Order	0.17491967353427	0.464002877226303	0.366384440458079	0.957001183274319	0.999105814964353	0.953731006304196
Unclassified Chroococcales Order	0.802182592968077	0.835231036539607	0.244691276642485	0.969894984554041	0.999105814964353	0.953731006304196
Unclassified Clostridia Class	0.631142147666779	0.798815032429004	0.645895911832647	0.957001183274319	0.999105814964353	0.976622372308278
Unclassified Clostridiales Order	0.61137832806189	0.305217129532648	0.293221035906148	0.957001183274319	0.999105814964353	0.953731006304196
Unclassified Coriobacteriales Order	0.655377755975669	0.604730894051831	0.18270845564813	0.957001183274319	0.999105814964353	0.953731006304196
Unclassified Coriobacteriia Class	0.58384912742868	0.0963337958575629	0.0170988870405534	0.957001183274319	0.999105814964353	0.953731006304196
Unclassified Corynebacteriales Order	0.741657588517509	0.376875383815659	0.125818228592714	0.969894984554041	0.999105814964353	0.953731006304196
Unclassified Cyanobacteria Phylum	0.830592124472904	0.492376915733945	0.827313112331185	0.971370450654752	0.999105814964353	0.984736582822045
Unclassified Cytophagales Order	0.633040953872797	0.720161085117568	0.364721818575731	0.957001183274319	0.999105814964353	0.953731006304196
Unclassified Dehalococcoidia Class	0.59620148364854	0.311797585034748	0.167275859338872	0.957001183274319	0.999105814964353	0.953731006304196
Unclassified Deinococcales Order	0.988031612270625	0.129188639026418	0.992005923250891	0.992814920175161	0.999105814964353	0.999531552512805
Unclassified Deinococci Class	0.830487332870584	0.0745790468818406	0.174420650601378	0.971370450654752	0.999105814964353	0.953731006304196
Unclassified Deltaproteobacteria Class	0.573482500820329	0.279163647386628	0.523981530322636	0.957001183274319	0.999105814964353	0.974261642609436
Unclassified Desulfobacterales Order	0.842097484118182	0.177410459111682	0.339794507197517	0.974233394201921	0.999105814964353	0.953731006304196
Unclassified Desulfovibrionales Order	0.829281566181694	0.358088679329237	0.99215292268119	0.971370450654752	0.999105814964353	0.999531552512805
Unclassified Desulfuromonadales Order	0.468374054226868	0.169256595786725	0.396571768324745	0.957001183274319	0.999105814964353	0.953731006304196
Unclassified Elusimicrobia Phylum	0.521075364736774	0.734811515521011	0.791239971499214	0.957001183274319	0.999105814964353	0.984736582822045
Unclassified Enterobacterales Order	0.0263311237827201	0.797121292414507	0.380966373972398	0.957001183274319	0.999105814964353	0.953731006304196
Unclassified Entomoplasmatales Order	0.781774740471837	0.34995342330879	0.659095196525741	0.969894984554041	0.999105814964353	0.976622372308278
Unclassified Epsilonproteobacteria Class	0.345465795514541	0.637192145815542	0.90033874520275	0.957001183274319	0.999105814964353	0.984736582822045
Unclassified Euryarchaeota Phylum	0.944595429188459	0.248402307974018	0.152384391733692	0.99128645800766	0.999105814964353	0.953731006304196
Unclassified Firmicutes Phylum	0.281873435794961	0.76129410646823	0.712784930460648	0.957001183274319	0.999105814964353	0.976622372308278
Unclassified Flavobacteriales Order	0.829362084401882	0.46622510484954	0.762540503454898	0.971370450654752	0.999105814964353	0.984736582822045
Unclassified Frankiales Order	0.575976498142018	0.174347345402024	0.138993163737406	0.957001183274319	0.999105814964353	0.953731006304196
Unclassified Fusobacteriales Order	0.428188849111267	0.538046419748031	0.735982542419623	0.957001183274319	0.999105814964353	0.976622372308278
Unclassified Gammaproteobacteria Class	0.444910527127933	0.739829196153022	0.534891972368799	0.957001183274319	0.999105814964353	0.974261642609436
Unclassified Halanaerobiales Order	0.982624408271588	0.828606588978526	0.937702856046738	0.992814920175161	0.999105814964353	0.995730500658291
Unclassified Halobacteria Class	0.423082957878558	0.0562050701966926	0.126732460575161	0.957001183274319	0.999105814964353	0.953731006304196
Unclassified Halobacteriales Order	0.970193470128439	0.00825361595451454	0.0364719955748253	0.992814920175161	0.999105814964353	0.953731006304196
Unclassified Haloferacales Order	0.804498344110525	0.00757751541364486	0.128773306446731	0.969894984554041	0.999105814964353	0.953731006304196
Unclassified Ignavibacteriales Order	0.470930456576573	0.897796125330385	0.601773605809212	0.957001183274319	0.999105814964353	0.974261642609436
Unclassified Kiritimatiellaeota Phylum	0.906242323229961	0.405366770550394	0.279183053054383	0.990224227817777	0.999105814964353	0.953731006304196
Unclassified Lactobacillales Order	0.935147477538959	0.614211884276336	0.958065593752608	0.990224227817777	0.999105814964353	0.999083124925224
Unclassified Legionellales Order	0.793343078905794	0.582715756920825	0.792772185303607	0.969894984554041	0.999105814964353	0.984736582822045
Unclassified Marinilabiliales Order	0.925513887920326	0.751260332227692	0.922765460689518	0.990224227817777	0.999105814964353	0.991548863023667
Unclassified Methanococcales Order	0.431485649019147	0.945203710269059	0.301537777966523	0.957001183274319	0.999105814964353	0.953731006304196
Unclassified Methanomassiliicoccales Order	0.354418417943096	0.675402871392105	0.749731146809328	0.957001183274319	0.999105814964353	0.983425511669294
Unclassified Methanomicrobia Class	0.983358156680881	0.11846592070587	0.700171829811519	0.992814920175161	0.999105814964353	0.976622372308278
Unclassified Methanomicrobiales Order	0.6947794579441	0.0639619186000083	0.407614175062388	0.957001183274319	0.999105814964353	0.953731006304196
Unclassified Micrococcales Order	0.652305969299166	0.781914449150873	0.349215865605	0.957001183274319	0.999105814964353	0.953731006304196
Unclassified Mollicutes Class	0.436081547576549	0.661034128547943	0.49386148743574	0.957001183274319	0.999105814964353	0.956556745965558
Unclassified Myxococcales Order	0.852563260465792	0.207112586303517	0.220486544565524	0.978409396626023	0.999105814964353	0.953731006304196
Unclassified Negativicutes Class	0.980816454082079	0.981564945119354	0.774534672842278	0.992814920175161	0.999368595174174	0.984736582822045
Unclassified Neisseriales Order	0.8061445303667	0.220405116263344	0.277026601370456	0.969894984554041	0.999105814964353	0.953731006304196
Unclassified Nitriliruptoria Class	0.664027731706455	0.339970508525488	0.681478746145978	0.957001183274319	0.999105814964353	0.976622372308278
Unclassified Nitrosomonadales Order	0.922016335874003	0.808899039927801	0.721396009731961	0.990224227817777	0.999105814964353	0.976622372308278
Unclassified Nostocales Order	0.486252672865576	0.997891285558572	0.900393349673366	0.957001183274319	0.999368595174174	0.984736582822045
Unclassified Oceanospirillales Order	0.436579444842304	0.940357120557849	0.586815058481289	0.957001183274319	0.999105814964353	0.974261642609436
Unclassified Opitutae Class	0.000272724408513191	0.840906860796781	0.0297245213897849	0.150543873499282	0.999105814964353	0.953731006304196
Unclassified Oscillatoriales Order	0.285799975971311	0.306785483395481	0.671715434072031	0.957001183274319	0.999105814964353	0.976622372308278
Unclassified Parachlamydiales Order	0.217300184958588	0.653363747656782	0.0107883496512567	0.957001183274319	0.999105814964353	0.953731006304196
Unclassified Phycisphaerae Class	0.549075926553266	0.835938467224013	0.463580157143182	0.957001183274319	0.999105814964353	0.953731006304196
Unclassified Planctomycetales Order	0.686062415666683	0.456862761825684	0.465206339791004	0.957001183274319	0.999105814964353	0.953731006304196
Unclassified Planctomycetes Phylum	0.514063390880092	0.6561945236565	0.40102247823645	0.957001183274319	0.999105814964353	0.953731006304196
Unclassified Planctomycetia Class	0.469042235258964	0.875530999937679	0.292857221261999	0.957001183274319	0.999105814964353	0.953731006304196
Unclassified Propionibacteriales Order	0.528851925958604	0.970112389566737	0.439616490534836	0.957001183274319	0.999105814964353	0.953731006304196
Unclassified Proteobacteria Phylum	0.451804616039668	0.507889334696588	0.454936350301678	0.957001183274319	0.999105814964353	0.953731006304196
Unclassified Pseudomonadales Order	0.198685552327339	0.364010854025583	0.131210116394695	0.957001183274319	0.999105814964353	0.953731006304196
Unclassified Rhizobiales Order	0.583426642591847	0.235056014275253	0.262777996334195	0.957001183274319	0.999105814964353	0.953731006304196
Unclassified Rhodobacterales Order	0.567092767251336	0.876308746439422	0.486409451185978	0.957001183274319	0.999105814964353	0.956556745965558
Unclassified Rhodocyclales Order	0.860619833962314	0.593258555551689	0.297239405826446	0.979509584221026	0.999105814964353	0.953731006304196
Unclassified Rhodospirillales Order	0.630976447560926	0.507973340054809	0.420310999418791	0.957001183274319	0.999105814964353	0.953731006304196
Unclassified Rickettsiales Order	0.142778832621662	0.956832566892364	0.84337880753011	0.957001183274319	0.999105814964353	0.984736582822045
Unclassified Saccharomycetales Order	0.067132431765998	0.120057791954073	0.729260432488912	0.957001183274319	0.999105814964353	0.976622372308278
Unclassified Sedimentisphaerales Order	0.0645512747415787	0.249650506435097	0.22462949733801	0.957001183274319	0.999105814964353	0.953731006304196
Unclassified Selenomonadales Order	0.2390952476586	0.425464578470976	0.346992391009717	0.957001183274319	0.999105814964353	0.953731006304196
Unclassified Silvanigrellales Order	0.692139678167604	0.613878283905822	0.342213716489827	0.957001183274319	0.999105814964353	0.953731006304196
Unclassified Sordariales Order	0.994078733081609	0.731399083822051	0.941932444328493	0.994078733081609	0.999105814964353	0.997978328731916
Unclassified Sordariomycetes Class	0.498640308934507	0.326487317926125	0.586283900745048	0.957001183274319	0.999105814964353	0.974261642609436
Unclassified Spartobacteria Class	0.347909818587715	0.962190531712515	0.725274314652166	0.957001183274319	0.999105814964353	0.976622372308278
Unclassified Sphingomonadales Order	0.593558725650013	0.336477737091106	0.252343373315119	0.957001183274319	0.999105814964353	0.953731006304196
Unclassified Spirochaetales Order	0.79803587812223	0.0463745251315369	0.328895699562917	0.969894984554041	0.999105814964353	0.953731006304196
Unclassified Spirochaetia Class	0.641958865915712	0.92582051941198	0.862499459291142	0.957001183274319	0.999105814964353	0.984736582822045
Unclassified Streptosporangiales Order	0.878888222248192	0.694226220345464	0.41285256720055	0.986402456464375	0.999105814964353	0.953731006304196
Unclassified Synechococcales Order	0.708024704879546	0.95166112354856	0.602425229124988	0.957001183274319	0.999105814964353	0.974261642609436
Unclassified Tenericutes Phylum	0.983981484705754	0.773275319097433	0.792020738870816	0.992814920175161	0.999105814964353	0.984736582822045
Unclassified Thaumarchaeota Phylum	0.165118956477833	0.685858663869055	0.586010349942339	0.957001183274319	0.999105814964353	0.974261642609436
Unclassified Thermoanaerobacterales Order	0.941666748155483	0.684837501587794	0.607319968623143	0.99128645800766	0.999105814964353	0.974261642609436
Unclassified Thermomicrobia Class	0.449844651883533	0.0405625723949375	0.0200405450096161	0.957001183274319	0.999105814964353	0.953731006304196
Unclassified Thermoplasmata Class	0.479236305141145	0.437661324274075	0.622762542111658	0.957001183274319	0.999105814964353	0.976622372308278
Unclassified Thermoplasmatales Order	0.220704483755575	0.354313250549738	0.582432057015488	0.957001183274319	0.999105814964353	0.974261642609436
Unclassified Thermotogae Class	0.145850737861425	0.126796726571102	0.0717913035638089	0.957001183274319	0.999105814964353	0.953731006304196
Unclassified Thermotogales Order	0.0436955677309695	0.958481525955982	0.134766030156118	0.957001183274319	0.999105814964353	0.953731006304196
Unclassified Tissierellales Order	0.0752738744898368	0.383937990661168	0.796207640036058	0.957001183274319	0.999105814964353	0.984736582822045
Unclassified Tissierellia Class	0.269930410825919	0.605302874717174	0.822830719201776	0.957001183274319	0.999105814964353	0.984736582822045
Unclassified Verrucomicrobia Phylum	0.811860839404818	0.349600459306726	0.741412708604039	0.970793577064662	0.999105814964353	0.981438405634123
Unclassified Verrucomicrobiales Order	0.763987354188429	0.72495365405343	0.571457260886831	0.969894984554041	0.999105814964353	0.974261642609436
Unclassified Victivallales Order	0.329202874440122	0.0322772190937835	0.0575728266203522	0.957001183274319	0.999105814964353	0.953731006304196
Unclassified Xanthomonadales Order	0.790772090650331	0.18058996743389	0.435127437043998	0.969894984554041	0.999105814964353	0.953731006304196
Unclassified candidate division Zixibacteria Phylum	0.87595223831787	0.926932464665713	0.775386099349423	0.986402456464375	0.999105814964353	0.984736582822045
Unikaryonidae	0.534519731720692	0.951325649857349	0.208356935401312	0.957001183274319	0.999105814964353	0.953731006304196
Ustilaginaceae	0.511186714960133	0.358872265173281	0.26514030262403	0.957001183274319	0.999105814964353	0.953731006304196
Vallitaleaceae	0.375156580929473	0.371320848529173	0.726168807550088	0.957001183274319	0.999105814964353	0.976622372308278
Veillonellaceae	0.510475709318161	0.156991544006302	0.787977598264894	0.957001183274319	0.999105814964353	0.984736582822045
Verrucomicrobiaceae	0.882758720096742	0.113108867933625	0.372073047212978	0.986402456464375	0.999105814964353	0.953731006304196
Vibrionaceae	0.385898559634657	0.810563361201309	0.98985863718385	0.957001183274319	0.999105814964353	0.999531552512805
Vicinamibacteraceae	0.273820762218417	0.584289677394892	0.178069047330198	0.957001183274319	0.999105814964353	0.953731006304196
Vulgatibacteraceae	0.152601542598443	0.711337647493918	0.902675200920208	0.957001183274319	0.999105814964353	0.984736582822045
Waddliaceae	0.255907023230052	0.682453728462299	0.736005266087398	0.957001183274319	0.999105814964353	0.976622372308278
Wenzhouxiangellaceae	0.232826880463325	0.454910172343186	0.802899713336338	0.957001183274319	0.999105814964353	0.984736582822045
Woeseiaceae	0.582295467240034	0.995258250082382	0.897695641379066	0.957001183274319	0.999368595174174	0.984736582822045
Xanthobacteraceae	0.677786393941345	0.436876896041431	0.509470440786004	0.957001183274319	0.999105814964353	0.956556745965558
Xanthomonadaceae	0.455382804217356	0.387036107528378	0.231480930766507	0.957001183274319	0.999105814964353	0.953731006304196
Yersiniaceae	0.335139528092041	0.699470260945577	0.584598606750896	0.957001183274319	0.999105814964353	0.974261642609436
Zoogloeaceae	0.430921832403582	0.248694719865757	0.183604011871895	0.957001183274319	0.999105814964353	0.953731006304196
