p-variable	p-treatment	p-interaction	adjusted.p-variable	adjusted.p-treatment	adjusted.p-interaction
Acaryochloridaceae	0.890298888489815	0.832405881126288	0.303098985377341	0.968468367756114	0.992919919456625	0.991517829070563
Acetobacteraceae	0.604429665415865	0.840212411893312	0.783457956870371	0.968468367756114	0.992919919456625	0.991517829070563
Acholeplasmataceae	0.38317813475887	0.621090320743564	0.672413657774001	0.968468367756114	0.992919919456625	0.991517829070563
Acidaminococcaceae	0.0368269308282186	0.58681314102716	0.366115614374919	0.968468367756114	0.992919919456625	0.991517829070563
Acidiferrobacteraceae	0.684341078930981	0.350901534008622	0.412265498500752	0.968468367756114	0.992919919456625	0.991517829070563
Acidilobaceae	0.0195778319409557	0.444472357288595	0.736354434503945	0.968468367756114	0.992919919456625	0.991517829070563
Acidimicrobiaceae	0.940147150924733	0.495371153658556	0.458332171772049	0.985763841885544	0.992919919456625	0.991517829070563
Acidithiobacillaceae	0.322110229498234	0.704921029371096	0.526035538453515	0.968468367756114	0.992919919456625	0.991517829070563
Acidobacteriaceae	0.481613192416399	0.836245149625176	0.640216188107374	0.968468367756114	0.992919919456625	0.991517829070563
Acidothermaceae	0.893026085485258	0.330262878148554	0.736486124839447	0.968468367756114	0.992919919456625	0.991517829070563
Actinomycetaceae	0.154733063563519	0.782782785646096	0.926467790323369	0.968468367756114	0.992919919456625	0.998506797002382
Actinopolysporaceae	0.884682497821842	0.173389312076403	0.270853134840569	0.968468367756114	0.992919919456625	0.991517829070563
Aerococcaceae	0.19155580202729	0.363007652858712	0.79129756216782	0.968468367756114	0.992919919456625	0.991517829070563
Aeromonadaceae	0.853860842508721	0.826205853175986	0.614701703525955	0.968468367756114	0.992919919456625	0.991517829070563
Akkermansiaceae	0.648987668748258	0.575346305733488	0.343400804040918	0.968468367756114	0.992919919456625	0.991517829070563
Alcaligenaceae	0.530832933215865	0.582526234136164	0.44485417832628	0.968468367756114	0.992919919456625	0.991517829070563
Alcanivoracaceae	0.331755102083142	0.793007726579568	0.735250246795851	0.968468367756114	0.992919919456625	0.991517829070563
Alicyclobacillaceae	0.815784209141949	0.425534878444689	0.34615728670215	0.968468367756114	0.992919919456625	0.991517829070563
Alteromonadaceae	0.798093823610263	0.879476083521888	0.968045418262339	0.968468367756114	0.992919919456625	0.998506797002382
Amoebophilaceae	0.699334023851123	0.779250739624678	0.539377208890535	0.968468367756114	0.992919919456625	0.991517829070563
Anaerohalosphaeraceae	0.338663816694349	0.821047733691345	0.613267123402282	0.968468367756114	0.992919919456625	0.991517829070563
Anaerolineaceae	0.736351463240075	0.787278129387182	0.974223260890627	0.968468367756114	0.992919919456625	0.998506797002382
Anaeromyxobacteraceae	0.767232999821461	0.53208630544486	0.292659397639659	0.968468367756114	0.992919919456625	0.991517829070563
Anaplasmataceae	0.29384679000333	0.684785877328736	0.837875800786942	0.968468367756114	0.992919919456625	0.991517829070563
Aphanizomenonaceae	0.273424818398095	0.889766280345897	0.566416852013717	0.968468367756114	0.992919919456625	0.991517829070563
Aphanothecaceae	0.484344679062026	0.543826635781428	0.707764415447768	0.968468367756114	0.992919919456625	0.991517829070563
Aquificaceae	0.569274393982475	0.881460768686133	0.917673960906973	0.968468367756114	0.992919919456625	0.998506797002382
Archaeoglobaceae	0.274419178759392	0.255311407525102	0.714578482960097	0.968468367756114	0.992919919456625	0.991517829070563
Archangiaceae	0.566957609729082	0.436670159573921	0.288507538345321	0.968468367756114	0.992919919456625	0.991517829070563
Ardenticatenaceae	0.670188142302611	0.240560701325438	0.189103117984527	0.968468367756114	0.992919919456625	0.991517829070563
Arenaviridae	0.0907220716903877	0.734956688303789	0.492523680726165	0.968468367756114	0.992919919456625	0.991517829070563
Aspergillaceae	0.300897949714291	0.903603056777012	0.919568780462923	0.968468367756114	0.992919919456625	0.998506797002382
Aspiviridae	0.621610644476647	0.763022902230961	0.725454372094738	0.968468367756114	0.992919919456625	0.991517829070563
Atopobiaceae	0.914796271377042	0.80851699100079	0.355231357319618	0.980519498641024	0.992919919456625	0.991517829070563
Aurantimonadaceae	0.609876590174778	0.935952536313461	0.925152055105687	0.968468367756114	0.992919919456625	0.998506797002382
Azonexaceae	0.722057673097935	0.819167817590824	0.733687653627386	0.968468367756114	0.992919919456625	0.991517829070563
Bacillaceae	0.369651729248478	0.751406914579015	0.741978760201722	0.968468367756114	0.992919919456625	0.991517829070563
Bacteriovoracaceae	0.383833782073937	0.248088270251491	0.230996892167301	0.968468367756114	0.992919919456625	0.991517829070563
Bacteroidaceae	0.749775350453194	0.66121079465821	0.562986908497265	0.968468367756114	0.992919919456625	0.991517829070563
Baekduiaceae	0.526459925449663	0.136916842817508	0.160209017619221	0.968468367756114	0.992919919456625	0.991517829070563
Barnesiellaceae	0.427663821935268	0.380068073112906	0.338949215062009	0.968468367756114	0.992919919456625	0.991517829070563
Bartonellaceae	0.318442392782056	0.306829663596272	0.258346172010412	0.968468367756114	0.992919919456625	0.991517829070563
Bdellovibrionaceae	0.25342752084772	0.322441936315706	0.623377295639614	0.968468367756114	0.992919919456625	0.991517829070563
Beijerinckiaceae	0.324965141550207	0.822220319911142	0.521553352330083	0.968468367756114	0.992919919456625	0.991517829070563
Bernardetiaceae	0.437032092051892	0.520288126909931	0.413145507336047	0.968468367756114	0.992919919456625	0.991517829070563
Beutenbergiaceae	0.601864499465762	0.896879109540838	0.471753655400614	0.968468367756114	0.992919919456625	0.991517829070563
Bifidobacteriaceae	0.579405694894653	0.227698911475321	0.876261031156427	0.968468367756114	0.992919919456625	0.997311524120305
Blattabacteriaceae	0.329978599299462	0.483257727085431	0.632090303378231	0.968468367756114	0.992919919456625	0.991517829070563
Bogoriellaceae	0.967246373917064	0.0566717629821079	0.0155535239217425	0.995646811632672	0.992919919456625	0.991517829070563
Borreliaceae	0.273505711829943	0.419193556436679	0.267683223721626	0.968468367756114	0.992919919456625	0.991517829070563
Brachyspiraceae	0.486095726808564	0.857975081738974	0.818287403600242	0.968468367756114	0.992919919456625	0.991517829070563
Bradymonadaceae	0.272786293885526	0.133984779806442	0.19419947059643	0.968468367756114	0.992919919456625	0.991517829070563
Bradyrhizobiaceae	0.731092583468394	0.551991706512484	0.393328078863871	0.968468367756114	0.992919919456625	0.991517829070563
Brevibacteriaceae	0.88052913986776	0.146863296544716	0.233617161037567	0.968468367756114	0.992919919456625	0.991517829070563
Brucellaceae	0.445999360996667	0.683556494451578	0.707968188460099	0.968468367756114	0.992919919456625	0.991517829070563
Budviciaceae	0.173282053355494	0.943809543929971	0.617827451207672	0.968468367756114	0.992919919456625	0.991517829070563
Burkholderiaceae	0.625569921050356	0.478988702749	0.354345476206044	0.968468367756114	0.992919919456625	0.991517829070563
Caedimonadaceae	0.877771559544524	0.314164249735183	0.998506797002382	0.968468367756114	0.992919919456625	0.998506797002382
Caldilineaceae	0.728143920980666	0.690458842485955	0.950912113356313	0.968468367756114	0.992919919456625	0.998506797002382
Caldisphaeraceae	0.112063011758082	0.380753095923471	0.336110725561787	0.968468367756114	0.992919919456625	0.991517829070563
Calditrichaceae	0.822915450356561	0.915895839961006	0.393356962960092	0.968468367756114	0.992919919456625	0.991517829070563
Calotrichaceae	0.052812179253945	0.388363383319056	0.384678151922917	0.968468367756114	0.992919919456625	0.991517829070563
Campylobacteraceae	0.470547120236469	0.820978757139553	0.442287136350164	0.968468367756114	0.992919919456625	0.991517829070563
Candidatus Brocadiaceae	0.815761272294259	0.0070257594350396	0.132317549497729	0.968468367756114	0.992919919456625	0.991517829070563
Candidatus Deianiraeaceae	0.333427548784972	0.938471181645948	0.980158459473044	0.968468367756114	0.992919919456625	0.998506797002382
Candidatus Methanomethylophilaceae	0.666135052554087	0.900075721541825	0.787113060065482	0.968468367756114	0.992919919456625	0.991517829070563
Candidatus Midichloriaceae	0.215508793253009	0.858615348403636	0.821638387807366	0.968468367756114	0.992919919456625	0.991517829070563
Candidatus Nanopelagicaceae	0.359315822415916	0.47773265498277	0.652315218991557	0.968468367756114	0.992919919456625	0.991517829070563
Candidatus Nitrosocaldaceae	0.329870053822727	0.116218028157898	0.10813700881066	0.968468367756114	0.992919919456625	0.991517829070563
Candidatus Paracaedibacteraceae	0.842894325822052	0.378090732935065	0.105859637994775	0.968468367756114	0.992919919456625	0.991517829070563
Cardiobacteriaceae	0.336013609687546	0.504527993796687	0.82905244139289	0.968468367756114	0.992919919456625	0.991517829070563
Carnobacteriaceae	0.426209301256535	0.893928434260037	0.7408551154105	0.968468367756114	0.992919919456625	0.991517829070563
Casimicrobiaceae	0.238409039376428	0.594039618299465	0.397088647206245	0.968468367756114	0.992919919456625	0.991517829070563
Catenulisporaceae	0.584251124284247	0.291492689024182	0.173568076857115	0.968468367756114	0.992919919456625	0.991517829070563
Caulobacteraceae	0.562310494886741	0.656608631548443	0.367874756846663	0.968468367756114	0.992919919456625	0.991517829070563
Cellulomonadaceae	0.68086975312341	0.12330852774159	0.109979445195025	0.968468367756114	0.992919919456625	0.991517829070563
Cellvibrionaceae	0.496347718034061	0.412782526571424	0.649593773932794	0.968468367756114	0.992919919456625	0.991517829070563
Chaetomiaceae	0.686044417278787	0.821537031005841	0.618083711913474	0.968468367756114	0.992919919456625	0.991517829070563
Chamaesiphonaceae	0.181846497539818	0.728786923123605	0.339398631694508	0.968468367756114	0.992919919456625	0.991517829070563
Chelatococcaceae	0.723726859966508	0.208767322756639	0.154967276596436	0.968468367756114	0.992919919456625	0.991517829070563
Chitinophagaceae	0.44101514183719	0.730860642528034	0.719906667451894	0.968468367756114	0.992919919456625	0.991517829070563
Chlamydiaceae	0.675438002391713	0.0550486200785119	0.165058555068881	0.968468367756114	0.992919919456625	0.991517829070563
Chlorobiaceae	0.670079525993233	0.875177959028557	0.843848122595561	0.968468367756114	0.992919919456625	0.991517829070563
Chloroflexaceae	0.428583177701817	0.575159688174329	0.857443653457736	0.968468367756114	0.992919919456625	0.991517829070563
Christensenellaceae	0.319271774850236	0.514860704216019	0.569116593945439	0.968468367756114	0.992919919456625	0.991517829070563
Chromatiaceae	0.504414500190204	0.690133819267665	0.518630039856415	0.968468367756114	0.992919919456625	0.991517829070563
Chromobacteriaceae	0.51538285789706	0.588170909495215	0.499070577258678	0.968468367756114	0.992919919456625	0.991517829070563
Chroococcaceae	0.701968785443232	0.990161936296669	0.905562371290423	0.968468367756114	0.999379133657232	0.998506797002382
Chroococcidiopsidaceae	0.470895855501006	0.628997139028096	0.683470501399668	0.968468367756114	0.992919919456625	0.991517829070563
Chrysiogenaceae	0.538613645492652	0.0621838592892058	0.220971919008741	0.968468367756114	0.992919919456625	0.991517829070563
Chthonomonadaceae	0.836897168304359	0.784506637305091	0.343515500353485	0.968468367756114	0.992919919456625	0.991517829070563
Clavicipitaceae	0.372490199537336	0.390364538173869	0.20212129685723	0.968468367756114	0.992919919456625	0.991517829070563
Clostridiaceae	0.141495357077484	0.652923805663002	0.844849436867817	0.968468367756114	0.992919919456625	0.991517829070563
Clostridiales Family XIII. Incertae Sedis	0.492754711486106	0.790417294628636	0.725644483051963	0.968468367756114	0.992919919456625	0.991517829070563
Clostridiales Family XVI. Incertae Sedis	0.819756108401497	0.63369292948653	0.820474529572073	0.968468367756114	0.992919919456625	0.991517829070563
Clostridiales Family XVII. Incertae Sedis	0.932337147986314	0.517561214785532	0.525998133430705	0.985763841885544	0.992919919456625	0.991517829070563
Cohaesibacteraceae	0.505686644525162	0.940713305050105	0.893311319557667	0.968468367756114	0.992919919456625	0.998506797002382
Coleofasciculaceae	0.44204587168612	0.809309531031182	0.433417012273961	0.968468367756114	0.992919919456625	0.991517829070563
Colwelliaceae	0.815527980204406	0.897200559047982	0.744635450625949	0.968468367756114	0.992919919456625	0.991517829070563
Comamonadaceae	0.61931650783984	0.422821772579111	0.319507375253247	0.968468367756114	0.992919919456625	0.991517829070563
Conexibacteraceae	0.841064679254661	0.547056459278038	0.355018306297963	0.968468367756114	0.992919919456625	0.991517829070563
Coprothermobacteraceae	0.399647786386457	0.974847131874053	0.909122976411232	0.968468367756114	0.999379133657232	0.998506797002382
Coriobacteriaceae	0.992610813844024	0.851281765297963	0.394256150106525	0.999560187193708	0.992919919456625	0.991517829070563
Corynebacteriaceae	0.793378326589061	0.579031508938554	0.318626608434925	0.968468367756114	0.992919919456625	0.991517829070563
Coxiellaceae	0.395576973289718	0.201268960878748	0.421027520168737	0.968468367756114	0.992919919456625	0.991517829070563
Crocinitomicaceae	0.0393518470456102	0.197466351585872	0.121854814079522	0.968468367756114	0.992919919456625	0.991517829070563
Cryomorphaceae	0.811022848912184	0.52317327722195	0.371528566717874	0.968468367756114	0.992919919456625	0.991517829070563
Cryptococcaceae	0.387491648640245	0.771474804964903	0.822100572549575	0.968468367756114	0.992919919456625	0.991517829070563
Cuniculiplasmataceae	0.477251735207938	0.434963407606114	0.982922924291685	0.968468367756114	0.992919919456625	0.998506797002382
Cyanobacteriaceae	0.38473244594599	0.521939963014823	0.503586969941872	0.968468367756114	0.992919919456625	0.991517829070563
Cyanothecaceae	0.805070469647188	0.771030491957742	0.403843109734249	0.968468367756114	0.992919919456625	0.991517829070563
Cyclobacteriaceae	0.321215165647643	0.357049335954303	0.23249816188475	0.968468367756114	0.992919919456625	0.991517829070563
Cytophagaceae	0.489342120835299	0.562695128205408	0.603578631914591	0.968468367756114	0.992919919456625	0.991517829070563
Debaryomycetaceae	0.191425683641913	0.870386148549268	0.580538945382257	0.968468367756114	0.992919919456625	0.991517829070563
Deferribacteraceae	0.511735120419271	0.568223343072385	0.445242411176359	0.968468367756114	0.992919919456625	0.991517829070563
Dehalococcoidaceae	0.221043774396664	0.45869568629577	0.628507069836862	0.968468367756114	0.992919919456625	0.991517829070563
Deinococcaceae	0.690986115256237	0.505748181331338	0.373178096722708	0.968468367756114	0.992919919456625	0.991517829070563
Dermabacteraceae	0.911942861220635	0.238646644317557	0.230995645956297	0.980519498641024	0.992919919456625	0.991517829070563
Dermacoccaceae	0.435388030177492	0.547924076277375	0.277626920884811	0.968468367756114	0.992919919456625	0.991517829070563
Dermatophilaceae	0.970394899743438	0.112663315999159	0.097914199675404	0.995646811632672	0.992919919456625	0.991517829070563
Dermocarpellaceae	0.293139513648698	0.138617063176975	0.451507939241341	0.968468367756114	0.992919919456625	0.991517829070563
Desulfarculaceae	0.871643789556499	0.84040678328692	0.973962012163662	0.968468367756114	0.992919919456625	0.998506797002382
Desulfobacteraceae	0.588780374895565	0.930472854896508	0.812321798053454	0.968468367756114	0.992919919456625	0.991517829070563
Desulfobulbaceae	0.587271698853441	0.490406539353292	0.379804789775592	0.968468367756114	0.992919919456625	0.991517829070563
Desulfohalobiaceae	0.649507450841651	0.0397985767902296	0.080953195196178	0.968468367756114	0.992919919456625	0.991517829070563
Desulfomicrobiaceae	0.462468023586211	0.269117641093824	0.331791904498886	0.968468367756114	0.992919919456625	0.991517829070563
Desulfovibrionaceae	0.882040329363857	0.317258802528111	0.957642333159	0.968468367756114	0.992919919456625	0.998506797002382
Desulfurellaceae	0.553469757505509	0.642592120875858	0.633369342658872	0.968468367756114	0.992919919456625	0.991517829070563
Desulfurobacteriaceae	0.184874365654574	0.637895662871883	0.992392146861075	0.968468367756114	0.992919919456625	0.998506797002382
Desulfurococcaceae	0.968294218805297	0.261780262954658	0.756854921141323	0.995646811632672	0.992919919456625	0.991517829070563
Desulfuromonadaceae	0.493377154015752	0.640410730257874	0.708828335140732	0.968468367756114	0.992919919456625	0.991517829070563
Dictyoglomaceae	0.287223328049657	0.805793387995761	0.657940834781321	0.968468367756114	0.992919919456625	0.991517829070563
Dietziaceae	0.57692084884431	0.63314956240349	0.598391486429017	0.968468367756114	0.992919919456625	0.991517829070563
Dipodascaceae	0.396039964566177	0.275890281231524	0.348265058833131	0.968468367756114	0.992919919456625	0.991517829070563
Dysgonamonadaceae	0.238763360149869	0.432484418431548	0.263492112703137	0.968468367756114	0.992919919456625	0.991517829070563
Ectothiorhodospiraceae	0.369876439132641	0.503111912788543	0.510520554264901	0.968468367756114	0.992919919456625	0.991517829070563
Eggerthellaceae	0.130984908251264	0.0907448836315234	0.0236747475255042	0.968468367756114	0.992919919456625	0.991517829070563
Egibacteraceae	0.588148493889969	0.588140120589555	0.614922368498526	0.968468367756114	0.992919919456625	0.991517829070563
Egicoccaceae	0.843545446377019	0.444260045090462	0.326873917714564	0.968468367756114	0.992919919456625	0.991517829070563
Elusimicrobiaceae	0.420072715472386	0.363508496435557	0.852736455154184	0.968468367756114	0.992919919456625	0.991517829070563
Emcibacteraceae	0.352736132637463	0.99455049840514	0.72215670456244	0.968468367756114	0.999379133657232	0.991517829070563
Endomicrobiaceae	0.930674172626222	0.847863634555395	0.537832910948038	0.985763841885544	0.992919919456625	0.991517829070563
Endozoicomonadaceae	0.427705098086309	0.530915435240072	0.525554504961636	0.968468367756114	0.992919919456625	0.991517829070563
Enterobacteriaceae	0.227673979814338	0.168543690241773	0.184006605972551	0.968468367756114	0.992919919456625	0.991517829070563
Enterococcaceae	0.637154972793534	0.824638741111529	0.751509745661198	0.968468367756114	0.992919919456625	0.991517829070563
Entomoplasmataceae	0.346342699592311	0.8001215249262	0.946186775835809	0.968468367756114	0.992919919456625	0.998506797002382
Erwiniaceae	0.464949936670493	0.898180838216288	0.760143973218164	0.968468367756114	0.992919919456625	0.991517829070563
Erysipelotrichaceae	0.231088067247034	0.914720088889056	0.737936559816022	0.968468367756114	0.992919919456625	0.991517829070563
Erythrobacteraceae	0.604044107710877	0.505621825764705	0.365111737971043	0.968468367756114	0.992919919456625	0.991517829070563
Eubacteriaceae	0.732959367495838	0.183394678890003	0.324522465981741	0.968468367756114	0.992919919456625	0.991517829070563
Euzebyaceae	0.589414303528138	0.26837287510077	0.283213889664692	0.968468367756114	0.992919919456625	0.991517829070563
Ferrimonadaceae	0.576478072439333	0.895827783691225	0.989871689494	0.968468367756114	0.992919919456625	0.998506797002382
Ferroplasmaceae	0.472494476824914	0.805472196763055	0.725266008861235	0.968468367756114	0.992919919456625	0.991517829070563
Fervidicoccaceae	0.81608607361447	0.491462728704678	0.862242024090809	0.968468367756114	0.992919919456625	0.991517829070563
Fervidobacteriaceae	0.181110914209994	0.889321601933753	0.670798832317105	0.968468367756114	0.992919919456625	0.991517829070563
Fibrobacteraceae	0.251321163735972	0.834948545296846	0.842085897994968	0.968468367756114	0.992919919456625	0.991517829070563
Fimbriimonadaceae	0.721492756754479	0.0697470743511019	0.156242408199359	0.968468367756114	0.992919919456625	0.991517829070563
Flammeovirgaceae	0.19307815631278	0.469522020017728	0.241512838772928	0.968468367756114	0.992919919456625	0.991517829070563
Flavobacteriaceae	0.2731650493338	0.327767710037079	0.307056009919033	0.968468367756114	0.992919919456625	0.991517829070563
Francisellaceae	0.53791425713016	0.686133500977192	0.45032816841365	0.968468367756114	0.992919919456625	0.991517829070563
Frankiaceae	0.830471872776325	0.350724759955267	0.248332270308903	0.968468367756114	0.992919919456625	0.991517829070563
Fusobacteriaceae	0.360895167419078	0.958534692683784	0.663397215986311	0.968468367756114	0.995322549016821	0.991517829070563
Gallionellaceae	0.612679817764626	0.797762840320559	0.636012435698083	0.968468367756114	0.992919919456625	0.991517829070563
Gemmataceae	0.619389359774718	0.333949001608305	0.439744326262509	0.968468367756114	0.992919919456625	0.991517829070563
Gemmatimonadaceae	0.546785504213017	0.855982869921585	0.660278342100075	0.968468367756114	0.992919919456625	0.991517829070563
Geobacteraceae	0.626317133772088	0.822333636717702	0.457910401440267	0.968468367756114	0.992919919456625	0.991517829070563
Geodermatophilaceae	0.891815650352164	0.637266419138426	0.400235211470301	0.968468367756114	0.992919919456625	0.991517829070563
Gloeobacteraceae	0.445370331656097	0.969664981660084	0.841125880041273	0.968468367756114	0.999379133657232	0.991517829070563
Gloeomargaritaceae	0.540471275096788	0.478512845124045	0.531449827917273	0.968468367756114	0.992919919456625	0.991517829070563
Glomerellaceae	0.491541431119139	0.948790118281175	0.622663618537844	0.968468367756114	0.992919919456625	0.991517829070563
Glycomycetaceae	0.567413880966824	0.861260627236845	0.875787973090007	0.968468367756114	0.992919919456625	0.997311524120305
Gomontiellaceae	0.372694453447006	0.970496552838712	0.630081621364897	0.968468367756114	0.999379133657232	0.991517829070563
Gordoniaceae	0.826071693281971	0.421096538698697	0.360423730058772	0.968468367756114	0.992919919456625	0.991517829070563
Gottschalkiaceae	0.194433532346759	0.395707616437714	0.589704325601299	0.968468367756114	0.992919919456625	0.991517829070563
Granulosicoccaceae	0.522473498993653	0.780976939785392	0.971662619830849	0.968468367756114	0.992919919456625	0.998506797002382
Hafniaceae	0.642697109376865	0.617216961603213	0.819089892565536	0.968468367756114	0.992919919456625	0.991517829070563
Hahellaceae	0.454367423911769	0.56228809782514	0.831511027891674	0.968468367756114	0.992919919456625	0.991517829070563
Halanaerobiaceae	0.699029086939449	0.976787426686115	0.985822431819366	0.968468367756114	0.999379133657232	0.998506797002382
Halieaceae	0.680513912287434	0.79017677528065	0.747396310491327	0.968468367756114	0.992919919456625	0.991517829070563
Haliscomenobacteraceae	0.434564366998696	0.169591537191026	0.228231909963748	0.968468367756114	0.992919919456625	0.991517829070563
Haloarculaceae	0.39044789982202	0.844586716579236	0.653600156624601	0.968468367756114	0.992919919456625	0.991517829070563
Halobacteriaceae	0.70525720673593	0.24792675756449	0.177486784595263	0.968468367756114	0.992919919456625	0.991517829070563
Halobacteriovoraceae	0.568100527009973	0.768422678553832	0.686506025374691	0.968468367756114	0.992919919456625	0.991517829070563
Halobacteroidaceae	0.817949523640046	0.739345473829691	0.596437053946935	0.968468367756114	0.992919919456625	0.991517829070563
Haloferacaceae	0.524345643385661	0.712598290455502	0.431662103128341	0.968468367756114	0.992919919456625	0.991517829070563
Halomonadaceae	0.803744671626683	0.557648966183384	0.354571238373728	0.968468367756114	0.992919919456625	0.991517829070563
Halorubraceae	0.417442614622754	0.507808650545641	0.255600571099812	0.968468367756114	0.992919919456625	0.991517829070563
Halothiobacillaceae	0.475372619045341	0.809158893309002	0.663759847202277	0.968468367756114	0.992919919456625	0.991517829070563
Hapalosiphonaceae	0.953248561222725	0.524296043339874	0.736865077432926	0.994694150841104	0.992919919456625	0.991517829070563
Helicobacteraceae	0.407648647064432	0.812920015218728	0.817790825208411	0.968468367756114	0.992919919456625	0.991517829070563
Heliobacteriaceae	0.870602255342568	0.897215709715802	0.637526309573189	0.968468367756114	0.992919919456625	0.991517829070563
Holosporaceae	0.132109568245068	0.179380491813781	0.388933845382668	0.968468367756114	0.992919919456625	0.991517829070563
Hungateiclostridiaceae	0.273352867799197	0.659951078854096	0.540127617681533	0.968468367756114	0.992919919456625	0.991517829070563
Hydrogenophilaceae	0.601229947364822	0.236183562434154	0.770073929246759	0.968468367756114	0.992919919456625	0.991517829070563
Hydrogenothermaceae	0.493632224740941	0.853174592403812	0.958773558802346	0.968468367756114	0.992919919456625	0.998506797002382
Hyellaceae	0.61704936295696	0.199110700681167	0.923120129665055	0.968468367756114	0.992919919456625	0.998506797002382
Hymenobacteraceae	0.581487670973724	0.815760448010338	0.998127863700698	0.968468367756114	0.992919919456625	0.998506797002382
Hyphomicrobiaceae	0.640245163602505	0.46643715960917	0.387309854079037	0.968468367756114	0.992919919456625	0.991517829070563
Hyphomonadaceae	0.482904674479939	0.787160776551772	0.937384278963085	0.968468367756114	0.992919919456625	0.998506797002382
Iamiaceae	0.637019891170474	0.484374058330402	0.359633050243126	0.968468367756114	0.992919919456625	0.991517829070563
Ichthyobacteriaceae	0.601439061447759	0.38929322124349	0.251633047653556	0.968468367756114	0.992919919456625	0.991517829070563
Idiomarinaceae	0.648416047381451	0.71059728837809	0.988371611126398	0.968468367756114	0.992919919456625	0.998506797002382
Ignavibacteriaceae	0.325454660760305	0.392239583327648	0.666258433557336	0.968468367756114	0.992919919456625	0.991517829070563
Ilumatobacteraceae	0.606068664639973	0.797381763773638	0.758384384422272	0.968468367756114	0.992919919456625	0.991517829070563
Immundisolibacteraceae	0.553087457047265	0.373724596845151	0.18720729990805	0.968468367756114	0.992919919456625	0.991517829070563
Intrasporangiaceae	0.855678499591764	0.198187354274005	0.162474352313467	0.968468367756114	0.992919919456625	0.991517829070563
Isosphaeraceae	0.760604312572824	0.165301983791635	0.158082695739188	0.968468367756114	0.992919919456625	0.991517829070563
Jiangellaceae	0.990221083949421	0.0571336176676343	0.0366244161643124	0.999560187193708	0.992919919456625	0.991517829070563
Jonesiaceae	0.646416260018936	0.574264301519879	0.632693845376461	0.968468367756114	0.992919919456625	0.991517829070563
Kangiellaceae	0.286908507025707	0.772074736171887	0.611691010218653	0.968468367756114	0.992919919456625	0.991517829070563
Kineosporiaceae	0.376472836950288	0.407363991049093	0.229340391027794	0.968468367756114	0.992919919456625	0.991517829070563
Kiritimatiellaceae	0.974794026339775	0.429145059348131	0.607657642128894	0.9962356708375	0.992919919456625	0.991517829070563
Kofleriaceae	0.595519758480418	0.503992305740828	0.655786988467211	0.968468367756114	0.992919919456625	0.991517829070563
Kosmotogaceae	0.053559669451457	0.45478541893468	0.264388090723334	0.968468367756114	0.992919919456625	0.991517829070563
Ktedonosporobacteraceae	0.27155704769337	0.595469641370459	0.773761873485162	0.968468367756114	0.992919919456625	0.991517829070563
Labilitrichaceae	0.855335033709357	0.375874726567962	0.539105284169595	0.968468367756114	0.992919919456625	0.991517829070563
Lachnospiraceae	0.344376719148486	0.537115297620034	0.982436430175676	0.968468367756114	0.992919919456625	0.998506797002382
Lacipirellulaceae	0.946460801200824	0.882476372547209	0.88455154432132	0.989481746709953	0.992919919456625	0.998208486384205
Lactobacillaceae	0.604493026669856	0.828414829413669	0.965647714245802	0.968468367756114	0.992919919456625	0.998506797002382
Legionellaceae	0.276821983442741	0.712386184958246	0.820714560905261	0.968468367756114	0.992919919456625	0.991517829070563
Leptolyngbyaceae	0.552464376175835	0.832866863011455	0.949783107218312	0.968468367756114	0.992919919456625	0.998506797002382
Leptospiraceae	0.409339536784494	0.573677976946862	0.965368270406784	0.968468367756114	0.992919919456625	0.998506797002382
Leptotrichiaceae	0.304759102874735	0.585815307337804	0.548635253812623	0.968468367756114	0.992919919456625	0.991517829070563
Leuconostocaceae	0.003985772889323	0.140120016549592	0.018905526732102	0.968468367756114	0.992919919456625	0.991517829070563
Lichenihabitantaceae	0.464749348618065	0.202654170739627	0.183747345497846	0.968468367756114	0.992919919456625	0.991517829070563
Limnochordaceae	0.792030601823183	0.764168145734971	0.722466129909835	0.968468367756114	0.992919919456625	0.991517829070563
Listeriaceae	0.392598363228358	0.968795183728516	0.808361559215538	0.968468367756114	0.999379133657232	0.991517829070563
Litoricolaceae	0.888038828232	0.852479054101816	0.604543997222284	0.968468367756114	0.992919919456625	0.991517829070563
Magnetococcaceae	0.0582588975195779	0.702054952757339	0.809319558629425	0.968468367756114	0.992919919456625	0.991517829070563
Malasseziaceae	0.204848176944318	0.462570502753176	0.518448748225145	0.968468367756114	0.992919919456625	0.991517829070563
Marinifilaceae	0.315322069928613	0.859133440350468	0.668501050594753	0.968468367756114	0.992919919456625	0.991517829070563
Marinilabiliaceae	0.278760340763627	0.518819720056095	0.0934852022583225	0.968468367756114	0.992919919456625	0.991517829070563
Mariprofundaceae	0.959881186155203	0.776742914351611	0.762274962263457	0.995176767899991	0.992919919456625	0.991517829070563
Melioribacteraceae	0.215295169989032	0.561153729264159	0.478832725217807	0.968468367756114	0.992919919456625	0.991517829070563
Merismopediaceae	0.525717213724393	0.287221748032477	0.984254707271567	0.968468367756114	0.992919919456625	0.998506797002382
Mesoaciditogaceae	0.17598057226925	0.40091774518703	0.411984037014835	0.968468367756114	0.992919919456625	0.991517829070563
Methanobacteriaceae	0.260123427993595	0.485314147003945	0.709842579415694	0.968468367756114	0.992919919456625	0.991517829070563
Methanocaldococcaceae	0.135088867623292	0.870103469869428	0.815583411661955	0.968468367756114	0.992919919456625	0.991517829070563
Methanocellaceae	0.829284342889121	0.804741074306217	0.780908640103589	0.968468367756114	0.992919919456625	0.991517829070563
Methanococcaceae	0.181198285257885	0.326338482788756	0.317089946054127	0.968468367756114	0.992919919456625	0.991517829070563
Methanocorpusculaceae	0.0962297552750416	0.923817498828063	0.859533471547136	0.968468367756114	0.992919919456625	0.991517829070563
Methanomassiliicoccaceae	0.286771790772029	0.52899405407031	0.641259630565687	0.968468367756114	0.992919919456625	0.991517829070563
Methanomicrobiaceae	0.998522339201168	0.656401325949208	0.583853378294477	0.999560187193708	0.992919919456625	0.991517829070563
Methanopyraceae	0.932633535115474	0.989798948946685	0.611139648597953	0.985763841885544	0.999379133657232	0.991517829070563
Methanoregulaceae	0.853302419511014	0.840102771871206	0.818531714644309	0.968468367756114	0.992919919456625	0.991517829070563
Methanosarcinaceae	0.412200093030586	0.576344049956566	0.674352594962521	0.968468367756114	0.992919919456625	0.991517829070563
Methanospirillaceae	0.27288697413036	0.0064700665501965	0.261482415729348	0.968468367756114	0.992919919456625	0.991517829070563
Methanothermaceae	0.319264150049167	0.0813352484481289	0.929429980823789	0.968468367756114	0.992919919456625	0.998506797002382
Methanotrichaceae	0.93292250698982	0.645304104930963	0.364253935123728	0.985763841885544	0.992919919456625	0.991517829070563
Methylacidiphilaceae	0.905020564581419	0.833370639514672	0.472614192527798	0.977634739039028	0.992919919456625	0.991517829070563
Methylobacteriaceae	0.872828348987981	0.342225547197094	0.285082954100656	0.968468367756114	0.992919919456625	0.991517829070563
Methylococcaceae	0.512721003217212	0.846455126288722	0.785674096186827	0.968468367756114	0.992919919456625	0.991517829070563
Methylocystaceae	0.522865527250416	0.470620089908105	0.47461655578589	0.968468367756114	0.992919919456625	0.991517829070563
Methylophilaceae	0.334972942153843	0.260288871428167	0.523612684448047	0.968468367756114	0.992919919456625	0.991517829070563
Microbacteriaceae	0.744650880613543	0.288827788703923	0.21933055506218	0.968468367756114	0.992919919456625	0.991517829070563
Microbulbiferaceae	0.74763914112059	0.339988178706951	0.339659031514686	0.968468367756114	0.992919919456625	0.991517829070563
Micrococcaceae	0.362666885198873	0.23075970114155	0.355440778229478	0.968468367756114	0.992919919456625	0.991517829070563
Microcoleaceae	0.370255688365698	0.893672870435997	0.52605447260499	0.968468367756114	0.992919919456625	0.991517829070563
Microcystaceae	0.312808684158047	0.230600883514094	0.00783021755591005	0.968468367756114	0.992919919456625	0.991517829070563
Micromonosporaceae	0.832957700122381	0.458448813221493	0.321024867248719	0.968468367756114	0.992919919456625	0.991517829070563
Moraxellaceae	0.30666192319705	0.805472155174286	0.737789797241981	0.968468367756114	0.992919919456625	0.991517829070563
Morganellaceae	0.252141521713619	0.507204839826218	0.461190709257679	0.968468367756114	0.992919919456625	0.991517829070563
Moritellaceae	0.753756315815977	0.480611250002691	0.494231677780225	0.968468367756114	0.992919919456625	0.991517829070563
Muribaculaceae	0.400611427845214	0.260051130852816	0.170388307181001	0.968468367756114	0.992919919456625	0.991517829070563
Mycobacteriaceae	0.746200013562191	0.46296549179722	0.301515209341324	0.968468367756114	0.992919919456625	0.991517829070563
Mycoplasmataceae	0.342730117306905	0.942611574898512	0.742246215452197	0.968468367756114	0.992919919456625	0.991517829070563
Mycosphaerellaceae	0.703968789916984	0.897740634489509	0.964710871457071	0.968468367756114	0.992919919456625	0.998506797002382
Myxococcaceae	0.633497070222307	0.595176431689676	0.491903648790933	0.968468367756114	0.992919919456625	0.991517829070563
Nairoviridae	0.515113346839439	0.545327767831031	0.88563259289619	0.968468367756114	0.992919919456625	0.998208486384205
Nakamurellaceae	0.850991318566984	0.724680120008117	0.510530014471174	0.968468367756114	0.992919919456625	0.991517829070563
Natranaerobiaceae	0.882430025891508	0.382591897213498	0.381342765347307	0.968468367756114	0.992919919456625	0.991517829070563
Natrialbaceae	0.958459930330325	0.488277391253202	0.285555882579589	0.995176767899991	0.992919919456625	0.991517829070563
Nautiliaceae	0.284991360907244	0.7735756335677	0.494281712756827	0.968468367756114	0.992919919456625	0.991517829070563
Nectriaceae	0.345312385092164	0.432780954275351	0.63287396330583	0.968468367756114	0.992919919456625	0.991517829070563
Neisseriaceae	0.299517935902854	0.952785627290999	0.748253572569325	0.968468367756114	0.992919919456625	0.991517829070563
Nitrosomonadaceae	0.657389014152468	0.874173962014251	0.838258908157786	0.968468367756114	0.992919919456625	0.991517829070563
Nitrosopumilaceae	0.310618312577206	0.815337531794968	0.357451502985358	0.968468367756114	0.992919919456625	0.991517829070563
Nitrososphaeraceae	0.726606834970418	0.741863738665033	0.755607526681656	0.968468367756114	0.992919919456625	0.991517829070563
Nitrospiraceae	0.842613762251934	0.996818083812615	0.696982624707107	0.968468367756114	0.999379133657232	0.991517829070563
Nocardiaceae	0.582989982632154	0.58479128642332	0.292313068134592	0.968468367756114	0.992919919456625	0.991517829070563
Nocardioidaceae	0.753140646267355	0.330531138235811	0.189787003776517	0.968468367756114	0.992919919456625	0.991517829070563
Nocardiopsaceae	0.885209135862431	0.185632315528577	0.185849426268208	0.968468367756114	0.992919919456625	0.991517829070563
Nostocaceae	0.236790920319051	0.615448807962357	0.911736278463782	0.968468367756114	0.992919919456625	0.998506797002382
Oceanospirillaceae	0.606623664871382	0.241231144095398	0.525902334978718	0.968468367756114	0.992919919456625	0.991517829070563
Odoribacteraceae	0.814355096407653	0.827875297135005	0.539753098037466	0.968468367756114	0.992919919456625	0.991517829070563
Oleiphilaceae	0.551575506182942	0.746522249551929	0.699176728584221	0.968468367756114	0.992919919456625	0.991517829070563
Opitutaceae	0.360295466118406	0.432573882570055	0.542978393611146	0.968468367756114	0.992919919456625	0.991517829070563
Orbaceae	0.192440836930384	0.286248364995296	0.817114464285409	0.968468367756114	0.992919919456625	0.991517829070563
Oscillatoriaceae	0.498540402031982	0.756202110464131	0.926234635700469	0.968468367756114	0.992919919456625	0.998506797002382
Oscillospiraceae	0.643933108611901	0.498212877915113	0.638070381029265	0.968468367756114	0.992919919456625	0.991517829070563
Oxalobacteraceae	0.543200815407993	0.644517148383535	0.762480050744643	0.968468367756114	0.992919919456625	0.991517829070563
Paenibacillaceae	0.44242640248449	0.790434857265482	0.88363441049925	0.968468367756114	0.992919919456625	0.998208486384205
Paludibacteraceae	0.159385543481711	0.123940741479957	0.0765405665304987	0.968468367756114	0.992919919456625	0.991517829070563
Parachlamydiaceae	0.797089294057018	0.935847522953931	0.332005543541524	0.968468367756114	0.992919919456625	0.991517829070563
Paramyxoviridae	0.493774676560377	0.168997259945448	0.0575951567349754	0.968468367756114	0.992919919456625	0.991517829070563
Parvularculaceae	0.680453612562817	0.242948306776362	0.998010479612558	0.968468367756114	0.992919919456625	0.998506797002382
Pasteurellaceae	0.0779011104485645	0.163869885630294	0.144076755075754	0.968468367756114	0.992919919456625	0.991517829070563
Pectobacteriaceae	0.44759780694983	0.859339908684941	0.889877831890143	0.968468367756114	0.992919919456625	0.998506797002382
Pelagibacteraceae	0.247044308151039	0.47334270400711	0.376453590928091	0.968468367756114	0.992919919456625	0.991517829070563
Peptococcaceae	0.681934769518159	0.78451729461934	0.965914454855777	0.968468367756114	0.992919919456625	0.998506797002382
Peptoniphilaceae	0.623470307135967	0.984020413006286	0.961659556913898	0.968468367756114	0.999379133657232	0.998506797002382
Peptostreptococcaceae	0.264852564903103	0.865402878282762	0.805763506643794	0.968468367756114	0.992919919456625	0.991517829070563
Peribunyaviridae	0.715735398158718	0.7116658399394	0.245413128298642	0.968468367756114	0.992919919456625	0.991517829070563
Petrotogaceae	0.205785135651334	0.491915995971791	0.609981167648726	0.968468367756114	0.992919919456625	0.991517829070563
Phaffomycetaceae	0.137894299657302	0.807417398861592	0.35532677303179	0.968468367756114	0.992919919456625	0.991517829070563
Phenuiviridae	0.0721703016565036	0.666828736887648	0.866582420317666	0.968468367756114	0.992919919456625	0.992434639035999
Phycisphaeraceae	0.912342779799174	0.0359209551013026	0.0488524263053618	0.980519498641024	0.992919919456625	0.991517829070563
Phyllobacteriaceae	0.48272049011122	0.596880028960628	0.574302072124452	0.968468367756114	0.992919919456625	0.991517829070563
Pichiaceae	0.293506389648915	0.630729140203419	0.640043285781539	0.968468367756114	0.992919919456625	0.991517829070563
Picrophilaceae	0.456773684629598	0.59015228411133	0.608362154310795	0.968468367756114	0.992919919456625	0.991517829070563
Pirellulaceae	0.430134423316007	0.903889099484167	0.84814330193622	0.968468367756114	0.992919919456625	0.991517829070563
Piscirickettsiaceae	0.430238168775318	0.862184381649273	0.96576653319284	0.968468367756114	0.992919919456625	0.998506797002382
Planctomycetaceae	0.504366700481339	0.758310268022023	0.50494893754983	0.968468367756114	0.992919919456625	0.991517829070563
Planococcaceae	0.210339391766384	0.612689608776182	0.597385887276197	0.968468367756114	0.992919919456625	0.991517829070563
Polyangiaceae	0.849455007913374	0.311746630139429	0.278675015900235	0.968468367756114	0.992919919456625	0.991517829070563
Porphyromonadaceae	0.302316260847309	0.368114233489538	0.296592801178973	0.968468367756114	0.992919919456625	0.991517829070563
Prevotellaceae	0.0812997499244214	0.028291186410764	0.206032795829981	0.968468367756114	0.992919919456625	0.991517829070563
Prochloraceae	0.364214617787829	0.701732498192501	0.552696658720423	0.968468367756114	0.992919919456625	0.991517829070563
Prochlorotrichaceae	0.620747983124132	0.892446475185915	0.406820334244492	0.968468367756114	0.992919919456625	0.991517829070563
Prolixibacteraceae	0.213327796826078	0.491893711342461	0.366093988839677	0.968468367756114	0.992919919456625	0.991517829070563
Promicromonosporaceae	0.891846753750672	0.0748637235066229	0.0392656775509159	0.968468367756114	0.992919919456625	0.991517829070563
Propionibacteriaceae	0.549063945880183	0.200181821826341	0.0238127595420245	0.968468367756114	0.992919919456625	0.991517829070563
Pseudanabaenaceae	0.56009410749562	0.546326589864438	0.682645799893384	0.968468367756114	0.992919919456625	0.991517829070563
Pseudoalteromonadaceae	0.352138237623551	0.625002894518002	0.790616356583626	0.968468367756114	0.992919919456625	0.991517829070563
Pseudomonadaceae	0.795674612186172	0.927928934565547	0.684614430151277	0.968468367756114	0.992919919456625	0.991517829070563
Pseudonocardiaceae	0.78077471441622	0.454157912294862	0.304146845746222	0.968468367756114	0.992919919456625	0.991517829070563
Psychromonadaceae	0.590913471876041	0.762507866569955	0.689455359946148	0.968468367756114	0.992919919456625	0.991517829070563
Puniceicoccaceae	0.863731163586184	0.876854917710374	0.510639731155437	0.968468367756114	0.992919919456625	0.991517829070563
Pyriculariaceae	0.703385734041883	0.978658731042605	0.734937135427381	0.968468367756114	0.999379133657232	0.991517829070563
Pyrodictiaceae	0.536709148887907	0.415878226031569	0.429615464411452	0.968468367756114	0.992919919456625	0.991517829070563
Rhabdoviridae	0.481869417794519	0.43641119521219	0.978529221198819	0.968468367756114	0.992919919456625	0.998506797002382
Rhizobiaceae	0.62989002499912	0.745620107395089	0.543580159469773	0.968468367756114	0.992919919456625	0.991517829070563
Rhodanobacteraceae	0.68465796985551	0.54177701129211	0.419530085420421	0.968468367756114	0.992919919456625	0.991517829070563
Rhodobacteraceae	0.602392197112932	0.756287372971501	0.594527989157346	0.968468367756114	0.992919919456625	0.991517829070563
Rhodobiaceae	0.312589689595362	0.830972343531089	0.632055490292354	0.968468367756114	0.992919919456625	0.991517829070563
Rhodocyclaceae	0.788094835753065	0.222313956190577	0.470400544024089	0.968468367756114	0.992919919456625	0.991517829070563
Rhodospirillaceae	0.621818206496121	0.731734097950185	0.565377265847938	0.968468367756114	0.992919919456625	0.991517829070563
Rhodothermaceae	0.52377729305684	0.951853046412556	0.709779142904877	0.968468367756114	0.992919919456625	0.991517829070563
Rickettsiaceae	0.366610261154129	0.456661557813128	0.873631029735455	0.968468367756114	0.992919919456625	0.997311524120305
Rikenellaceae	0.2402627323218	0.927459283411632	0.262472645482548	0.968468367756114	0.992919919456625	0.991517829070563
Rivulariaceae	0.422670381670007	0.486873300354536	0.340813885758535	0.968468367756114	0.992919919456625	0.991517829070563
Roseiflexaceae	0.671241853665368	0.778756343256999	0.927750330334457	0.968468367756114	0.992919919456625	0.998506797002382
Ruaniaceae	0.323785857284903	0.376052631369496	0.226325969195492	0.968468367756114	0.992919919456625	0.991517829070563
Rubrobacteraceae	0.993853854659501	0.259347829559716	0.235183867685897	0.999560187193708	0.992919919456625	0.991517829070563
Ruminococcaceae	0.889341205317257	0.859821322516642	0.680946184723818	0.968468367756114	0.992919919456625	0.991517829070563
Saccharomycetaceae	0.26585118530246	0.265766896922012	0.851275264835258	0.968468367756114	0.992919919456625	0.991517829070563
Saccharospirillaceae	0.295757622160325	0.759882733513148	0.919367339075983	0.968468367756114	0.992919919456625	0.998506797002382
Salinisphaeraceae	0.257689618280148	0.177024426186336	0.303550078852877	0.968468367756114	0.992919919456625	0.991517829070563
Salinivirgaceae	0.172345968678668	0.236644045957925	0.095162526349278	0.968468367756114	0.992919919456625	0.991517829070563
Sandaracinaceae	0.934053774387279	0.403796966260836	0.29067551526735	0.985763841885544	0.992919919456625	0.991517829070563
Sanguibacteraceae	0.445000593150914	0.456764754691009	0.566236064981903	0.968468367756114	0.992919919456625	0.991517829070563
Saprospiraceae	0.289325013936512	0.138145906773123	0.129271952256751	0.968468367756114	0.992919919456625	0.991517829070563
Schizosaccharomycetaceae	0.294812582785048	0.715143800929997	0.750528968598793	0.968468367756114	0.992919919456625	0.991517829070563
Sclerotiniaceae	0.534218513708101	0.771414687796517	0.711524207376045	0.968468367756114	0.992919919456625	0.991517829070563
Scytonemataceae	0.300404799511992	0.143650940424248	0.294788578359079	0.968468367756114	0.992919919456625	0.991517829070563
Sedimentisphaeraceae	0.929702556680493	0.925511737222335	0.72148099431846	0.985763841885544	0.992919919456625	0.991517829070563
Segniliparaceae	0.246224921322831	0.519453812646638	0.468275022973987	0.968468367756114	0.992919919456625	0.991517829070563
Selenomonadaceae	0.977217301438235	0.720900727559855	0.735514626125245	0.9962356708375	0.992919919456625	0.991517829070563
Shewanellaceae	0.317421041215917	0.565131547026844	0.849373823654408	0.968468367756114	0.992919919456625	0.991517829070563
Silvanigrellaceae	0.45357599252877	0.93555983629799	0.510836006942567	0.968468367756114	0.992919919456625	0.991517829070563
Simkaniaceae	0.294275243274534	0.673753315848694	0.967219594001336	0.968468367756114	0.992919919456625	0.998506797002382
Sinobacteraceae	0.68097320423324	0.346430904650091	0.307750533995811	0.968468367756114	0.992919919456625	0.991517829070563
Solibacteraceae	0.570513682255068	0.59063275210006	0.748784801193036	0.968468367756114	0.992919919456625	0.991517829070563
Sordariaceae	0.538631531734479	0.568575226937378	0.99826205125194	0.968468367756114	0.992919919456625	0.998506797002382
Sphaerobacteraceae	0.588381341289255	0.172096118177862	0.13381270447489	0.968468367756114	0.992919919456625	0.991517829070563
Sphingobacteriaceae	0.161157022917103	0.166694193454521	0.161167199367614	0.968468367756114	0.992919919456625	0.991517829070563
Sphingomonadaceae	0.560937346506378	0.670562018260053	0.497733995073797	0.968468367756114	0.992919919456625	0.991517829070563
Spirochaetaceae	0.511250266618503	0.726668112288956	0.777015538715986	0.968468367756114	0.992919919456625	0.991517829070563
Spiroplasmataceae	0.60799568008085	0.96406180959016	0.790152758642011	0.968468367756114	0.998427990419828	0.991517829070563
Spongiibacteraceae	0.489728320044978	0.775336805204049	0.849448777443447	0.968468367756114	0.992919919456625	0.991517829070563
Sporichthyaceae	0.504723214594944	0.998077845325952	0.81359573280122	0.968468367756114	0.999379133657232	0.991517829070563
Sporolactobacillaceae	0.374845976025301	0.418211523248202	0.427727850055365	0.968468367756114	0.992919919456625	0.991517829070563
Sporomusaceae	0.838898086940374	0.77838355734919	0.561856403163347	0.968468367756114	0.992919919456625	0.991517829070563
Staphylococcaceae	0.172528055885735	0.837915272760484	0.521370687916397	0.968468367756114	0.992919919456625	0.991517829070563
Steroidobacteraceae	0.802254277344947	0.345971577390237	0.400647945333219	0.968468367756114	0.992919919456625	0.991517829070563
Sterolibacteriaceae	0.805283271422766	0.372630532983933	0.345481725925173	0.968468367756114	0.992919919456625	0.991517829070563
Streptococcaceae	0.190824341793152	0.583335397571549	0.255134557014319	0.968468367756114	0.992919919456625	0.991517829070563
Streptomycetaceae	0.753289770853253	0.39705743446083	0.253755147979049	0.968468367756114	0.992919919456625	0.991517829070563
Streptosporangiaceae	0.565168634529768	0.545497581091374	0.435729997022754	0.968468367756114	0.992919919456625	0.991517829070563
Succinivibrionaceae	0.406646663709963	0.830471181887385	0.694528994668385	0.968468367756114	0.992919919456625	0.991517829070563
Sulfolobaceae	0.330739194460104	0.11605865395315	0.223258527252564	0.968468367756114	0.992919919456625	0.991517829070563
Sutterellaceae	0.706460573128797	0.501990337974255	0.825887336936797	0.968468367756114	0.992919919456625	0.991517829070563
Symbiobacteriaceae	0.58426880921252	0.723250027542866	0.795568327786072	0.968468367756114	0.992919919456625	0.991517829070563
Synechococcaceae	0.738447374787629	0.910332209655485	0.638139360607261	0.968468367756114	0.992919919456625	0.991517829070563
Synergistaceae	0.232741561980307	0.80985257476804	0.41930504825045	0.968468367756114	0.992919919456625	0.991517829070563
Syntrophaceae	0.474351930371704	0.682869942467593	0.414171483423717	0.968468367756114	0.992919919456625	0.991517829070563
Syntrophobacteraceae	0.880724321766177	0.499739961475127	0.553431981332348	0.968468367756114	0.992919919456625	0.991517829070563
Syntrophomonadaceae	0.79921057472445	0.878434184225528	0.697350443581943	0.968468367756114	0.992919919456625	0.991517829070563
Tannerellaceae	0.849970969680986	0.946517164200971	0.375631863265982	0.968468367756114	0.992919919456625	0.991517829070563
Tepidiformaceae	0.363415713411431	0.417202428842048	0.958008747633985	0.968468367756114	0.992919919456625	0.998506797002382
Thermaceae	0.668121144809068	0.374150879836234	0.320258130922476	0.968468367756114	0.992919919456625	0.991517829070563
Thermoactinomycetaceae	0.831543081932873	0.897424830594537	0.93467433696834	0.968468367756114	0.992919919456625	0.998506797002382
Thermoanaerobacteraceae	0.399507398465348	0.818906870553421	0.895186404674072	0.968468367756114	0.992919919456625	0.998506797002382
Thermoanaerobacterales Family III. Incertae Sedis	0.532878271127392	0.721331987653709	0.605792467028553	0.968468367756114	0.992919919456625	0.991517829070563
Thermoanaerobacterales Family IV. Incertae Sedis	0.289880561396142	0.648619501746994	0.976593801791098	0.968468367756114	0.992919919456625	0.998506797002382
Thermococcaceae	0.588364806417459	0.844246861363568	0.985593150897326	0.968468367756114	0.992919919456625	0.998506797002382
Thermodesulfobacteriaceae	0.663283460253668	0.980984836878219	0.789014284144183	0.968468367756114	0.999379133657232	0.991517829070563
Thermodesulfobiaceae	0.748437455655397	0.564959160787968	0.735119588154474	0.968468367756114	0.992919919456625	0.991517829070563
Thermofilaceae	0.72793202390072	0.733223648709832	0.744344898594689	0.968468367756114	0.992919919456625	0.991517829070563
Thermoguttaceae	0.785241441628354	0.351404176352996	0.240326355588081	0.968468367756114	0.992919919456625	0.991517829070563
Thermomicrobiaceae	0.857425847884052	0.0295685298566605	0.053697841257395	0.968468367756114	0.992919919456625	0.991517829070563
Thermomonosporaceae	0.42403447302489	0.643874277310266	0.429181877296616	0.968468367756114	0.992919919456625	0.991517829070563
Thermoplasmataceae	0.902885904862251	0.32905147432076	0.844413680739313	0.977241214674436	0.992919919456625	0.991517829070563
Thermoproteaceae	0.963565617813354	0.335345026180868	0.36266953043314	0.995646811632672	0.992919919456625	0.991517829070563
Thermotogaceae	0.579065945357321	0.895349926463153	0.526383667132176	0.968468367756114	0.992919919456625	0.991517829070563
Thioalkalibacteraceae	0.291970185285116	0.673272984685687	0.526440593887184	0.968468367756114	0.992919919456625	0.991517829070563
Thioalkalispiraceae	0.809691395637421	0.934036644535141	0.771105357632063	0.968468367756114	0.992919919456625	0.991517829070563
Thiobacillaceae	0.522902910036041	0.436234522400607	0.641300298554066	0.968468367756114	0.992919919456625	0.991517829070563
Thiotrichaceae	0.147795008626241	0.0726235629089663	0.0763054725953401	0.968468367756114	0.992919919456625	0.991517829070563
Tissierellaceae	0.652083884716961	0.802053892633146	0.975934722536102	0.968468367756114	0.992919919456625	0.998506797002382
Tolypothrichaceae	0.0938583200599395	0.277032202369381	0.0572430846970573	0.968468367756114	0.992919919456625	0.991517829070563
Tospoviridae	0.573277994295051	0.941036337432788	0.435270749281427	0.968468367756114	0.992919919456625	0.991517829070563
Trichocomaceae	0.320578131447946	0.458448717282906	0.837426350021117	0.968468367756114	0.992919919456625	0.991517829070563
Trichomonascaceae	0.27732824214461	0.768643558157067	0.309827957278802	0.968468367756114	0.992919919456625	0.991517829070563
Trueperaceae	0.564875248185216	0.218480765927601	0.626201786832424	0.968468367756114	0.992919919456625	0.991517829070563
Tsukamurellaceae	0.836990903220699	0.214883209076387	0.161193156599307	0.968468367756114	0.992919919456625	0.991517829070563
Unclassified Acidobacteria Phylum	0.415831249723645	0.245495433421415	0.617546592703867	0.968468367756114	0.992919919456625	0.991517829070563
Unclassified Acidobacteriia Class	0.607731777843604	0.119698778105921	0.250634969973996	0.968468367756114	0.992919919456625	0.991517829070563
Unclassified Actinobacteria Class	0.960922495091839	0.318880070748421	0.178430070135303	0.995176767899991	0.992919919456625	0.991517829070563
Unclassified Actinobacteria Phylum	0.751864132990334	0.0212204565532046	0.000568476722524798	0.968468367756114	0.992919919456625	0.313799150833688
Unclassified Alphaproteobacteria Class	0.560084053995557	0.533003968542656	0.517594439188697	0.968468367756114	0.992919919456625	0.991517829070563
Unclassified Alteromonadales Order	0.144370732686443	0.299169968738499	0.489233831998033	0.968468367756114	0.992919919456625	0.991517829070563
Unclassified Aquificales Order	0.347566817328501	0.211620028761297	0.787290083728863	0.968468367756114	0.992919919456625	0.991517829070563
Unclassified Armatimonadetes Phylum	0.632541900775789	0.276814405333854	0.281373931035262	0.968468367756114	0.992919919456625	0.991517829070563
Unclassified Ascomycota Phylum	0.989577584733817	0.0542408362550292	0.689122413311601	0.999560187193708	0.992919919456625	0.991517829070563
Unclassified Bacillales Order	0.386948913659062	0.508546553656745	0.576888253353457	0.968468367756114	0.992919919456625	0.991517829070563
Unclassified Bacilli Class	0.418200396911443	0.999379133657232	0.727816311716501	0.968468367756114	0.999379133657232	0.991517829070563
Unclassified Bacteriovoracales Order	0.981033531987198	0.742486583828757	0.376099147679137	0.9962356708375	0.992919919456625	0.991517829070563
Unclassified Bacteroidales Order	0.474270754671857	0.647746218163777	0.576646683805326	0.968468367756114	0.992919919456625	0.991517829070563
Unclassified Bacteroidetes Phylum	0.552381594803354	0.366181106149299	0.296285602437043	0.968468367756114	0.992919919456625	0.991517829070563
Unclassified Bacteroidia Class	0.576218706036261	0.901507895973154	0.738643971053603	0.968468367756114	0.992919919456625	0.991517829070563
Unclassified Balneolaeota Phylum	0.814958810825233	0.91815998982587	0.839708089881151	0.968468367756114	0.992919919456625	0.991517829070563
Unclassified Basidiomycota Phylum	0.00683610279085639	0.686301677072581	0.502308678922378	0.968468367756114	0.992919919456625	0.991517829070563
Unclassified Betaproteobacteria Class	0.538850180468233	0.724794359983264	0.543325751362378	0.968468367756114	0.992919919456625	0.991517829070563
Unclassified Blastocatellia Class	0.661696289782126	0.139231624579862	0.340909347657434	0.968468367756114	0.992919919456625	0.991517829070563
Unclassified Bradymonadales Order	0.940809734972371	0.429598623447543	0.496177024489803	0.985763841885544	0.992919919456625	0.991517829070563
Unclassified Burkholderiales Order	0.507099256283105	0.482689990988306	0.587260921100859	0.968468367756114	0.992919919456625	0.991517829070563
Unclassified Campylobacterales Order	0.310856235239066	0.477837035389051	0.424731946182244	0.968468367756114	0.992919919456625	0.991517829070563
Unclassified Candidatus Bipolaricaulota Phylum	0.978810722351341	0.140199202286861	0.329816739069345	0.9962356708375	0.992919919456625	0.991517829070563
Unclassified Candidatus Cloacimonetes Phylum	0.13712254231755	0.613786062259992	0.320891080904344	0.968468367756114	0.992919919456625	0.991517829070563
Unclassified Candidatus Gracilibacteria Phylum	0.231829948263846	0.669399611218511	0.976060641670342	0.968468367756114	0.992919919456625	0.998506797002382
Unclassified Candidatus Korarchaeota Phylum	0.875513644369552	0.609280336400164	0.266248436844705	0.968468367756114	0.992919919456625	0.991517829070563
Unclassified Candidatus Micrarchaeota Phylum	0.970346101322303	0.340663282592526	0.270926207158433	0.995646811632672	0.992919919456625	0.991517829070563
Unclassified Candidatus Saccharibacteria Phylum	0.8816919135108	0.86176139065158	0.826362059195231	0.968468367756114	0.992919919456625	0.991517829070563
Unclassified Cellvibrionales Order	0.276924878235462	0.877721147752814	0.522203330293671	0.968468367756114	0.992919919456625	0.991517829070563
Unclassified Chlamydiia Class	0.181665965569622	0.34300653735096	0.248201842273154	0.968468367756114	0.992919919456625	0.991517829070563
Unclassified Chloroflexi Phylum	0.374053542234436	0.21432597699846	0.6589105149514	0.968468367756114	0.992919919456625	0.991517829070563
Unclassified Chromatiales Order	0.184609043535787	0.842628195177053	0.820930597990715	0.968468367756114	0.992919919456625	0.991517829070563
Unclassified Chroococcales Order	0.332062194679558	0.573953488510426	0.104582277856224	0.968468367756114	0.992919919456625	0.991517829070563
Unclassified Clostridia Class	0.546235677903876	0.995497511918366	0.886090866536704	0.968468367756114	0.999379133657232	0.998208486384205
Unclassified Clostridiales Order	0.488571747999559	0.567505106266772	0.633555831292703	0.968468367756114	0.992919919456625	0.991517829070563
Unclassified Coriobacteriales Order	0.977917601960981	0.455726235066526	0.103453183681917	0.9962356708375	0.992919919456625	0.991517829070563
Unclassified Coriobacteriia Class	0.941118740350873	0.0292404745906698	0.00260732784961486	0.985763841885544	0.992919919456625	0.719622486493702
Unclassified Corynebacteriales Order	0.892436490830986	0.508977513468274	0.208807343937058	0.968468367756114	0.992919919456625	0.991517829070563
Unclassified Cyanobacteria Phylum	0.553490172090141	0.7761126669579	0.76250206333726	0.968468367756114	0.992919919456625	0.991517829070563
Unclassified Cytophagales Order	0.253642442853685	0.495073974733024	0.674187802099868	0.968468367756114	0.992919919456625	0.991517829070563
Unclassified Dehalococcoidia Class	0.455619176698469	0.520670190297719	0.357421295982758	0.968468367756114	0.992919919456625	0.991517829070563
Unclassified Deinococcales Order	0.572944832913645	0.060908621952842	0.628512046713982	0.968468367756114	0.992919919456625	0.991517829070563
Unclassified Deinococci Class	0.829123174392065	0.118001535356037	0.281045086262104	0.968468367756114	0.992919919456625	0.991517829070563
Unclassified Deltaproteobacteria Class	0.702492850864694	0.284956308842488	0.536009676693161	0.968468367756114	0.992919919456625	0.991517829070563
Unclassified Desulfobacterales Order	0.836660298676838	0.144719930890693	0.274218871247521	0.968468367756114	0.992919919456625	0.991517829070563
Unclassified Desulfovibrionales Order	0.742569241779056	0.162784798440328	0.54432243100508	0.968468367756114	0.992919919456625	0.991517829070563
Unclassified Desulfuromonadales Order	0.305811336194378	0.275369544335474	0.630903792391423	0.968468367756114	0.992919919456625	0.991517829070563
Unclassified Elusimicrobia Phylum	0.215744079522542	0.38664201803519	0.682135850515527	0.968468367756114	0.992919919456625	0.991517829070563
Unclassified Enterobacterales Order	0.0846188791526921	0.870908080199948	0.313256664445215	0.968468367756114	0.992919919456625	0.991517829070563
Unclassified Entomoplasmatales Order	0.999560187193708	0.461700782752963	0.85486893981643	0.999560187193708	0.992919919456625	0.991517829070563
Unclassified Epsilonproteobacteria Class	0.192033999228125	0.947887844018061	0.411810838541039	0.968468367756114	0.992919919456625	0.991517829070563
Unclassified Euryarchaeota Phylum	0.687753324233589	0.252315729376167	0.154586878240925	0.968468367756114	0.992919919456625	0.991517829070563
Unclassified Firmicutes Phylum	0.184328413492424	0.879975930888539	0.861807352544851	0.968468367756114	0.992919919456625	0.991517829070563
Unclassified Flavobacteriales Order	0.35813951012454	0.905695835825467	0.627789892950334	0.968468367756114	0.992919919456625	0.991517829070563
Unclassified Frankiales Order	0.705298904709323	0.184593026209235	0.148939195969446	0.968468367756114	0.992919919456625	0.991517829070563
Unclassified Fusobacteriales Order	0.455356071747929	0.651600811967274	0.576578262215614	0.968468367756114	0.992919919456625	0.991517829070563
Unclassified Gammaproteobacteria Class	0.49082610995627	0.986000610059156	0.859439726059274	0.968468367756114	0.999379133657232	0.991517829070563
Unclassified Halanaerobiales Order	0.997264053248466	0.948490361991756	0.906973586745103	0.999560187193708	0.992919919456625	0.998506797002382
Unclassified Halobacteria Class	0.470955182151165	0.0952705359865617	0.221834184971332	0.968468367756114	0.992919919456625	0.991517829070563
Unclassified Halobacteriales Order	0.820591511818929	0.0301665068792757	0.135504028958557	0.968468367756114	0.992919919456625	0.991517829070563
Unclassified Haloferacales Order	0.842854645291831	0.0110171583768049	0.178518032023709	0.968468367756114	0.992919919456625	0.991517829070563
Unclassified Ignavibacteriales Order	0.390656002461986	0.646191693799594	0.343790751458003	0.968468367756114	0.992919919456625	0.991517829070563
Unclassified Kiritimatiellaeota Phylum	0.821764909311923	0.702526129669458	0.60707885322676	0.968468367756114	0.992919919456625	0.991517829070563
Unclassified Lactobacillales Order	0.539760737024532	0.819227428035047	0.680846910079269	0.968468367756114	0.992919919456625	0.991517829070563
Unclassified Legionellales Order	0.84527261748983	0.322876112582843	0.410994428332167	0.968468367756114	0.992919919456625	0.991517829070563
Unclassified Marinilabiliales Order	0.744717633572828	0.953347024115963	0.666140573620443	0.968468367756114	0.992919919456625	0.991517829070563
Unclassified Methanococcales Order	0.247346455234165	0.766576373749942	0.182194426735321	0.968468367756114	0.992919919456625	0.991517829070563
Unclassified Methanomassiliicoccales Order	0.216649729015991	0.586827101327134	0.632572800950999	0.968468367756114	0.992919919456625	0.991517829070563
Unclassified Methanomicrobia Class	0.761556238875316	0.0825882109006494	0.87814761239387	0.968468367756114	0.992919919456625	0.997402226422667
Unclassified Methanomicrobiales Order	0.514287951119478	0.0641630873015641	0.411586229631474	0.968468367756114	0.992919919456625	0.991517829070563
Unclassified Micrococcales Order	0.779402617579562	0.849251577625868	0.405791710540825	0.968468367756114	0.992919919456625	0.991517829070563
Unclassified Mollicutes Class	0.602679479892753	0.821604740679303	0.67778076407466	0.968468367756114	0.992919919456625	0.991517829070563
Unclassified Myxococcales Order	0.917218911605737	0.285271954102915	0.325496013185669	0.98121092869451	0.992919919456625	0.991517829070563
Unclassified Negativicutes Class	0.995316939825225	0.571296505300708	0.298336514598756	0.999560187193708	0.992919919456625	0.991517829070563
Unclassified Neisseriales Order	0.594465102022286	0.704683760720761	0.994126149383457	0.968468367756114	0.992919919456625	0.998506797002382
Unclassified Nitriliruptoria Class	0.797794326241127	0.313505284858453	0.633512033792159	0.968468367756114	0.992919919456625	0.991517829070563
Unclassified Nitrosomonadales Order	0.914367467901806	0.949581729749192	0.896713302100659	0.980519498641024	0.992919919456625	0.998506797002382
Unclassified Nostocales Order	0.509181755610425	0.869698388132752	0.93613777474528	0.968468367756114	0.992919919456625	0.998506797002382
Unclassified Oceanospirillales Order	0.3392682061348	0.982578515428284	0.63146087150879	0.968468367756114	0.999379133657232	0.991517829070563
Unclassified Opitutae Class	0.00120238214238251	0.720237814153613	0.0477960034654847	0.663714942595146	0.992919919456625	0.991517829070563
Unclassified Oscillatoriales Order	0.25653227607102	0.505470864855528	0.968132941935876	0.968468367756114	0.992919919456625	0.998506797002382
Unclassified Parachlamydiales Order	0.196365448104312	0.937896266307699	0.03717735164963	0.968468367756114	0.992919919456625	0.991517829070563
Unclassified Phycisphaerae Class	0.86275543970433	0.926276994495397	0.723137970367588	0.968468367756114	0.992919919456625	0.991517829070563
Unclassified Planctomycetales Order	0.676024672893654	0.543567414086652	0.577112863981396	0.968468367756114	0.992919919456625	0.991517829070563
Unclassified Planctomycetes Phylum	0.530890605303825	0.959260137820559	0.732930419809253	0.968468367756114	0.995322549016821	0.991517829070563
Unclassified Planctomycetia Class	0.493937678016589	0.793710532391737	0.602221870309695	0.968468367756114	0.992919919456625	0.991517829070563
Unclassified Propionibacteriales Order	0.414639349525039	0.667452343907548	0.784481312127333	0.968468367756114	0.992919919456625	0.991517829070563
Unclassified Proteobacteria Phylum	0.537447167248977	0.715974129607445	0.712032198176092	0.968468367756114	0.992919919456625	0.991517829070563
Unclassified Pseudomonadales Order	0.372355083236181	0.923048096242665	0.625879222979788	0.968468367756114	0.992919919456625	0.991517829070563
Unclassified Rhizobiales Order	0.674128859102988	0.359134421407272	0.436305198143225	0.968468367756114	0.992919919456625	0.991517829070563
Unclassified Rhodobacterales Order	0.561289081142916	0.724698188744974	0.960262090251442	0.968468367756114	0.992919919456625	0.998506797002382
Unclassified Rhodocyclales Order	0.930568392742436	0.871207574448641	0.56600219467242	0.985763841885544	0.992919919456625	0.991517829070563
Unclassified Rhodospirillales Order	0.708923132595322	0.708826769926964	0.659233723637825	0.968468367756114	0.992919919456625	0.991517829070563
Unclassified Rickettsiales Order	0.111736323205144	0.995361272758765	0.782365232827805	0.968468367756114	0.999379133657232	0.991517829070563
Unclassified Saccharomycetales Order	0.0901094110146499	0.0835958358850225	0.566978125024383	0.968468367756114	0.992919919456625	0.991517829070563
Unclassified Sedimentisphaerales Order	0.0638669436711242	0.132988311151738	0.0976497874380477	0.968468367756114	0.992919919456625	0.991517829070563
Unclassified Selenomonadales Order	0.514729529786014	0.95121400751553	0.995606381980408	0.968468367756114	0.992919919456625	0.998506797002382
Unclassified Silvanigrellales Order	0.838615704102136	0.481585837668898	0.227607295932154	0.968468367756114	0.992919919456625	0.991517829070563
Unclassified Sordariales Order	0.642200118152995	0.354261950958877	0.413356658737292	0.968468367756114	0.992919919456625	0.991517829070563
Unclassified Sordariomycetes Class	0.876549797798125	0.637513709724083	0.909076638526786	0.968468367756114	0.992919919456625	0.998506797002382
Unclassified Spartobacteria Class	0.575101992345792	0.904503451683004	0.655029188042299	0.968468367756114	0.992919919456625	0.991517829070563
Unclassified Sphingomonadales Order	0.497472555817967	0.613494277311941	0.568932489271504	0.968468367756114	0.992919919456625	0.991517829070563
Unclassified Spirochaetales Order	0.635756789418662	0.0244803606694046	0.187664046287659	0.968468367756114	0.992919919456625	0.991517829070563
Unclassified Spirochaetia Class	0.489149726299013	0.850927077775588	0.767863946651171	0.968468367756114	0.992919919456625	0.991517829070563
Unclassified Streptosporangiales Order	0.981797472709421	0.996832108525159	0.751808515559629	0.9962356708375	0.999379133657232	0.991517829070563
Unclassified Synechococcales Order	0.957454713908393	0.919414754707348	0.564126835646963	0.995176767899991	0.992919919456625	0.991517829070563
Unclassified Tenericutes Phylum	0.779493050330216	0.885942859897067	0.649994765966992	0.968468367756114	0.992919919456625	0.991517829070563
Unclassified Thaumarchaeota Phylum	0.0514433762706629	0.298133614620101	0.176566267125406	0.968468367756114	0.992919919456625	0.991517829070563
Unclassified Thermoanaerobacterales Order	0.831155790797701	0.412743148665722	0.98666754145148	0.968468367756114	0.992919919456625	0.998506797002382
Unclassified Thermomicrobia Class	0.583501284577364	0.0712945401972325	0.0420551745073896	0.968468367756114	0.992919919456625	0.991517829070563
Unclassified Thermoplasmata Class	0.491825399459194	0.0928604601053699	0.487167516280758	0.968468367756114	0.992919919456625	0.991517829070563
Unclassified Thermoplasmatales Order	0.344540847425683	0.325525888360693	0.534428361778587	0.968468367756114	0.992919919456625	0.991517829070563
Unclassified Thermotogae Class	0.058178533005897	0.0705515425029105	0.031468970479716	0.968468367756114	0.992919919456625	0.991517829070563
Unclassified Thermotogales Order	0.0651377062802311	0.804502890104922	0.264159009081276	0.968468367756114	0.992919919456625	0.991517829070563
Unclassified Tissierellales Order	0.0175762235044203	0.601665232126411	0.467787772255599	0.968468367756114	0.992919919456625	0.991517829070563
Unclassified Tissierellia Class	0.238575332529962	0.667926038859269	0.731713981634197	0.968468367756114	0.992919919456625	0.991517829070563
Unclassified Verrucomicrobia Phylum	0.576164359699795	0.581990905557979	0.863985644534313	0.968468367756114	0.992919919456625	0.991517829070563
Unclassified Verrucomicrobiales Order	0.723358376905593	0.862984339858271	0.420536475104126	0.968468367756114	0.992919919456625	0.991517829070563
Unclassified Victivallales Order	0.313072927043609	0.0307529347393051	0.0543021881271488	0.968468367756114	0.992919919456625	0.991517829070563
Unclassified Xanthomonadales Order	0.93726625869234	0.208335437321092	0.500152822059252	0.985763841885544	0.992919919456625	0.991517829070563
Unclassified candidate division Zixibacteria Phylum	0.846267804350352	0.870841147906636	0.843452590231891	0.968468367756114	0.992919919456625	0.991517829070563
Unikaryonidae	0.407582286933327	0.878160544811791	0.321930992941828	0.968468367756114	0.992919919456625	0.991517829070563
Ustilaginaceae	0.515509418205814	0.770817045084279	0.747488162785193	0.968468367756114	0.992919919456625	0.991517829070563
Vallitaleaceae	0.207220549432285	0.514504397332082	0.972221228520397	0.968468367756114	0.992919919456625	0.998506797002382
Veillonellaceae	0.653309034395991	0.333073093854369	0.738924017748239	0.968468367756114	0.992919919456625	0.991517829070563
Verrucomicrobiaceae	0.864159812417162	0.241869325541958	0.724463926284267	0.968468367756114	0.992919919456625	0.991517829070563
Vibrionaceae	0.309972297198322	0.540872385802289	0.644653095479804	0.968468367756114	0.992919919456625	0.991517829070563
Vicinamibacteraceae	0.244146506425059	0.941690469106295	0.453145656609561	0.968468367756114	0.992919919456625	0.991517829070563
Vulgatibacteraceae	0.230179644219977	0.827193928126382	0.748354464197075	0.968468367756114	0.992919919456625	0.991517829070563
Waddliaceae	0.105521231917934	0.37229149890522	0.341107405848832	0.968468367756114	0.992919919456625	0.991517829070563
Wenzhouxiangellaceae	0.290719267190428	0.520128303593366	0.910238768961853	0.968468367756114	0.992919919456625	0.998506797002382
Woeseiaceae	0.317204599421077	0.552911846936637	0.379718906406369	0.968468367756114	0.992919919456625	0.991517829070563
Xanthobacteraceae	0.801221843464492	0.647088799356057	0.801144495840837	0.968468367756114	0.992919919456625	0.991517829070563
Xanthomonadaceae	0.620417110719688	0.53713553257394	0.374837267684172	0.968468367756114	0.992919919456625	0.991517829070563
Yersiniaceae	0.45248010204898	0.865991320146077	0.78604471793636	0.968468367756114	0.992919919456625	0.991517829070563
Zoogloeaceae	0.59564134199787	0.285374145107843	0.220162134051529	0.968468367756114	0.992919919456625	0.991517829070563
