p-variable	p-treatment	p-interaction	adjusted.p-variable	adjusted.p-treatment	adjusted.p-interaction
Acaryochloridaceae	0.762413264808962	0.871053410689882	0.765455152668828	0.999801312442041	0.98110740506351	0.997469874609647
Acetobacteraceae	0.859083518473445	0.655421092131659	0.959558641655484	0.999801312442041	0.98110740506351	0.997469874609647
Acholeplasmataceae	0.529795502580449	0.378852965153544	0.56538825947643	0.999801312442041	0.98110740506351	0.997469874609647
Acidaminococcaceae	0.0902260516543481	0.739928829114464	0.542990740131696	0.999801312442041	0.98110740506351	0.997469874609647
Acidiferrobacteraceae	0.198065946956976	0.224069922529178	0.435859864964318	0.999801312442041	0.98110740506351	0.997469874609647
Acidilobaceae	0.125988380744382	0.953650077416992	0.793838152773195	0.999801312442041	0.996997808208673	0.997469874609647
Acidimicrobiaceae	0.909056220548092	0.970198776510484	0.887865733468161	0.999801312442041	0.999293237170301	0.997469874609647
Acidithiobacillaceae	0.474381067902434	0.753924267887584	0.852012688338627	0.999801312442041	0.98110740506351	0.997469874609647
Acidobacteriaceae	0.8839017097174	0.765872719983261	0.995360456618271	0.999801312442041	0.98110740506351	0.997469874609647
Acidothermaceae	0.36031283175091	0.784770670078851	0.403971393221871	0.999801312442041	0.98110740506351	0.997469874609647
Actinomycetaceae	0.630173540737048	0.794971460937387	0.9585217925586	0.999801312442041	0.98110740506351	0.997469874609647
Actinopolysporaceae	0.494535969907307	0.447751529510492	0.509799579296802	0.999801312442041	0.98110740506351	0.997469874609647
Aerococcaceae	0.366861415439848	0.546823845476081	0.580568983698253	0.999801312442041	0.98110740506351	0.997469874609647
Aeromonadaceae	0.372718346469306	0.6974732898422	0.904457954246885	0.999801312442041	0.98110740506351	0.997469874609647
Akkermansiaceae	0.250653683684096	0.84668508921841	0.404750484537641	0.999801312442041	0.98110740506351	0.997469874609647
Alcaligenaceae	0.701275735306783	0.494598440000992	0.817857759470162	0.999801312442041	0.98110740506351	0.997469874609647
Alcanivoracaceae	0.575532603620405	0.156113723451798	0.415620585611353	0.999801312442041	0.98110740506351	0.997469874609647
Alicyclobacillaceae	0.98168904730119	0.45588170412525	0.82153637576948	0.999801312442041	0.98110740506351	0.997469874609647
Alteromonadaceae	0.835437502594465	0.878013595354425	0.596952376086575	0.999801312442041	0.98110740506351	0.997469874609647
Amoebophilaceae	0.412106812181982	0.330541392705561	0.569597993101199	0.999801312442041	0.98110740506351	0.997469874609647
Anaerohalosphaeraceae	0.721506007541888	0.793556407006893	0.871120091686943	0.999801312442041	0.98110740506351	0.997469874609647
Anaerolineaceae	0.876220165721141	0.503851228790871	0.903291497417308	0.999801312442041	0.98110740506351	0.997469874609647
Anaeromyxobacteraceae	0.711539609980041	0.128504089044226	0.236793291071043	0.999801312442041	0.98110740506351	0.997469874609647
Anaplasmataceae	0.964506995034961	0.346338943135763	0.411621439912638	0.999801312442041	0.98110740506351	0.997469874609647
Aphanizomenonaceae	0.980206155204647	0.610411111029398	0.66933495833034	0.999801312442041	0.98110740506351	0.997469874609647
Aphanothecaceae	0.477634229796877	0.396960153764248	0.373356939528535	0.999801312442041	0.98110740506351	0.997469874609647
Aquificaceae	0.415676908013042	0.296052871208353	0.263963719099416	0.999801312442041	0.98110740506351	0.997469874609647
Archaeoglobaceae	0.276066757518118	0.766346328702203	0.479711547450022	0.999801312442041	0.98110740506351	0.997469874609647
Archangiaceae	0.882741796264669	0.371418114629993	0.605399780502059	0.999801312442041	0.98110740506351	0.997469874609647
Ardenticatenaceae	0.438187763995401	0.78308906021899	0.851597137086066	0.999801312442041	0.98110740506351	0.997469874609647
Arenaviridae	0.0106328844363429	0.0433402856392244	0.117757082874362	0.999801312442041	0.98110740506351	0.997469874609647
Aspergillaceae	0.578332626112392	0.571768665661113	0.689728110509132	0.999801312442041	0.98110740506351	0.997469874609647
Aspiviridae	0.0108822733533312	0.775282418829943	0.862895958629027	0.999801312442041	0.98110740506351	0.997469874609647
Atopobiaceae	0.3321743464756	0.154664952871496	0.352326487561831	0.999801312442041	0.98110740506351	0.997469874609647
Aurantimonadaceae	0.950002143826478	0.533495189390918	0.891852878810583	0.999801312442041	0.98110740506351	0.997469874609647
Azonexaceae	0.489674443277104	0.691877908915008	0.857541324346074	0.999801312442041	0.98110740506351	0.997469874609647
Bacillaceae	0.463264299290075	0.518617321704294	0.366158898040628	0.999801312442041	0.98110740506351	0.997469874609647
Bacteriovoracaceae	0.533518056046346	0.946025712121428	0.74526784137284	0.999801312442041	0.996997808208673	0.997469874609647
Bacteroidaceae	0.613285497912284	0.555573429201212	0.688362945812066	0.999801312442041	0.98110740506351	0.997469874609647
Baekduiaceae	0.136264628825322	0.0745080406794265	0.16839532960008	0.999801312442041	0.98110740506351	0.997469874609647
Barnesiellaceae	0.560895025681553	0.534503741461503	0.549698768993449	0.999801312442041	0.98110740506351	0.997469874609647
Bartonellaceae	0.508587405722259	0.374222596974088	0.338407020890636	0.999801312442041	0.98110740506351	0.997469874609647
Bdellovibrionaceae	0.482336250678396	0.7076615666301	0.483680657196378	0.999801312442041	0.98110740506351	0.997469874609647
Beijerinckiaceae	0.829014404781434	0.429468635531692	0.838253342077019	0.999801312442041	0.98110740506351	0.997469874609647
Bernardetiaceae	0.105820088765305	0.33353601265691	0.543691364903057	0.999801312442041	0.98110740506351	0.997469874609647
Beutenbergiaceae	0.57048268223053	0.175295728008223	0.368119506883785	0.999801312442041	0.98110740506351	0.997469874609647
Bifidobacteriaceae	0.203540852270574	0.963877554958645	0.95711910542587	0.999801312442041	0.999293237170301	0.997469874609647
Blattabacteriaceae	0.882580696454715	0.497912460482704	0.936735185735409	0.999801312442041	0.98110740506351	0.997469874609647
Bogoriellaceae	0.983989325542058	0.291836863984786	0.504220033710478	0.999801312442041	0.98110740506351	0.997469874609647
Borreliaceae	0.969962203117017	0.280479994880548	0.552081601941023	0.999801312442041	0.98110740506351	0.997469874609647
Brachyspiraceae	0.364150513999724	0.13773434982315	0.214546652333346	0.999801312442041	0.98110740506351	0.997469874609647
Bradymonadaceae	0.444476693795569	0.262936238946502	0.379568261780358	0.999801312442041	0.98110740506351	0.997469874609647
Bradyrhizobiaceae	0.702475317261367	0.462359714180461	0.707124738763225	0.999801312442041	0.98110740506351	0.997469874609647
Brevibacteriaceae	0.822272803995221	0.542172148290193	0.80077623874354	0.999801312442041	0.98110740506351	0.997469874609647
Brucellaceae	0.703698825981631	0.984361466594214	0.630038006475355	0.999801312442041	0.999911090845577	0.997469874609647
Budviciaceae	0.565042090945577	0.993844074931145	0.369388820861482	0.999801312442041	0.999911090845577	0.997469874609647
Burkholderiaceae	0.905864609687259	0.491459085399882	0.87297332697689	0.999801312442041	0.98110740506351	0.997469874609647
Caedimonadaceae	0.482059750781386	0.182571976618856	0.237610465168115	0.999801312442041	0.98110740506351	0.997469874609647
Caldilineaceae	0.995859588882603	0.444391997217111	0.860452043376933	0.999801312442041	0.98110740506351	0.997469874609647
Caldisphaeraceae	0.592557084233765	0.444298301021618	0.613872988133557	0.999801312442041	0.98110740506351	0.997469874609647
Calditrichaceae	0.774496313240439	0.992782209032416	0.933593565992908	0.999801312442041	0.999911090845577	0.997469874609647
Calotrichaceae	0.454991115030639	0.833737767206445	0.645407566728326	0.999801312442041	0.98110740506351	0.997469874609647
Campylobacteraceae	0.683910828161364	0.56733282336283	0.533276672861053	0.999801312442041	0.98110740506351	0.997469874609647
Candidatus Brocadiaceae	0.257275849255425	0.18675078019175	0.199098844618633	0.999801312442041	0.98110740506351	0.997469874609647
Candidatus Deianiraeaceae	0.166349966371669	0.0296459010715192	0.274204975098351	0.999801312442041	0.98110740506351	0.997469874609647
Candidatus Methanomethylophilaceae	0.600850419591774	0.853493055872004	0.803632693454507	0.999801312442041	0.98110740506351	0.997469874609647
Candidatus Midichloriaceae	0.956304984498573	0.344474091516768	0.588434303091137	0.999801312442041	0.98110740506351	0.997469874609647
Candidatus Nanopelagicaceae	0.650577682022069	0.756841544093823	0.62949780038406	0.999801312442041	0.98110740506351	0.997469874609647
Candidatus Nitrosocaldaceae	0.407083288338422	0.181087721458694	0.457430541981181	0.999801312442041	0.98110740506351	0.997469874609647
Candidatus Paracaedibacteraceae	0.35438377089155	0.783493844494767	0.690796221528837	0.999801312442041	0.98110740506351	0.997469874609647
Cardiobacteriaceae	0.927638462835345	0.801640118286603	0.612379113061713	0.999801312442041	0.98110740506351	0.997469874609647
Carnobacteriaceae	0.278345811657613	0.281778235422189	0.402761966726992	0.999801312442041	0.98110740506351	0.997469874609647
Casimicrobiaceae	0.765611406244458	0.581563659073751	0.870075333565218	0.999801312442041	0.98110740506351	0.997469874609647
Catenulisporaceae	0.527962963637201	0.108928133320333	0.357677093090127	0.999801312442041	0.98110740506351	0.997469874609647
Caulobacteraceae	0.579716958855283	0.26354252043231	0.500488075319428	0.999801312442041	0.98110740506351	0.997469874609647
Cellulomonadaceae	0.789094377137792	0.263951850434195	0.368931080086696	0.999801312442041	0.98110740506351	0.997469874609647
Cellvibrionaceae	0.55849138231099	0.714209809804799	0.547807945725802	0.999801312442041	0.98110740506351	0.997469874609647
Chaetomiaceae	0.694016642793611	0.275756483523988	0.545196574288076	0.999801312442041	0.98110740506351	0.997469874609647
Chamaesiphonaceae	0.660017227524076	0.418251221683495	0.673653659373896	0.999801312442041	0.98110740506351	0.997469874609647
Chelatococcaceae	0.320666247438555	0.194009606605338	0.311822133976635	0.999801312442041	0.98110740506351	0.997469874609647
Chitinophagaceae	0.305638760077965	0.413013550455353	0.422460773150273	0.999801312442041	0.98110740506351	0.997469874609647
Chlamydiaceae	0.233769998500667	0.312082658655651	0.338828612361558	0.999801312442041	0.98110740506351	0.997469874609647
Chlorobiaceae	0.97737554399251	0.962304515952494	0.61521787794463	0.999801312442041	0.999293237170301	0.997469874609647
Chloroflexaceae	0.993005559581871	0.828755987496989	0.759981709342178	0.999801312442041	0.98110740506351	0.997469874609647
Christensenellaceae	0.564391404816216	0.558054612461557	0.208798083690904	0.999801312442041	0.98110740506351	0.997469874609647
Chromatiaceae	0.78299730267504	0.768348724644929	0.981368435247002	0.999801312442041	0.98110740506351	0.997469874609647
Chromobacteriaceae	0.683809456545664	0.889411961513447	0.692563714096635	0.999801312442041	0.985854222400448	0.997469874609647
Chroococcaceae	0.133524741051406	0.624046277097254	0.341800670524653	0.999801312442041	0.98110740506351	0.997469874609647
Chroococcidiopsidaceae	0.967664136329747	0.434816034678972	0.699505679632411	0.999801312442041	0.98110740506351	0.997469874609647
Chrysiogenaceae	0.154067489215372	0.984060327975646	0.622053925071109	0.999801312442041	0.999911090845577	0.997469874609647
Chthonomonadaceae	0.812658063561247	0.84452644898502	0.890471806514361	0.999801312442041	0.98110740506351	0.997469874609647
Clavicipitaceae	0.493799935467874	0.608328804526262	0.755861715135824	0.999801312442041	0.98110740506351	0.997469874609647
Clostridiaceae	0.755760427176548	0.441233254979935	0.575764624806106	0.999801312442041	0.98110740506351	0.997469874609647
Clostridiales Family XIII. Incertae Sedis	0.37385455445399	0.776125639123458	0.706616016444297	0.999801312442041	0.98110740506351	0.997469874609647
Clostridiales Family XVI. Incertae Sedis	0.485798612194454	0.887487326733025	0.696041183682719	0.999801312442041	0.985854222400448	0.997469874609647
Clostridiales Family XVII. Incertae Sedis	0.981997546820101	0.245055594684233	0.482232864096369	0.999801312442041	0.98110740506351	0.997469874609647
Cohaesibacteraceae	0.575577484549641	0.767170494038985	0.884888082690305	0.999801312442041	0.98110740506351	0.997469874609647
Coleofasciculaceae	0.987603236395649	0.359988493105524	0.950727157405623	0.999801312442041	0.98110740506351	0.997469874609647
Colwelliaceae	0.518227128449059	0.483619709041108	0.440889385670335	0.999801312442041	0.98110740506351	0.997469874609647
Comamonadaceae	0.7077674731529	0.416915677033659	0.611716782329028	0.999801312442041	0.98110740506351	0.997469874609647
Conexibacteraceae	0.605427400470218	0.29652019742018	0.567268516188248	0.999801312442041	0.98110740506351	0.997469874609647
Coprothermobacteraceae	0.0670873130442192	0.46467053198925	0.582899974354344	0.999801312442041	0.98110740506351	0.997469874609647
Coriobacteriaceae	0.805700812059637	0.334256243520263	0.206587259385364	0.999801312442041	0.98110740506351	0.997469874609647
Corynebacteriaceae	0.696110003786216	0.536084894651265	0.871808458151597	0.999801312442041	0.98110740506351	0.997469874609647
Coxiellaceae	0.0855774704240622	0.482971008366668	0.294382884371171	0.999801312442041	0.98110740506351	0.997469874609647
Crocinitomicaceae	0.367230371915182	0.733922793646406	0.731501158523542	0.999801312442041	0.98110740506351	0.997469874609647
Cryomorphaceae	0.862435290461481	0.18051314237247	0.366087045676946	0.999801312442041	0.98110740506351	0.997469874609647
Cryptococcaceae	0.530851488648758	0.515109085483292	0.432261740640039	0.999801312442041	0.98110740506351	0.997469874609647
Cuniculiplasmataceae	0.670834144647308	0.717869392775687	0.886922671370804	0.999801312442041	0.98110740506351	0.997469874609647
Cyanobacteriaceae	0.256727823390691	0.711006419363868	0.702643283137537	0.999801312442041	0.98110740506351	0.997469874609647
Cyanothecaceae	0.793740125704794	0.708438062263985	0.982394729362202	0.999801312442041	0.98110740506351	0.997469874609647
Cyclobacteriaceae	0.857622335152273	0.435049608508627	0.607230583381504	0.999801312442041	0.98110740506351	0.997469874609647
Cytophagaceae	0.483309165643136	0.294966775811268	0.361564423072682	0.999801312442041	0.98110740506351	0.997469874609647
Debaryomycetaceae	0.962065891292258	0.45428402967714	0.721454014519749	0.999801312442041	0.98110740506351	0.997469874609647
Deferribacteraceae	0.715473648933809	0.541596740702571	0.396577034508524	0.999801312442041	0.98110740506351	0.997469874609647
Dehalococcoidaceae	0.768197347505023	0.808574743955651	0.87630680517363	0.999801312442041	0.98110740506351	0.997469874609647
Deinococcaceae	0.922691836777161	0.393326718208896	0.671042382643187	0.999801312442041	0.98110740506351	0.997469874609647
Dermabacteraceae	0.91032489157163	0.311764184826444	0.517984279741848	0.999801312442041	0.98110740506351	0.997469874609647
Dermacoccaceae	0.424277583435405	0.139390806079313	0.213534345824528	0.999801312442041	0.98110740506351	0.997469874609647
Dermatophilaceae	0.30718523847541	0.761012199975783	0.793725061735989	0.999801312442041	0.98110740506351	0.997469874609647
Dermocarpellaceae	0.376305362008397	0.398682817057	0.386441897995175	0.999801312442041	0.98110740506351	0.997469874609647
Desulfarculaceae	0.577852285217864	0.636454483433761	0.895982589993341	0.999801312442041	0.98110740506351	0.997469874609647
Desulfobacteraceae	0.295154396412708	0.841630705749748	0.691963635668091	0.999801312442041	0.98110740506351	0.997469874609647
Desulfobulbaceae	0.588758956265376	0.836490288065179	0.993737868638849	0.999801312442041	0.98110740506351	0.997469874609647
Desulfohalobiaceae	0.919443795364491	0.412480816494189	0.770686313808411	0.999801312442041	0.98110740506351	0.997469874609647
Desulfomicrobiaceae	0.583487606561931	0.989224823642177	0.835051140572044	0.999801312442041	0.999911090845577	0.997469874609647
Desulfovibrionaceae	0.959731069962951	0.548865304869144	0.623036233557433	0.999801312442041	0.98110740506351	0.997469874609647
Desulfurellaceae	0.19079809523403	0.389911541872003	0.167109517606887	0.999801312442041	0.98110740506351	0.997469874609647
Desulfurobacteriaceae	0.449198212192652	0.970328215803046	0.820739795264787	0.999801312442041	0.999293237170301	0.997469874609647
Desulfurococcaceae	0.359804093921959	0.948183506096413	0.972971290107174	0.999801312442041	0.996997808208673	0.997469874609647
Desulfuromonadaceae	0.688519522901585	0.756810752970807	0.991317692783782	0.999801312442041	0.98110740506351	0.997469874609647
Dictyoglomaceae	0.361470598521572	0.383866204988482	0.632202552152686	0.999801312442041	0.98110740506351	0.997469874609647
Dietziaceae	0.765992374700131	0.400615309360182	0.450504802190325	0.999801312442041	0.98110740506351	0.997469874609647
Dipodascaceae	0.626177019822298	0.868325234977974	0.518743151371163	0.999801312442041	0.98110740506351	0.997469874609647
Dysgonamonadaceae	0.430826686740164	0.242664246342456	0.722952326693948	0.999801312442041	0.98110740506351	0.997469874609647
Ectothiorhodospiraceae	0.781376035654946	0.366774299104988	0.733083974915895	0.999801312442041	0.98110740506351	0.997469874609647
Eggerthellaceae	0.784028022852555	0.723005122176513	0.997418269859687	0.999801312442041	0.98110740506351	0.997469874609647
Egibacteraceae	0.40096316242732	0.346399612030334	0.472557409645516	0.999801312442041	0.98110740506351	0.997469874609647
Egicoccaceae	0.481038908896802	0.519317536306895	0.975491055917944	0.999801312442041	0.98110740506351	0.997469874609647
Elusimicrobiaceae	0.505480339949827	0.865500745188499	0.74939464597625	0.999801312442041	0.98110740506351	0.997469874609647
Emcibacteraceae	0.77175263391016	0.950498904210057	0.775585191571456	0.999801312442041	0.996997808208673	0.997469874609647
Endomicrobiaceae	0.717401731598042	0.743871621282603	0.780220756906648	0.999801312442041	0.98110740506351	0.997469874609647
Endozoicomonadaceae	0.146628769515801	0.386600092610898	0.149380301067504	0.999801312442041	0.98110740506351	0.997469874609647
Enterobacteriaceae	0.659446207145149	0.672089310654834	0.450610437158805	0.999801312442041	0.98110740506351	0.997469874609647
Enterococcaceae	0.525835333169099	0.273942021070647	0.662936940923923	0.999801312442041	0.98110740506351	0.997469874609647
Entomoplasmataceae	0.238823140883606	0.246919960359534	0.392246776429665	0.999801312442041	0.98110740506351	0.997469874609647
Erwiniaceae	0.424508222239554	0.835085785744962	0.543110844049512	0.999801312442041	0.98110740506351	0.997469874609647
Erysipelotrichaceae	0.2555359170771	0.474006133701997	0.282064065087264	0.999801312442041	0.98110740506351	0.997469874609647
Erythrobacteraceae	0.815886824031562	0.530561150087822	0.776469949986602	0.999801312442041	0.98110740506351	0.997469874609647
Eubacteriaceae	0.0565241461574598	0.902217474754959	0.664774142379871	0.999801312442041	0.995372912340977	0.997469874609647
Euzebyaceae	0.926421578608452	0.357460602010866	0.380819324834168	0.999801312442041	0.98110740506351	0.997469874609647
Ferrimonadaceae	0.71445939035546	0.81547436581576	0.741412528569652	0.999801312442041	0.98110740506351	0.997469874609647
Ferroplasmaceae	0.666242984905233	0.805273878606801	0.767950379477583	0.999801312442041	0.98110740506351	0.997469874609647
Fervidicoccaceae	0.827679187287651	0.107402255547465	0.741726099852164	0.999801312442041	0.98110740506351	0.997469874609647
Fervidobacteriaceae	0.106281919423106	0.203320988103613	0.17772129599302	0.999801312442041	0.98110740506351	0.997469874609647
Fibrobacteraceae	0.604762377005474	0.922195650194192	0.652240366687206	0.999801312442041	0.996997808208673	0.997469874609647
Fimbriimonadaceae	0.561331723705669	0.294008505264587	0.796378726306884	0.999801312442041	0.98110740506351	0.997469874609647
Flammeovirgaceae	0.91549696288539	0.287057411452839	0.881598874522569	0.999801312442041	0.98110740506351	0.997469874609647
Flavobacteriaceae	0.54119293870345	0.125108964015844	0.21974659602518	0.999801312442041	0.98110740506351	0.997469874609647
Francisellaceae	0.629913392461505	0.249299458937401	0.236548247334204	0.999801312442041	0.98110740506351	0.997469874609647
Frankiaceae	0.638276073946668	0.514802978440353	0.6990939035545	0.999801312442041	0.98110740506351	0.997469874609647
Fusobacteriaceae	0.456014969032556	0.0536639283822161	0.349251049078606	0.999801312442041	0.98110740506351	0.997469874609647
Gallionellaceae	0.49871247825983	0.988936342433492	0.639415778251064	0.999801312442041	0.999911090845577	0.997469874609647
Gemmataceae	0.788807483059683	0.506112974845568	0.672229072705676	0.999801312442041	0.98110740506351	0.997469874609647
Gemmatimonadaceae	0.469929676488685	0.159519138933818	0.373966392299051	0.999801312442041	0.98110740506351	0.997469874609647
Geobacteraceae	0.603966414545855	0.609626267350101	0.967126993478964	0.999801312442041	0.98110740506351	0.997469874609647
Geodermatophilaceae	0.773786256666811	0.1689733811719	0.423426713806544	0.999801312442041	0.98110740506351	0.997469874609647
Gloeobacteraceae	0.823215323303501	0.534185981964589	0.729173094137	0.999801312442041	0.98110740506351	0.997469874609647
Gloeomargaritaceae	0.978475412421441	0.87385305981005	0.94847912656204	0.999801312442041	0.98110740506351	0.997469874609647
Glomerellaceae	0.590122543077322	0.611810758858129	0.921883614322727	0.999801312442041	0.98110740506351	0.997469874609647
Glycomycetaceae	0.611391637304639	0.24596547181174	0.397742357174523	0.999801312442041	0.98110740506351	0.997469874609647
Gomontiellaceae	0.875116549363784	0.381431363942752	0.676132838097355	0.999801312442041	0.98110740506351	0.997469874609647
Gordoniaceae	0.79520069255686	0.174969199588736	0.455934901687632	0.999801312442041	0.98110740506351	0.997469874609647
Gottschalkiaceae	0.446518382951413	0.243684332767309	0.508639179407364	0.999801312442041	0.98110740506351	0.997469874609647
Granulosicoccaceae	0.0681271393066217	0.316884192708277	0.244343962475717	0.999801312442041	0.98110740506351	0.997469874609647
Hafniaceae	0.99595966401842	0.802912871596163	0.981778162685013	0.999801312442041	0.98110740506351	0.997469874609647
Hahellaceae	0.497852488954749	0.421792475986279	0.855412298050575	0.999801312442041	0.98110740506351	0.997469874609647
Halanaerobiaceae	0.951832742392373	0.521185699432854	0.460109470754763	0.999801312442041	0.98110740506351	0.997469874609647
Halieaceae	0.41407119848545	0.947456973010756	0.908714380382778	0.999801312442041	0.996997808208673	0.997469874609647
Haliscomenobacteraceae	0.323740068635804	0.632803315061039	0.588559437305545	0.999801312442041	0.98110740506351	0.997469874609647
Haloarculaceae	0.604632307012159	0.0766310485976082	0.273356657624257	0.999801312442041	0.98110740506351	0.997469874609647
Halobacteriaceae	0.712209706979871	0.307893236394376	0.404998028416021	0.999801312442041	0.98110740506351	0.997469874609647
Halobacteriovoraceae	0.403015047486298	0.294817719583096	0.321566182804007	0.999801312442041	0.98110740506351	0.997469874609647
Halobacteroidaceae	0.174961005503151	0.306177643446273	0.620001551583142	0.999801312442041	0.98110740506351	0.997469874609647
Haloferacaceae	0.663754656323522	0.285125923683208	0.508548829928474	0.999801312442041	0.98110740506351	0.997469874609647
Halomonadaceae	0.730908852502127	0.852847204232553	0.815245725554609	0.999801312442041	0.98110740506351	0.997469874609647
Halorubraceae	0.733090919290716	0.334498831197286	0.610915947489104	0.999801312442041	0.98110740506351	0.997469874609647
Halothiobacillaceae	0.977685309580226	0.69413562310126	0.6419356777947	0.999801312442041	0.98110740506351	0.997469874609647
Hapalosiphonaceae	0.757352775217566	0.923053099165642	0.591613026227282	0.999801312442041	0.996997808208673	0.997469874609647
Helicobacteraceae	0.706039613216179	0.540275603087331	0.474973731509005	0.999801312442041	0.98110740506351	0.997469874609647
Heliobacteriaceae	0.901913356405748	0.561387397122123	0.990963768913232	0.999801312442041	0.98110740506351	0.997469874609647
Holosporaceae	0.568187949269677	0.591921216045585	0.778340369070465	0.999801312442041	0.98110740506351	0.997469874609647
Hungateiclostridiaceae	0.581358272516198	0.580828001161324	0.389703849688686	0.999801312442041	0.98110740506351	0.997469874609647
Hydrogenophilaceae	0.890939343138171	0.778056856543646	0.634118045218478	0.999801312442041	0.98110740506351	0.997469874609647
Hydrogenothermaceae	0.509706091350492	0.327511512537661	0.317646686893823	0.999801312442041	0.98110740506351	0.997469874609647
Hyellaceae	0.948307145924201	0.758077167878732	0.49512880418711	0.999801312442041	0.98110740506351	0.997469874609647
Hymenobacteraceae	0.899053303252367	0.775527489978473	0.98555054511571	0.999801312442041	0.98110740506351	0.997469874609647
Hyphomicrobiaceae	0.650495946495216	0.398845700818631	0.712677238920653	0.999801312442041	0.98110740506351	0.997469874609647
Hyphomonadaceae	0.653336281119664	0.629663834262504	0.993816179030052	0.999801312442041	0.98110740506351	0.997469874609647
Iamiaceae	0.449833834162237	0.186365679597599	0.283810681614113	0.999801312442041	0.98110740506351	0.997469874609647
Ichthyobacteriaceae	0.613736067357034	0.355464785557837	0.759816413149028	0.999801312442041	0.98110740506351	0.997469874609647
Idiomarinaceae	0.815558706871848	0.408916890338494	0.367124742442771	0.999801312442041	0.98110740506351	0.997469874609647
Ignavibacteriaceae	0.405663334280976	0.999911090845577	0.878244101766421	0.999801312442041	0.999911090845577	0.997469874609647
Ilumatobacteraceae	0.501445479672384	0.232146477167948	0.554825261855909	0.999801312442041	0.98110740506351	0.997469874609647
Immundisolibacteraceae	0.97564227619501	0.159068618721396	0.347283362178166	0.999801312442041	0.98110740506351	0.997469874609647
Intrasporangiaceae	0.907493360300441	0.172974493814138	0.402353058452601	0.999801312442041	0.98110740506351	0.997469874609647
Isosphaeraceae	0.778921929521596	0.320431014512132	0.573577221146836	0.999801312442041	0.98110740506351	0.997469874609647
Jiangellaceae	0.878685002418654	0.296507984243421	0.624651459733443	0.999801312442041	0.98110740506351	0.997469874609647
Jonesiaceae	0.323390475537668	0.278941214179082	0.286542275365252	0.999801312442041	0.98110740506351	0.997469874609647
Kangiellaceae	0.446193103520033	0.413446754653469	0.696776256046917	0.999801312442041	0.98110740506351	0.997469874609647
Kineosporiaceae	0.892483291547893	0.184542582610208	0.490168250148912	0.999801312442041	0.98110740506351	0.997469874609647
Kiritimatiellaceae	0.400166737741361	0.227115106905255	0.536786684070542	0.999801312442041	0.98110740506351	0.997469874609647
Kofleriaceae	0.677504613051864	0.371142902869618	0.507881222848075	0.999801312442041	0.98110740506351	0.997469874609647
Kosmotogaceae	0.837489159311587	0.896183628559238	0.777776214499575	0.999801312442041	0.991369464859117	0.997469874609647
Ktedonosporobacteraceae	0.158859488376576	0.930518045521038	0.570755774181161	0.999801312442041	0.996997808208673	0.997469874609647
Labilitrichaceae	0.488106666864813	0.848307460181673	0.95868199118192	0.999801312442041	0.98110740506351	0.997469874609647
Lachnospiraceae	0.30510123052074	0.106729115124773	0.0350457042748213	0.999801312442041	0.98110740506351	0.997469874609647
Lacipirellulaceae	0.995619638491249	0.994511956876476	0.975159863155408	0.999801312442041	0.999911090845577	0.997469874609647
Lactobacillaceae	0.567938005596567	0.469012240702654	0.380146592506684	0.999801312442041	0.98110740506351	0.997469874609647
Legionellaceae	0.373080552168108	0.252968706295684	0.26844558330957	0.999801312442041	0.98110740506351	0.997469874609647
Leptolyngbyaceae	0.338035003557672	0.659498734005211	0.365592264620031	0.999801312442041	0.98110740506351	0.997469874609647
Leptospiraceae	0.881194493980132	0.685396536640864	0.762466791013237	0.999801312442041	0.98110740506351	0.997469874609647
Leptotrichiaceae	0.526652052338389	0.317003122091561	0.304172611512451	0.999801312442041	0.98110740506351	0.997469874609647
Leuconostocaceae	0.609421816413739	0.245640666224057	0.224516482139618	0.999801312442041	0.98110740506351	0.997469874609647
Lichenihabitantaceae	0.25410107474677	0.382865382396226	0.310593612716281	0.999801312442041	0.98110740506351	0.997469874609647
Limnochordaceae	0.661983871868867	0.388065282681794	0.636557881118057	0.999801312442041	0.98110740506351	0.997469874609647
Listeriaceae	0.394181439478824	0.42255468058743	0.377793806887981	0.999801312442041	0.98110740506351	0.997469874609647
Litoricolaceae	0.826047351542174	0.776112217340398	0.933327023548489	0.999801312442041	0.98110740506351	0.997469874609647
Magnetococcaceae	0.0905738344182892	0.455101162510269	0.444956608656937	0.999801312442041	0.98110740506351	0.997469874609647
Malasseziaceae	0.489560294100017	0.610375092247445	0.955190812050884	0.999801312442041	0.98110740506351	0.997469874609647
Marinifilaceae	0.452317217926936	0.354312162299389	0.477847925904216	0.999801312442041	0.98110740506351	0.997469874609647
Marinilabiliaceae	0.600606930844953	0.427163327095536	0.711273233111819	0.999801312442041	0.98110740506351	0.997469874609647
Mariprofundaceae	0.528083248690782	0.838234378813676	0.316608423393883	0.999801312442041	0.98110740506351	0.997469874609647
Melioribacteraceae	0.715517280848939	0.756818200049573	0.658952499630924	0.999801312442041	0.98110740506351	0.997469874609647
Merismopediaceae	0.829390004367683	0.694751468746541	0.944542796909493	0.999801312442041	0.98110740506351	0.997469874609647
Mesoaciditogaceae	0.219508024114723	0.603623687343896	0.656457903187965	0.999801312442041	0.98110740506351	0.997469874609647
Methanobacteriaceae	0.225379915612957	0.189448506023768	0.4048142301413	0.999801312442041	0.98110740506351	0.997469874609647
Methanocaldococcaceae	0.392237827394972	0.207878613559219	0.290501352452182	0.999801312442041	0.98110740506351	0.997469874609647
Methanocellaceae	0.115269102790416	0.965634457049883	0.600619437288491	0.999801312442041	0.999293237170301	0.997469874609647
Methanococcaceae	0.33163883451467	0.302521077540721	0.347062204767853	0.999801312442041	0.98110740506351	0.997469874609647
Methanocorpusculaceae	0.803613922089153	0.555309262103313	0.684618814194009	0.999801312442041	0.98110740506351	0.997469874609647
Methanomassiliicoccaceae	0.713559203087704	0.438395822028799	0.471398979030786	0.999801312442041	0.98110740506351	0.997469874609647
Methanomicrobiaceae	0.410870618227362	0.639021710192759	0.82968569688485	0.999801312442041	0.98110740506351	0.997469874609647
Methanopyraceae	0.0735689009314985	0.158405639790887	0.54285613567154	0.999801312442041	0.98110740506351	0.997469874609647
Methanoregulaceae	0.630008607015543	0.572966921758433	0.445176043692139	0.999801312442041	0.98110740506351	0.997469874609647
Methanosarcinaceae	0.180378470300617	0.391388864084783	0.39125891804472	0.999801312442041	0.98110740506351	0.997469874609647
Methanospirillaceae	0.265970390061036	0.638549020176825	0.827883353098761	0.999801312442041	0.98110740506351	0.997469874609647
Methanothermaceae	0.59434681761287	0.869488206982	0.446099611186437	0.999801312442041	0.98110740506351	0.997469874609647
Methanotrichaceae	0.630762630112302	0.647205386665108	0.922276809625421	0.999801312442041	0.98110740506351	0.997469874609647
Methylacidiphilaceae	0.997669735122346	0.708531476236618	0.946652393549555	0.999801312442041	0.98110740506351	0.997469874609647
Methylobacteriaceae	0.843500092285942	0.390645876094132	0.671933009066085	0.999801312442041	0.98110740506351	0.997469874609647
Methylococcaceae	0.803829665745948	0.938742197786954	0.547930718532882	0.999801312442041	0.996997808208673	0.997469874609647
Methylocystaceae	0.846661766881761	0.456517903123424	0.761068695767799	0.999801312442041	0.98110740506351	0.997469874609647
Methylophilaceae	0.663222569292599	0.997337851790938	0.643788410129338	0.999801312442041	0.999911090845577	0.997469874609647
Microbacteriaceae	0.915584726856354	0.340149805483243	0.583694423288098	0.999801312442041	0.98110740506351	0.997469874609647
Microbulbiferaceae	0.83179775884501	0.874951787092443	0.963339173034688	0.999801312442041	0.98110740506351	0.997469874609647
Micrococcaceae	0.757228043383691	0.429377822476712	0.548439308102609	0.999801312442041	0.98110740506351	0.997469874609647
Microcoleaceae	0.896312373080629	0.879797401279778	0.869854871896226	0.999801312442041	0.98110740506351	0.997469874609647
Microcystaceae	0.4682573258228	0.67331263665795	0.384670737668041	0.999801312442041	0.98110740506351	0.997469874609647
Micromonosporaceae	0.965018490896113	0.341540814730638	0.617290287598843	0.999801312442041	0.98110740506351	0.997469874609647
Moraxellaceae	0.827044553036897	0.671061108476781	0.562342265749638	0.999801312442041	0.98110740506351	0.997469874609647
Morganellaceae	0.718948772041221	0.379508251061852	0.583299336306301	0.999801312442041	0.98110740506351	0.997469874609647
Moritellaceae	0.69788309170015	0.541639497972196	0.487624126938126	0.999801312442041	0.98110740506351	0.997469874609647
Muribaculaceae	0.833612008573626	0.214484542434201	0.619506662991358	0.999801312442041	0.98110740506351	0.997469874609647
Mycobacteriaceae	0.990908165717688	0.359161528487287	0.649939946385509	0.999801312442041	0.98110740506351	0.997469874609647
Mycoplasmataceae	0.411803252958809	0.47285131743515	0.575787917742072	0.999801312442041	0.98110740506351	0.997469874609647
Mycosphaerellaceae	0.892648597382157	0.929110468393047	0.726343189527572	0.999801312442041	0.996997808208673	0.997469874609647
Myxococcaceae	0.875072696373474	0.23592721114984	0.452245323792663	0.999801312442041	0.98110740506351	0.997469874609647
Nairoviridae	0.0902705775856078	0.740632500530583	0.30134373239717	0.999801312442041	0.98110740506351	0.997469874609647
Nakamurellaceae	0.648095674126924	0.311852651788085	0.954283194361611	0.999801312442041	0.98110740506351	0.997469874609647
Natranaerobiaceae	0.819965250497101	0.299017161546965	0.418828692978323	0.999801312442041	0.98110740506351	0.997469874609647
Natrialbaceae	0.812097587856623	0.191306610524113	0.425307795765587	0.999801312442041	0.98110740506351	0.997469874609647
Nautiliaceae	0.859414572707853	0.289177923095243	0.382668896178365	0.999801312442041	0.98110740506351	0.997469874609647
Nectriaceae	0.603225560052133	0.578500419194105	0.537176698220873	0.999801312442041	0.98110740506351	0.997469874609647
Neisseriaceae	0.82776716506295	0.591915856014806	0.440094896159807	0.999801312442041	0.98110740506351	0.997469874609647
Nitrosomonadaceae	0.434243401785362	0.626033389435882	0.496901400407892	0.999801312442041	0.98110740506351	0.997469874609647
Nitrosopumilaceae	0.100939866348941	0.266744826182586	0.236954650175704	0.999801312442041	0.98110740506351	0.997469874609647
Nitrososphaeraceae	0.10373001250647	0.455149623124259	0.402562778610049	0.999801312442041	0.98110740506351	0.997469874609647
Nitrospiraceae	0.700012655770273	0.738312811928677	0.948729612622568	0.999801312442041	0.98110740506351	0.997469874609647
Nocardiaceae	0.976261286262634	0.328050540801325	0.633003030702327	0.999801312442041	0.98110740506351	0.997469874609647
Nocardioidaceae	0.851726791561666	0.289004282913516	0.499912564383042	0.999801312442041	0.98110740506351	0.997469874609647
Nocardiopsaceae	0.952569567314521	0.255230632935115	0.432675042632488	0.999801312442041	0.98110740506351	0.997469874609647
Nostocaceae	0.632809016862508	0.50198159705555	0.49397112607853	0.999801312442041	0.98110740506351	0.997469874609647
Oceanospirillaceae	0.350363267254322	0.478165425798414	0.284379057950222	0.999801312442041	0.98110740506351	0.997469874609647
Odoribacteraceae	0.388090824478165	0.68959970372841	0.802790893532044	0.999801312442041	0.98110740506351	0.997469874609647
Oleiphilaceae	0.657295196745927	0.975494126837349	0.487480691532558	0.999801312442041	0.999911090845577	0.997469874609647
Opitutaceae	0.947236427460462	0.437407049094195	0.641994962854224	0.999801312442041	0.98110740506351	0.997469874609647
Orbaceae	0.531491662493597	0.326931531546338	0.386777764677241	0.999801312442041	0.98110740506351	0.997469874609647
Oscillatoriaceae	0.616017590361464	0.265228827214362	0.312225556679199	0.999801312442041	0.98110740506351	0.997469874609647
Oscillospiraceae	0.86504939312149	0.594610321419672	0.694971496985689	0.999801312442041	0.98110740506351	0.997469874609647
Oxalobacteraceae	0.967499543259025	0.408600507260225	0.713676051271698	0.999801312442041	0.98110740506351	0.997469874609647
Paenibacillaceae	0.581385585183533	0.919119443546182	0.568835870826254	0.999801312442041	0.996997808208673	0.997469874609647
Paludibacteraceae	0.849047859017686	0.106031301249709	0.423190255122444	0.999801312442041	0.98110740506351	0.997469874609647
Parachlamydiaceae	0.895212242123937	0.782447932849775	0.946726597352905	0.999801312442041	0.98110740506351	0.997469874609647
Paramyxoviridae	0.720834687002783	0.456388222945467	0.341311014451121	0.999801312442041	0.98110740506351	0.997469874609647
Parvularculaceae	0.902322148661839	0.817518579046605	0.828792555018108	0.999801312442041	0.98110740506351	0.997469874609647
Pasteurellaceae	0.3163388832208	0.0162404522108187	0.0105832171956273	0.999801312442041	0.98110740506351	0.997469874609647
Pectobacteriaceae	0.532617876866028	0.937459529324506	0.721564906144329	0.999801312442041	0.996997808208673	0.997469874609647
Pelagibacteraceae	0.231668024541495	0.340436523292461	0.629075995541394	0.999801312442041	0.98110740506351	0.997469874609647
Peptococcaceae	0.483414936674496	0.911975892901621	0.541142929982011	0.999801312442041	0.996997808208673	0.997469874609647
Peptoniphilaceae	0.668639745109998	0.676705736128414	0.61970192372817	0.999801312442041	0.98110740506351	0.997469874609647
Peptostreptococcaceae	0.500728285285971	0.868312473000221	0.504038997345756	0.999801312442041	0.98110740506351	0.997469874609647
Peribunyaviridae	0.608714567022379	0.164938953461052	0.694831434928179	0.999801312442041	0.98110740506351	0.997469874609647
Petrotogaceae	0.361820789932267	0.265574998965855	0.241426670824437	0.999801312442041	0.98110740506351	0.997469874609647
Phaffomycetaceae	0.72801842448931	0.194627752947139	0.0460163263876886	0.999801312442041	0.98110740506351	0.997469874609647
Phenuiviridae	0.0632159622789564	0.869619560928255	0.160461829739967	0.999801312442041	0.98110740506351	0.997469874609647
Phycisphaeraceae	0.538624544571199	0.448831338083541	0.469171789321937	0.999801312442041	0.98110740506351	0.997469874609647
Phyllobacteriaceae	0.954315370871796	0.622147930595757	0.925108916407969	0.999801312442041	0.98110740506351	0.997469874609647
Pichiaceae	0.7272063571929	0.157781851556076	0.312117178672741	0.999801312442041	0.98110740506351	0.997469874609647
Picrophilaceae	0.533947519177537	0.814971205398833	0.212440282654856	0.999801312442041	0.98110740506351	0.997469874609647
Pirellulaceae	0.454611254860155	0.931905920782012	0.743861463520566	0.999801312442041	0.996997808208673	0.997469874609647
Piscirickettsiaceae	0.323478871926732	0.30935446864891	0.155734563822034	0.999801312442041	0.98110740506351	0.997469874609647
Planctomycetaceae	0.163926454357054	0.767370495050242	0.502419847888317	0.999801312442041	0.98110740506351	0.997469874609647
Planococcaceae	0.511785269828767	0.584005453953494	0.445467028977157	0.999801312442041	0.98110740506351	0.997469874609647
Polyangiaceae	0.789788063705878	0.403214764896811	0.628797553937805	0.999801312442041	0.98110740506351	0.997469874609647
Porphyromonadaceae	0.728936050882973	0.0786601953356569	0.420192519231861	0.999801312442041	0.98110740506351	0.997469874609647
Prevotellaceae	0.843660722849291	0.529817554647218	0.75739834934776	0.999801312442041	0.98110740506351	0.997469874609647
Prochloraceae	0.820642777431853	0.504341438063771	0.594201295300678	0.999801312442041	0.98110740506351	0.997469874609647
Prochlorotrichaceae	0.368718755914624	0.760986540515862	0.948752168447456	0.999801312442041	0.98110740506351	0.997469874609647
Prolixibacteraceae	0.399011631656492	0.0670081786955978	0.279516026793004	0.999801312442041	0.98110740506351	0.997469874609647
Promicromonosporaceae	0.614317419906673	0.16173702056582	0.273071276015715	0.999801312442041	0.98110740506351	0.997469874609647
Propionibacteriaceae	0.441791008482314	0.608692914258673	0.496259624136895	0.999801312442041	0.98110740506351	0.997469874609647
Pseudanabaenaceae	0.998118290991408	0.713601296413605	0.954607017577106	0.999801312442041	0.98110740506351	0.997469874609647
Pseudoalteromonadaceae	0.690777444776761	0.536287090265539	0.434193972989565	0.999801312442041	0.98110740506351	0.997469874609647
Pseudomonadaceae	0.941132307158808	0.411054122032144	0.803729853758237	0.999801312442041	0.98110740506351	0.997469874609647
Pseudonocardiaceae	0.840157574059172	0.264506430620099	0.469357198166661	0.999801312442041	0.98110740506351	0.997469874609647
Psychromonadaceae	0.394024022068413	0.427548308689276	0.296479022519966	0.999801312442041	0.98110740506351	0.997469874609647
Puniceicoccaceae	0.795497366354438	0.738683855111946	0.959547123396128	0.999801312442041	0.98110740506351	0.997469874609647
Pyriculariaceae	0.623914538478895	0.835449151776182	0.591944238577493	0.999801312442041	0.98110740506351	0.997469874609647
Pyrodictiaceae	0.0140686667910524	0.204391295308004	0.220921923838809	0.999801312442041	0.98110740506351	0.997469874609647
Rhabdoviridae	0.723984494412015	0.00912577550424084	0.0112504492625719	0.999801312442041	0.98110740506351	0.997469874609647
Rhizobiaceae	0.9226947663078	0.63920963642954	0.992585590417213	0.999801312442041	0.98110740506351	0.997469874609647
Rhodanobacteraceae	0.83510088388957	0.52971298768524	0.756459897338793	0.999801312442041	0.98110740506351	0.997469874609647
Rhodobacteraceae	0.814542465342941	0.470144277498106	0.836055079069434	0.999801312442041	0.98110740506351	0.997469874609647
Rhodobiaceae	0.798341045388224	0.685551272632299	0.833491614062038	0.999801312442041	0.98110740506351	0.997469874609647
Rhodocyclaceae	0.700581757885153	0.295176427002411	0.491737299557983	0.999801312442041	0.98110740506351	0.997469874609647
Rhodospirillaceae	0.570966519423686	0.33961083464593	0.601886660816539	0.999801312442041	0.98110740506351	0.997469874609647
Rhodothermaceae	0.878380084793047	0.648275715322479	0.95268664510201	0.999801312442041	0.98110740506351	0.997469874609647
Rickettsiaceae	0.542935311708149	0.936586500517188	0.917510193637268	0.999801312442041	0.996997808208673	0.997469874609647
Rikenellaceae	0.448132676769291	0.500617701254516	0.288068856073384	0.999801312442041	0.98110740506351	0.997469874609647
Rivulariaceae	0.996753915756028	0.974750908712283	0.767312949056727	0.999801312442041	0.999911090845577	0.997469874609647
Roseiflexaceae	0.758585662558895	0.83974691516911	0.835065784104306	0.999801312442041	0.98110740506351	0.997469874609647
Ruaniaceae	0.693576281260113	0.406482111495371	0.913366318812258	0.999801312442041	0.98110740506351	0.997469874609647
Rubrobacteraceae	0.902746684298511	0.277949566430724	0.452800324870699	0.999801312442041	0.98110740506351	0.997469874609647
Ruminococcaceae	0.280981730627931	0.368870522631759	0.896909454454672	0.999801312442041	0.98110740506351	0.997469874609647
Saccharomycetaceae	0.892091577151559	0.386404900679951	0.400003913970588	0.999801312442041	0.98110740506351	0.997469874609647
Saccharospirillaceae	0.309632074785554	0.273799635870792	0.421302237535992	0.999801312442041	0.98110740506351	0.997469874609647
Salinisphaeraceae	0.924433672674639	0.410362164591182	0.582334991663671	0.999801312442041	0.98110740506351	0.997469874609647
Salinivirgaceae	0.955526530873421	0.278888558545315	0.421334534876126	0.999801312442041	0.98110740506351	0.997469874609647
Sandaracinaceae	0.788231861013479	0.206850633308448	0.215368352405754	0.999801312442041	0.98110740506351	0.997469874609647
Sanguibacteraceae	0.453930400356485	0.123913743483827	0.29341777830975	0.999801312442041	0.98110740506351	0.997469874609647
Saprospiraceae	0.119233591931671	0.509942633308633	0.545781098983855	0.999801312442041	0.98110740506351	0.997469874609647
Schizosaccharomycetaceae	0.0851374027094534	0.163075264603973	0.0909800543575274	0.999801312442041	0.98110740506351	0.997469874609647
Sclerotiniaceae	0.650838305717818	0.774145624314936	0.700212264183729	0.999801312442041	0.98110740506351	0.997469874609647
Scytonemataceae	0.671787606897038	0.585892592487569	0.548888116732285	0.999801312442041	0.98110740506351	0.997469874609647
Sedimentisphaeraceae	0.503463786375936	0.78098554510319	0.27131708121967	0.999801312442041	0.98110740506351	0.997469874609647
Segniliparaceae	0.410340665548349	0.0734419950522081	0.165514816936137	0.999801312442041	0.98110740506351	0.997469874609647
Selenomonadaceae	0.992040119821029	0.731963140031365	0.863715003477315	0.999801312442041	0.98110740506351	0.997469874609647
Shewanellaceae	0.776796784737579	0.629733605218082	0.469030611170066	0.999801312442041	0.98110740506351	0.997469874609647
Silvanigrellaceae	0.159274138654545	0.106056586172354	0.285178569689997	0.999801312442041	0.98110740506351	0.997469874609647
Simkaniaceae	0.746644602666993	0.73214649962619	0.376077588587684	0.999801312442041	0.98110740506351	0.997469874609647
Sinobacteraceae	0.959647127702083	0.928641218726965	0.749734252218038	0.999801312442041	0.996997808208673	0.997469874609647
Solibacteraceae	0.621109016846861	0.871165115303933	0.67010814893163	0.999801312442041	0.98110740506351	0.997469874609647
Sordariaceae	0.836798597951969	0.687344004481518	0.282327741013745	0.999801312442041	0.98110740506351	0.997469874609647
Sphaerobacteraceae	0.320206531136666	0.38855632082922	0.564381834369808	0.999801312442041	0.98110740506351	0.997469874609647
Sphingobacteriaceae	0.449777895449753	0.180900566185254	0.24327207286141	0.999801312442041	0.98110740506351	0.997469874609647
Sphingomonadaceae	0.847918449300662	0.485503191918347	0.772832865295619	0.999801312442041	0.98110740506351	0.997469874609647
Spirochaetaceae	0.454896524403785	0.928269783009296	0.591660336648115	0.999801312442041	0.996997808208673	0.997469874609647
Spiroplasmataceae	0.687241792903102	0.476023773650905	0.774343520316751	0.999801312442041	0.98110740506351	0.997469874609647
Spongiibacteraceae	0.467536796962626	0.76098054579357	0.393783183944283	0.999801312442041	0.98110740506351	0.997469874609647
Sporichthyaceae	0.532013972292182	0.732927810830271	0.866450979275096	0.999801312442041	0.98110740506351	0.997469874609647
Sporolactobacillaceae	0.674364833942213	0.966328379271177	0.593504679203312	0.999801312442041	0.999293237170301	0.997469874609647
Sporomusaceae	0.484912682245082	0.99379998899324	0.651409262946724	0.999801312442041	0.999911090845577	0.997469874609647
Staphylococcaceae	0.635879767710713	0.343593756700065	0.461751600293722	0.999801312442041	0.98110740506351	0.997469874609647
Steroidobacteraceae	0.118505837790538	0.45385450361369	0.625656239038517	0.999801312442041	0.98110740506351	0.997469874609647
Sterolibacteriaceae	0.386735973861065	0.290217223227475	0.703199717839487	0.999801312442041	0.98110740506351	0.997469874609647
Streptococcaceae	0.850712522725867	0.67001420958031	0.701641193660307	0.999801312442041	0.98110740506351	0.997469874609647
Streptomycetaceae	0.915402026227394	0.279160700623962	0.51462446017725	0.999801312442041	0.98110740506351	0.997469874609647
Streptosporangiaceae	0.743776228708983	0.188952743664685	0.428562208937905	0.999801312442041	0.98110740506351	0.997469874609647
Succinivibrionaceae	0.221550299760844	0.958675497588621	0.88650301419043	0.999801312442041	0.999293237170301	0.997469874609647
Sulfolobaceae	0.249181421375494	0.286012173339772	0.27087560279954	0.999801312442041	0.98110740506351	0.997469874609647
Sutterellaceae	0.147136931338444	0.442240962720673	0.277223676770151	0.999801312442041	0.98110740506351	0.997469874609647
Symbiobacteriaceae	0.540874760537992	0.173040571984833	0.41047835201206	0.999801312442041	0.98110740506351	0.997469874609647
Synechococcaceae	0.617746341192965	0.48117083253279	0.964604535341687	0.999801312442041	0.98110740506351	0.997469874609647
Synergistaceae	0.489812468373985	0.767924479623974	0.945189028674806	0.999801312442041	0.98110740506351	0.997469874609647
Syntrophaceae	0.149702797640311	0.586027731841686	0.312506468924263	0.999801312442041	0.98110740506351	0.997469874609647
Syntrophobacteraceae	0.651986672142506	0.953457976109545	0.747858728061586	0.999801312442041	0.996997808208673	0.997469874609647
Syntrophomonadaceae	0.347117704906893	0.918940578988911	0.89396329309691	0.999801312442041	0.996997808208673	0.997469874609647
Tannerellaceae	0.389387343404476	0.422443579096871	0.487749818302577	0.999801312442041	0.98110740506351	0.997469874609647
Tepidiformaceae	0.493606116563225	0.15197182160516	0.381660040228807	0.999801312442041	0.98110740506351	0.997469874609647
Thermaceae	0.325609923109695	0.872065273342495	0.791386446017447	0.999801312442041	0.98110740506351	0.997469874609647
Thermoactinomycetaceae	0.483937641886271	0.854228790082756	0.534972767424961	0.999801312442041	0.98110740506351	0.997469874609647
Thermoanaerobacteraceae	0.297578237109994	0.717255112716453	0.445507332031312	0.999801312442041	0.98110740506351	0.997469874609647
Thermoanaerobacterales Family III. Incertae Sedis	0.73830796063186	0.60568462533008	0.455425835919642	0.999801312442041	0.98110740506351	0.997469874609647
Thermoanaerobacterales Family IV. Incertae Sedis	0.824076542582898	0.998594517138674	0.691573640456784	0.999801312442041	0.999911090845577	0.997469874609647
Thermococcaceae	0.817266909656109	0.515414594399405	0.788648523223103	0.999801312442041	0.98110740506351	0.997469874609647
Thermodesulfobacteriaceae	0.267285547946611	0.722246614366543	0.361805197211467	0.999801312442041	0.98110740506351	0.997469874609647
Thermodesulfobiaceae	0.529922732454807	0.462991879482328	0.706085530301138	0.999801312442041	0.98110740506351	0.997469874609647
Thermofilaceae	0.948133057952296	0.678077050881805	0.932078414065624	0.999801312442041	0.98110740506351	0.997469874609647
Thermoguttaceae	0.0890051654531941	0.791840257701284	0.701067759750411	0.999801312442041	0.98110740506351	0.997469874609647
Thermomicrobiaceae	0.581795330347428	0.853704594355995	0.927730693318362	0.999801312442041	0.98110740506351	0.997469874609647
Thermomonosporaceae	0.311869747666691	0.0588184323788633	0.207664666252807	0.999801312442041	0.98110740506351	0.997469874609647
Thermoplasmataceae	0.594095887074983	0.519771624882632	0.725711984004257	0.999801312442041	0.98110740506351	0.997469874609647
Thermoproteaceae	0.0458982479370411	0.453222118690594	0.449247883653186	0.999801312442041	0.98110740506351	0.997469874609647
Thermotogaceae	0.623561142354691	0.548242049013938	0.54373090473469	0.999801312442041	0.98110740506351	0.997469874609647
Thioalkalibacteraceae	0.311889507148771	0.212399064352565	0.492746718613593	0.999801312442041	0.98110740506351	0.997469874609647
Thioalkalispiraceae	0.512569608888477	0.831836853841414	0.936639984640203	0.999801312442041	0.98110740506351	0.997469874609647
Thiobacillaceae	0.933754450560455	0.598868681342484	0.686494378794091	0.999801312442041	0.98110740506351	0.997469874609647
Thiotrichaceae	0.767446583023268	0.766877339083535	0.66304768515796	0.999801312442041	0.98110740506351	0.997469874609647
Tissierellaceae	0.298653451245947	0.379951648742263	0.262873455688106	0.999801312442041	0.98110740506351	0.997469874609647
Tolypothrichaceae	0.275878284035532	0.316423380982589	0.491114614394239	0.999801312442041	0.98110740506351	0.997469874609647
Tospoviridae	0.339978013142802	0.947840981411646	0.958908138423166	0.999801312442041	0.996997808208673	0.997469874609647
Trichocomaceae	0.974008510401151	0.744632641321531	0.953990382938232	0.999801312442041	0.98110740506351	0.997469874609647
Trichomonascaceae	0.82242975221736	0.623827861078074	0.990187778211534	0.999801312442041	0.98110740506351	0.997469874609647
Trueperaceae	0.746352445539144	0.757585411662428	0.865247433859089	0.999801312442041	0.98110740506351	0.997469874609647
Tsukamurellaceae	0.722993910564528	0.432044730014571	0.723259466562393	0.999801312442041	0.98110740506351	0.997469874609647
Unclassified Acidobacteria Phylum	0.906646246316107	0.88883616129306	0.901920641114725	0.999801312442041	0.985854222400448	0.997469874609647
Unclassified Acidobacteriia Class	0.298929118959123	0.654963254795202	0.459953665773029	0.999801312442041	0.98110740506351	0.997469874609647
Unclassified Actinobacteria Class	0.75430592610817	0.364633130681421	0.629253186963422	0.999801312442041	0.98110740506351	0.997469874609647
Unclassified Actinobacteria Phylum	0.759793206146451	0.204145415123405	0.392319164225655	0.999801312442041	0.98110740506351	0.997469874609647
Unclassified Alphaproteobacteria Class	0.482276961039908	0.635652409143004	0.919334729463622	0.999801312442041	0.98110740506351	0.997469874609647
Unclassified Alteromonadales Order	0.740327978866127	0.312240497750551	0.193854406995051	0.999801312442041	0.98110740506351	0.997469874609647
Unclassified Aquificales Order	0.424523672541831	0.817661611731628	0.726842057340401	0.999801312442041	0.98110740506351	0.997469874609647
Unclassified Armatimonadetes Phylum	0.866860543184682	0.540161770618218	0.890148054765533	0.999801312442041	0.98110740506351	0.997469874609647
Unclassified Ascomycota Phylum	0.415945957351488	0.521952127703807	0.586871978794684	0.999801312442041	0.98110740506351	0.997469874609647
Unclassified Bacillales Order	0.420682705726816	0.461372736654448	0.446232949188983	0.999801312442041	0.98110740506351	0.997469874609647
Unclassified Bacilli Class	0.492266489008712	0.412101279048912	0.406132864810865	0.999801312442041	0.98110740506351	0.997469874609647
Unclassified Bacteriovoracales Order	0.311198733239828	0.786158562511063	0.212042418263778	0.999801312442041	0.98110740506351	0.997469874609647
Unclassified Bacteroidales Order	0.754577581622978	0.539519989521483	0.632710422896322	0.999801312442041	0.98110740506351	0.997469874609647
Unclassified Bacteroidetes Phylum	0.755853266317265	0.119311789296083	0.563545259613264	0.999801312442041	0.98110740506351	0.997469874609647
Unclassified Bacteroidia Class	0.74848750864792	0.126166167532389	0.968648541130501	0.999801312442041	0.98110740506351	0.997469874609647
Unclassified Balneolaeota Phylum	0.259735301757503	0.595981714523942	0.346439494840895	0.999801312442041	0.98110740506351	0.997469874609647
Unclassified Basidiomycota Phylum	0.917219593988568	0.704744957038857	0.945216004771722	0.999801312442041	0.98110740506351	0.997469874609647
Unclassified Betaproteobacteria Class	0.81408315379527	0.758734908011152	0.86624421957469	0.999801312442041	0.98110740506351	0.997469874609647
Unclassified Blastocatellia Class	0.292283220361681	0.952681412717153	0.920454926266009	0.999801312442041	0.996997808208673	0.997469874609647
Unclassified Bradymonadales Order	0.887037123251136	0.484906652033732	0.861199854238532	0.999801312442041	0.98110740506351	0.997469874609647
Unclassified Burkholderiales Order	0.510854739986694	0.518835857500117	0.833631505473306	0.999801312442041	0.98110740506351	0.997469874609647
Unclassified Campylobacterales Order	0.639189101001791	0.757683373672419	0.683044377051505	0.999801312442041	0.98110740506351	0.997469874609647
Unclassified Candidatus Bipolaricaulota Phylum	0.484034053095285	0.154775137402875	0.379125700711092	0.999801312442041	0.98110740506351	0.997469874609647
Unclassified Candidatus Cloacimonetes Phylum	0.299956828817387	0.57756699379731	0.744956079019217	0.999801312442041	0.98110740506351	0.997469874609647
Unclassified Candidatus Gracilibacteria Phylum	0.955890766580709	0.362897494964738	0.431341500988599	0.999801312442041	0.98110740506351	0.997469874609647
Unclassified Candidatus Korarchaeota Phylum	0.384521287376476	0.791980490799134	0.617297317275278	0.999801312442041	0.98110740506351	0.997469874609647
Unclassified Candidatus Micrarchaeota Phylum	0.984909476304101	0.639661952526423	0.701191407911895	0.999801312442041	0.98110740506351	0.997469874609647
Unclassified Candidatus Saccharibacteria Phylum	0.896758656153895	0.903409110657299	0.779551652285844	0.999801312442041	0.995372912340977	0.997469874609647
Unclassified Cellvibrionales Order	0.911174472536832	0.603342786712647	0.766891792685542	0.999801312442041	0.98110740506351	0.997469874609647
Unclassified Chlamydiia Class	0.185427014635838	0.0976658014764544	0.595809708751384	0.999801312442041	0.98110740506351	0.997469874609647
Unclassified Chloroflexi Phylum	0.272169259979138	0.615607489882079	0.973515263657826	0.999801312442041	0.98110740506351	0.997469874609647
Unclassified Chromatiales Order	0.487670597720084	0.215515186732909	0.530391513044891	0.999801312442041	0.98110740506351	0.997469874609647
Unclassified Chroococcales Order	0.938466306179436	0.788324610454655	0.886165575786699	0.999801312442041	0.98110740506351	0.997469874609647
Unclassified Clostridia Class	0.407600665770119	0.759610394190429	0.47670340082307	0.999801312442041	0.98110740506351	0.997469874609647
Unclassified Clostridiales Order	0.240095404529187	0.949117095619264	0.575327850797893	0.999801312442041	0.996997808208673	0.997469874609647
Unclassified Coriobacteriales Order	0.72890801252935	0.191594836685478	0.23311440227443	0.999801312442041	0.98110740506351	0.997469874609647
Unclassified Coriobacteriia Class	0.72094523196536	0.25097982141273	0.331336139232676	0.999801312442041	0.98110740506351	0.997469874609647
Unclassified Corynebacteriales Order	0.416942967391616	0.610893430165137	0.724821868670252	0.999801312442041	0.98110740506351	0.997469874609647
Unclassified Cyanobacteria Phylum	0.224111698322693	0.554822479932847	0.628264638633011	0.999801312442041	0.98110740506351	0.997469874609647
Unclassified Cytophagales Order	0.612131709313928	0.679553745048787	0.644783077490723	0.999801312442041	0.98110740506351	0.997469874609647
Unclassified Dehalococcoidia Class	0.636476138166358	0.852331411367262	0.7446237953829	0.999801312442041	0.98110740506351	0.997469874609647
Unclassified Deinococcales Order	0.726845586582289	0.516880622993688	0.814344227777674	0.999801312442041	0.98110740506351	0.997469874609647
Unclassified Deinococci Class	0.36921230841045	0.639224927541192	0.443154219433446	0.999801312442041	0.98110740506351	0.997469874609647
Unclassified Deltaproteobacteria Class	0.890749692494761	0.528014177160471	0.612374623957401	0.999801312442041	0.98110740506351	0.997469874609647
Unclassified Desulfobacterales Order	0.736410085374145	0.033074126269529	0.051534714946558	0.999801312442041	0.98110740506351	0.997469874609647
Unclassified Desulfovibrionales Order	0.130153161330727	0.642262071685714	0.408860904385255	0.999801312442041	0.98110740506351	0.997469874609647
Unclassified Desulfuromonadales Order	0.860480458739646	0.805513563559827	0.749480977401032	0.999801312442041	0.98110740506351	0.997469874609647
Unclassified Elusimicrobia Phylum	0.377718585326466	0.818207342564526	0.510889161764207	0.999801312442041	0.98110740506351	0.997469874609647
Unclassified Enterobacterales Order	0.66202255567123	0.951519053186036	0.799015581790124	0.999801312442041	0.996997808208673	0.997469874609647
Unclassified Entomoplasmatales Order	0.908594165545406	0.802091562176575	0.463673328068662	0.999801312442041	0.98110740506351	0.997469874609647
Unclassified Epsilonproteobacteria Class	0.367366865361939	0.50841591761855	0.362374693684278	0.999801312442041	0.98110740506351	0.997469874609647
Unclassified Euryarchaeota Phylum	0.639994296415632	0.926447309721179	0.968482314671777	0.999801312442041	0.996997808208673	0.997469874609647
Unclassified Firmicutes Phylum	0.812754519130835	0.751062886785412	0.468192012147705	0.999801312442041	0.98110740506351	0.997469874609647
Unclassified Flavobacteriales Order	0.378716318860068	0.136960280455175	0.402040440018504	0.999801312442041	0.98110740506351	0.997469874609647
Unclassified Frankiales Order	0.851742046616394	0.618915001031351	0.549591926512223	0.999801312442041	0.98110740506351	0.997469874609647
Unclassified Fusobacteriales Order	0.541409134306932	0.863184790675512	0.406104741825515	0.999801312442041	0.98110740506351	0.997469874609647
Unclassified Gammaproteobacteria Class	0.772071137098589	0.983270207707369	0.793339589840534	0.999801312442041	0.999911090845577	0.997469874609647
Unclassified Halanaerobiales Order	0.572188480163939	0.738764111228387	0.810065951072498	0.999801312442041	0.98110740506351	0.997469874609647
Unclassified Halobacteria Class	0.768548558865875	0.525276002475424	0.985367303932556	0.999801312442041	0.98110740506351	0.997469874609647
Unclassified Halobacteriales Order	0.568523144366782	0.659220435590825	0.318371783546845	0.999801312442041	0.98110740506351	0.997469874609647
Unclassified Haloferacales Order	0.476055678569436	0.38259008490246	0.54271066977461	0.999801312442041	0.98110740506351	0.997469874609647
Unclassified Ignavibacteriales Order	0.0907210538647773	0.346638385601346	0.119899632104224	0.999801312442041	0.98110740506351	0.997469874609647
Unclassified Kiritimatiellaeota Phylum	0.84584828947654	0.277190239284073	0.649095745270396	0.999801312442041	0.98110740506351	0.997469874609647
Unclassified Lactobacillales Order	0.399207427876566	0.283970663960391	0.342374848489427	0.999801312442041	0.98110740506351	0.997469874609647
Unclassified Legionellales Order	0.893915863710753	0.315211216863737	0.87048906935152	0.999801312442041	0.98110740506351	0.997469874609647
Unclassified Marinilabiliales Order	0.331242598337831	0.263936849074091	0.740974709513061	0.999801312442041	0.98110740506351	0.997469874609647
Unclassified Methanococcales Order	0.152899263743236	0.248989540527112	0.0295677973808297	0.999801312442041	0.98110740506351	0.997469874609647
Unclassified Methanomassiliicoccales Order	0.798937995636799	0.863226492062776	0.530338142786846	0.999801312442041	0.98110740506351	0.997469874609647
Unclassified Methanomicrobia Class	0.456998668606815	0.695588323295958	0.791744536112531	0.999801312442041	0.98110740506351	0.997469874609647
Unclassified Methanomicrobiales Order	0.964601123894624	0.282589340792193	0.960214551161511	0.999801312442041	0.98110740506351	0.997469874609647
Unclassified Micrococcales Order	0.980134383150746	0.298347437932657	0.553363762090533	0.999801312442041	0.98110740506351	0.997469874609647
Unclassified Mollicutes Class	0.422644241248296	0.878086963331018	0.912409933101738	0.999801312442041	0.98110740506351	0.997469874609647
Unclassified Myxococcales Order	0.596163039253073	0.279151110228603	0.501049304378553	0.999801312442041	0.98110740506351	0.997469874609647
Unclassified Negativicutes Class	0.991752148009588	0.59448948533486	0.91732002343901	0.999801312442041	0.98110740506351	0.997469874609647
Unclassified Neisseriales Order	0.675933333781356	0.712925032398384	0.442816199571212	0.999801312442041	0.98110740506351	0.997469874609647
Unclassified Nitriliruptoria Class	0.507921886908662	0.318235888406896	0.673156168095502	0.999801312442041	0.98110740506351	0.997469874609647
Unclassified Nitrosomonadales Order	0.372146944916737	0.550562923693956	0.850217831188506	0.999801312442041	0.98110740506351	0.997469874609647
Unclassified Nostocales Order	0.999801312442041	0.662144930964459	0.74536956689589	0.999801312442041	0.98110740506351	0.997469874609647
Unclassified Oceanospirillales Order	0.942787489674713	0.317659281633265	0.693403459833914	0.999801312442041	0.98110740506351	0.997469874609647
Unclassified Opitutae Class	0.455336757082877	0.160137004561104	0.897230734985996	0.999801312442041	0.98110740506351	0.997469874609647
Unclassified Oscillatoriales Order	0.475890721663736	0.986769817650993	0.955749297423755	0.999801312442041	0.999911090845577	0.997469874609647
Unclassified Parachlamydiales Order	0.539394855086998	0.607488695851151	0.528665428915259	0.999801312442041	0.98110740506351	0.997469874609647
Unclassified Phycisphaerae Class	0.747958871331671	0.464078567349446	0.850362260355681	0.999801312442041	0.98110740506351	0.997469874609647
Unclassified Planctomycetales Order	0.663157925035441	0.770237359215143	0.836402090924036	0.999801312442041	0.98110740506351	0.997469874609647
Unclassified Planctomycetes Phylum	0.697069029608094	0.767403274676653	0.959990451100879	0.999801312442041	0.98110740506351	0.997469874609647
Unclassified Planctomycetia Class	0.667734638693069	0.744691233753709	0.980276087813099	0.999801312442041	0.98110740506351	0.997469874609647
Unclassified Propionibacteriales Order	0.918113070513035	0.245656761279183	0.719624558954879	0.999801312442041	0.98110740506351	0.997469874609647
Unclassified Proteobacteria Phylum	0.991899886287964	0.699171433670564	0.997469874609647	0.999801312442041	0.98110740506351	0.997469874609647
Unclassified Pseudomonadales Order	0.52583585576881	0.562746736175821	0.834410938047243	0.999801312442041	0.98110740506351	0.997469874609647
Unclassified Rhizobiales Order	0.646099748815859	0.664784609965169	0.914539613764739	0.999801312442041	0.98110740506351	0.997469874609647
Unclassified Rhodobacterales Order	0.854398332341539	0.277695103391663	0.260016533795474	0.999801312442041	0.98110740506351	0.997469874609647
Unclassified Rhodocyclales Order	0.388187310644246	0.250247491276263	0.57940563511652	0.999801312442041	0.98110740506351	0.997469874609647
Unclassified Rhodospirillales Order	0.934384566288253	0.603712936540516	0.934694899091502	0.999801312442041	0.98110740506351	0.997469874609647
Unclassified Rickettsiales Order	0.0946764030429367	0.378245225927808	0.674192765896186	0.999801312442041	0.98110740506351	0.997469874609647
Unclassified Saccharomycetales Order	0.442813634625897	0.0762987226143332	0.282700137668251	0.999801312442041	0.98110740506351	0.997469874609647
Unclassified Sedimentisphaerales Order	0.163186825198975	0.062784288458649	0.241671445572193	0.999801312442041	0.98110740506351	0.997469874609647
Unclassified Selenomonadales Order	0.3812432289859	0.380468721349208	0.61268111761629	0.999801312442041	0.98110740506351	0.997469874609647
Unclassified Silvanigrellales Order	0.58186979188096	0.865180063864054	0.853382181306592	0.999801312442041	0.98110740506351	0.997469874609647
Unclassified Sordariales Order	0.68744458228219	0.121341523792931	0.109589455575964	0.999801312442041	0.98110740506351	0.997469874609647
Unclassified Sordariomycetes Class	0.552600348891662	0.584267935563738	0.759897723435767	0.999801312442041	0.98110740506351	0.997469874609647
Unclassified Spartobacteria Class	0.198051502156605	0.0172044488401321	0.274958378827712	0.999801312442041	0.98110740506351	0.997469874609647
Unclassified Sphingomonadales Order	0.483274503590596	0.439165144035573	0.719100601866613	0.999801312442041	0.98110740506351	0.997469874609647
Unclassified Spirochaetales Order	0.479316730533925	0.819807998121688	0.811259106845203	0.999801312442041	0.98110740506351	0.997469874609647
Unclassified Spirochaetia Class	0.575146617732414	0.514573974685408	0.603262655943677	0.999801312442041	0.98110740506351	0.997469874609647
Unclassified Streptosporangiales Order	0.968149849418741	0.174792980708511	0.217220643325951	0.999801312442041	0.98110740506351	0.997469874609647
Unclassified Synechococcales Order	0.733190627388255	0.994527644477345	0.944130983364065	0.999801312442041	0.999911090845577	0.997469874609647
Unclassified Tenericutes Phylum	0.374248946575552	0.2610061654593	0.439614800537607	0.999801312442041	0.98110740506351	0.997469874609647
Unclassified Thaumarchaeota Phylum	0.895035315302672	0.543366116229166	0.636921539387276	0.999801312442041	0.98110740506351	0.997469874609647
Unclassified Thermoanaerobacterales Order	0.183714776081978	0.850132355917646	0.518472311377953	0.999801312442041	0.98110740506351	0.997469874609647
Unclassified Thermomicrobia Class	0.1844739810716	0.162710342850083	0.18533320089635	0.999801312442041	0.98110740506351	0.997469874609647
Unclassified Thermoplasmata Class	0.348905672445357	0.505099548083777	0.969355484583941	0.999801312442041	0.98110740506351	0.997469874609647
Unclassified Thermoplasmatales Order	0.46091874960696	0.31887942515851	0.773493347007667	0.999801312442041	0.98110740506351	0.997469874609647
Unclassified Thermotogae Class	0.926092495112384	0.0350221106832644	0.144118115130332	0.999801312442041	0.98110740506351	0.997469874609647
Unclassified Thermotogales Order	0.726819684821506	0.133703064191265	0.472933110271447	0.999801312442041	0.98110740506351	0.997469874609647
Unclassified Tissierellales Order	0.322114176113558	0.934873206724756	0.796455613112585	0.999801312442041	0.996997808208673	0.997469874609647
Unclassified Tissierellia Class	0.066400274985003	0.123646470503301	0.270799859290755	0.999801312442041	0.98110740506351	0.997469874609647
Unclassified Verrucomicrobia Phylum	0.847314564624409	0.659190826371287	0.752119353562828	0.999801312442041	0.98110740506351	0.997469874609647
Unclassified Verrucomicrobiales Order	0.232575405115953	0.820789835428839	0.184453466222437	0.999801312442041	0.98110740506351	0.997469874609647
Unclassified Victivallales Order	0.957209231769413	0.699784290576675	0.856615655660709	0.999801312442041	0.98110740506351	0.997469874609647
Unclassified Xanthomonadales Order	0.30139070712213	0.212978682807866	0.402568520481067	0.999801312442041	0.98110740506351	0.997469874609647
Unclassified candidate division Zixibacteria Phylum	0.919273641294001	0.703293667810202	0.782832535548789	0.999801312442041	0.98110740506351	0.997469874609647
Unikaryonidae	0.712801856546987	0.0672215055299547	0.263329573756677	0.999801312442041	0.98110740506351	0.997469874609647
Ustilaginaceae	0.445895119620564	0.945527097363781	0.750827344097072	0.999801312442041	0.996997808208673	0.997469874609647
Vallitaleaceae	0.544252666968106	0.66192112075081	0.495815998400625	0.999801312442041	0.98110740506351	0.997469874609647
Veillonellaceae	0.641024722663236	0.758760598557168	0.968898339047742	0.999801312442041	0.98110740506351	0.997469874609647
Verrucomicrobiaceae	0.989297299845197	0.967844067778051	0.861986882709538	0.999801312442041	0.999293237170301	0.997469874609647
Vibrionaceae	0.568235826260427	0.586872801044428	0.379753914995315	0.999801312442041	0.98110740506351	0.997469874609647
Vicinamibacteraceae	0.377604866638083	0.12016409572346	0.350128957169915	0.999801312442041	0.98110740506351	0.997469874609647
Vulgatibacteraceae	0.711621731396225	0.433520385300893	0.67917794727338	0.999801312442041	0.98110740506351	0.997469874609647
Waddliaceae	0.320023256303849	0.879297755345658	0.314700944241298	0.999801312442041	0.98110740506351	0.997469874609647
Wenzhouxiangellaceae	0.453043872278451	0.036682708990902	0.0920562468883794	0.999801312442041	0.98110740506351	0.997469874609647
Woeseiaceae	0.202341051732085	0.193840987186403	0.126956166754466	0.999801312442041	0.98110740506351	0.997469874609647
Xanthobacteraceae	0.452191227224717	0.286903419499856	0.456654213594398	0.999801312442041	0.98110740506351	0.997469874609647
Xanthomonadaceae	0.976714519435905	0.438880162498915	0.744093393490346	0.999801312442041	0.98110740506351	0.997469874609647
Yersiniaceae	0.589923335382107	0.932747630073631	0.77233851590245	0.999801312442041	0.996997808208673	0.997469874609647
Zoogloeaceae	0.830882430676314	0.301763118213808	0.491908881433594	0.999801312442041	0.98110740506351	0.997469874609647
