p-variable	p-treatment	p-interaction	adjusted.p-variable	adjusted.p-treatment	adjusted.p-interaction
Acaryochloridaceae	0.0969480221733664	0.743058909610172	0.640300580532303	0.258528059128977	0.895771475432757	0.990207777930178
Acetobacteraceae	0.0656986204698271	0.10916976897509	0.232101860031382	0.205020637715537	0.723877518692454	0.990207777930178
Acholeplasmataceae	0.978667591106719	0.742637996922386	0.998167709738097	0.996724188728614	0.895771475432757	0.999326322136745
Acidaminococcaceae	0.0538246404928774	0.975288325268237	0.745825630540657	0.184750136672185	0.985243862651536	0.990207777930178
Acidiferrobacteraceae	0.0549384719129016	0.765403391240364	0.923018174826857	0.184750136672185	0.900858575617656	0.999326322136745
Acidilobaceae	0.945132487030821	0.283075041936039	0.696546100802391	0.983473548528847	0.731493891746058	0.990207777930178
Acidimicrobiaceae	0.515348933353582	0.433072065909869	0.482167520156746	0.680560049960629	0.767121141717029	0.990207777930178
Acidithiobacillaceae	0.274858538283276	0.554632742435211	0.813483092695029	0.486288183116565	0.837343624481198	0.990207777930178
Acidobacteriaceae	0.103104138975303	0.351445133521099	0.5254103664794	0.267249298054118	0.758871822779346	0.990207777930178
Acidothermaceae	0.209264314348634	0.749900117448483	0.550745319887147	0.421583582191409	0.895771475432757	0.990207777930178
Actinomycetaceae	0.821387731629869	0.151855187663719	0.160897365467246	0.899615134642238	0.723877518692454	0.990207777930178
Actinopolysporaceae	0.0121818109380874	0.314769784363765	0.212436568593438	0.0960622805403465	0.745720690853213	0.990207777930178
Aerococcaceae	0.611267581181078	0.567931052679956	0.693573559664184	0.747866190258496	0.838842476870803	0.990207777930178
Aeromonadaceae	0.0388475796515344	0.139366736206835	0.289620849736443	0.155501677917278	0.723877518692454	0.990207777930178
Akkermansiaceae	0.251856023679436	0.392623517243616	0.96837675331686	0.461875498574912	0.760114103513063	0.999326322136745
Alcaligenaceae	0.0171999744383395	0.0973093091188994	0.182677195096232	0.105030468895725	0.723877518692454	0.990207777930178
Alcanivoracaceae	0.00387044647549234	0.0079777230233951	0.0395761285443679	0.0691292012538728	0.506069573778546	0.990207777930178
Alicyclobacillaceae	0.0838024169507551	0.354799861446556	0.599700523710609	0.235073523682805	0.758871822779346	0.990207777930178
Alteromonadaceae	0.441556783611601	0.741072539976691	0.990563765262832	0.626579291911578	0.895771475432757	0.999326322136745
Amoebophilaceae	0.505660871766672	0.038214341674064	0.0551049290128832	0.672813319295109	0.674294183695628	0.990207777930178
Anaerohalosphaeraceae	0.368762734904983	0.979139148408748	0.787428503463367	0.565436193520974	0.985243862651536	0.990207777930178
Anaerolineaceae	0.0139040707414623	0.203160632643535	0.459400244588166	0.102167115641032	0.723877518692454	0.990207777930178
Anaeromyxobacteraceae	0.05225592268789	0.213373996742465	0.423703440934731	0.181416788199467	0.723877518692454	0.990207777930178
Anaplasmataceae	0.975697328785945	0.647291372529023	0.69810856086426	0.995535906635567	0.860975512375953	0.990207777930178
Aphanizomenonaceae	0.394185827245663	0.389020780998362	0.601047984038057	0.588980014507564	0.760114103513063	0.990207777930178
Aphanothecaceae	0.969427209622228	0.950933614840937	0.992193163856795	0.992870357643901	0.983486807553453	0.999326322136745
Aquificaceae	0.669590263925116	0.853611066861998	0.693210594242588	0.807017086652105	0.953832609125148	0.990207777930178
Archaeoglobaceae	0.573235445604792	0.394808293357953	0.336214923118985	0.712671094535687	0.760114103513063	0.990207777930178
Archangiaceae	0.0154309855683144	0.170582740073287	0.287796254657499	0.105030468895725	0.723877518692454	0.990207777930178
Ardenticatenaceae	0.00220796253178906	0.0748832513044023	0.11407738075461	0.0609397658773782	0.723877518692454	0.990207777930178
Arenaviridae	0.0692466372200893	0.0889189469180832	0.103288881234833	0.207739911660268	0.723877518692454	0.990207777930178
Aspergillaceae	0.0467918453748881	0.15698980875504	0.198073168422007	0.170006151399019	0.723877518692454	0.990207777930178
Aspiviridae	0.341196611160936	0.515503171711141	0.546653026871055	0.536337047462231	0.814854378724011	0.990207777930178
Atopobiaceae	0.814142458181094	0.0812217901895878	0.263032940618276	0.899615134642238	0.723877518692454	0.990207777930178
Aurantimonadaceae	0.00203601383717482	0.0485448994744283	0.10444483488671	0.060514674909123	0.674294183695628	0.990207777930178
Azonexaceae	0.14589239045534	0.151655062713402	0.430412810952567	0.32604291308238	0.723877518692454	0.990207777930178
Bacillaceae	0.612383184776885	0.666414842113344	0.568528305593243	0.747866190258496	0.867454780081333	0.990207777930178
Bacteriovoracaceae	0.994214458884479	0.784860276918392	0.461469335082944	0.999388185701718	0.914014499702432	0.990207777930178
Bacteroidaceae	0.0301655068492297	0.379287097678068	0.762399042408573	0.135376908786787	0.760114103513063	0.990207777930178
Baekduiaceae	0.0182806874922308	0.12233907190868	0.184050246964146	0.105468463067165	0.723877518692454	0.990207777930178
Barnesiellaceae	0.076980958014404	0.553542691060312	0.927307720935285	0.224833274200799	0.837343624481198	0.999326322136745
Bartonellaceae	0.566035172543509	0.257872001555347	0.222354503697937	0.710116852827311	0.723934603915412	0.990207777930178
Bdellovibrionaceae	0.458223020741562	0.220083308062218	0.388606559593056	0.633932600123665	0.723877518692454	0.990207777930178
Beijerinckiaceae	0.280789519182141	0.21456646312658	0.551653455580007	0.48956762799207	0.723877518692454	0.990207777930178
Bernardetiaceae	0.487563388311777	0.262504219103936	0.463269657683997	0.658294476266822	0.723934603915412	0.990207777930178
Beutenbergiaceae	0.0345852644661547	0.244903689392106	0.614404631613346	0.145635745143484	0.723877518692454	0.990207777930178
Bifidobacteriaceae	0.0612247532822376	0.838647115669227	0.777120325407477	0.197637800068978	0.947021885284301	0.990207777930178
Blattabacteriaceae	0.485472446521483	0.812000611099222	0.49146974443224	0.658294476266822	0.922272299026276	0.990207777930178
Bogoriellaceae	0.00625177598458762	0.0985350249951208	0.203125249634172	0.0784313714430083	0.723877518692454	0.990207777930178
Borreliaceae	0.868087116268935	0.791379735362423	0.675343425178401	0.935906422227446	0.917734483025331	0.990207777930178
Brachyspiraceae	0.475691955531022	0.391755483671122	0.654504558462028	0.648350517168208	0.760114103513063	0.990207777930178
Bradymonadaceae	0.000569504510569777	0.144161179099196	0.130688992679571	0.0294048674285037	0.723877518692454	0.990207777930178
Bradyrhizobiaceae	0.0225232060383496	0.370869471694877	0.607757755253083	0.114286734954093	0.760114103513063	0.990207777930178
Brevibacteriaceae	0.0742511431538832	0.533681214408303	0.624974121054136	0.219227890049656	0.829811310119165	0.990207777930178
Brucellaceae	0.455871598397742	0.645742850232346	0.862816411039468	0.633932600123665	0.860975512375953	0.990207777930178
Budviciaceae	0.064996522852987	0.655557684921231	0.908564607602851	0.205020637715537	0.865596764214213	0.999326322136745
Burkholderiaceae	0.0661934262970672	0.258449603419961	0.504059246293511	0.205020637715537	0.723934603915412	0.990207777930178
Caedimonadaceae	0.996857451286272	0.0691038421306933	0.21624466987853	0.999388185701718	0.719723035021561	0.990207777930178
Caldilineaceae	0.249121648334323	0.899257354991147	0.79339153182449	0.458383832935154	0.971409119285936	0.990207777930178
Caldisphaeraceae	0.274115718138508	0.146387234697606	0.220471844625823	0.486288183116565	0.723877518692454	0.990207777930178
Calditrichaceae	0.408194354924773	0.662562919962795	0.633627882796932	0.600862090449266	0.867454780081333	0.990207777930178
Calotrichaceae	0.888557159822633	0.682541818434011	0.510041153234762	0.950549519810258	0.870122595324652	0.990207777930178
Campylobacteraceae	0.783053483850213	0.809796645812693	0.775349062152375	0.885749022715815	0.922272299026276	0.990207777930178
Candidatus Brocadiaceae	0.54675577626197	0.554985313342346	0.760522780886194	0.694259489946674	0.837343624481198	0.990207777930178
Candidatus Deianiraeaceae	0.818619029692884	0.160727853868537	0.488085401607596	0.899615134642238	0.723877518692454	0.990207777930178
Candidatus Methanomethylophilaceae	0.0020829326508575	0.0966460296701984	0.200284050460414	0.060514674909123	0.723877518692454	0.990207777930178
Candidatus Midichloriaceae	0.851394148688837	0.358099166857409	0.593719007671096	0.91970561658755	0.760114103513063	0.990207777930178
Candidatus Nanopelagicaceae	0.74757858390676	0.629599997532657	0.794245337967729	0.870597844549645	0.860252287639903	0.990207777930178
Candidatus Nitrosocaldaceae	0.511526729862543	0.129093091040653	0.252211112127559	0.678756622317605	0.723877518692454	0.990207777930178
Candidatus Paracaedibacteraceae	0.771300052916738	0.184927659949112	0.522187124032301	0.881485774761986	0.723877518692454	0.990207777930178
Cardiobacteriaceae	0.0238734532452244	0.364819630654835	0.918456633656221	0.117723504889356	0.760114103513063	0.999326322136745
Carnobacteriaceae	0.43648697601411	0.72501770936319	0.920732426718928	0.622586074314699	0.895771475432757	0.999326322136745
Casimicrobiaceae	0.0393917138829865	0.247369619113464	0.556222165531631	0.156433281031716	0.723877518692454	0.990207777930178
Catenulisporaceae	0.00234967744922765	0.0188776707850228	0.0690314069618002	0.061762950093984	0.534609936856818	0.990207777930178
Caulobacteraceae	0.0145903554897191	0.11073731575601	0.276253699792641	0.103254823465704	0.723877518692454	0.990207777930178
Cellulomonadaceae	0.0674350682258887	0.35020728936425	0.433426112840705	0.205020637715537	0.758871822779346	0.990207777930178
Cellvibrionaceae	0.342012030265771	0.59511064401914	0.81887628778932	0.536337047462231	0.838842476870803	0.990207777930178
Chaetomiaceae	0.147669459796164	0.645544774675956	0.873165890451816	0.327363621716798	0.860975512375953	0.990207777930178
Chamaesiphonaceae	0.210815418892422	0.980080262714902	0.613133465860301	0.421630837784845	0.985243862651536	0.990207777930178
Chelatococcaceae	0.000585966561075255	0.375231784312562	0.571172232872559	0.0294048674285037	0.760114103513063	0.990207777930178
Chitinophagaceae	0.814277132385606	0.578821817003004	0.55015284414895	0.899615134642238	0.838842476870803	0.990207777930178
Chlamydiaceae	0.221796740262357	0.0155854760040494	0.0388318548035185	0.432307342870969	0.506069573778546	0.990207777930178
Chlorobiaceae	0.210186568709567	0.678706828542542	0.896933471838143	0.421630837784845	0.868644310744698	0.99665145604924
Chloroflexaceae	0.395480526699571	0.620696853239656	0.823963652379029	0.588980014507564	0.85870842854208	0.990207777930178
Christensenellaceae	0.51781742931787	0.539378265569007	0.298767348329825	0.680560049960629	0.833996645921826	0.990207777930178
Chromatiaceae	0.0894104472467965	0.459571261166852	0.604819181166448	0.242372473844987	0.779716730793556	0.990207777930178
Chromobacteriaceae	0.0172645825120937	0.206916409281933	0.386877184393324	0.105030468895725	0.723877518692454	0.990207777930178
Chroococcaceae	0.292527105561212	0.233724107228023	0.0932617803798229	0.496846037753196	0.723877518692454	0.990207777930178
Chroococcidiopsidaceae	0.290150863512633	0.317241569175663	0.564493515917871	0.494331100799301	0.745793789305474	0.990207777930178
Chrysiogenaceae	0.0401589615244829	0.225333077953418	0.213099753622478	0.157218062138401	0.723877518692454	0.990207777930178
Chthonomonadaceae	0.153499033048247	0.745431258030081	0.871642408447018	0.336235977153302	0.895771475432757	0.990207777930178
Clavicipitaceae	0.245084187902431	0.973175993716914	0.810056487000162	0.453981448732021	0.985243862651536	0.990207777930178
Clostridiaceae	0.14886717210105	0.10809522947976	0.256955130159836	0.328698715999117	0.723877518692454	0.990207777930178
Clostridiales Family XIII. Incertae Sedis	0.939908886420017	0.423341766166009	0.566845242834192	0.982632017620927	0.767121141717029	0.990207777930178
Clostridiales Family XVI. Incertae Sedis	0.240525475784531	0.494453431073743	0.777200884393127	0.45006800892563	0.796641998649364	0.990207777930178
Clostridiales Family XVII. Incertae Sedis	0.000323555613073804	0.0131854173885338	0.023618339876778	0.0294048674285037	0.506069573778546	0.990207777930178
Cohaesibacteraceae	0.0490583566807463	0.320430826516984	0.360512039366976	0.173591108254948	0.748482870688651	0.990207777930178
Coleofasciculaceae	0.00450795050150855	0.0315125538480905	0.267399354817382	0.0691292012538728	0.674294183695628	0.990207777930178
Colwelliaceae	0.402561900740601	0.299725988210692	0.215835511525611	0.594155532643882	0.736423689665376	0.990207777930178
Comamonadaceae	0.00791703051718857	0.14569291975344	0.225201800978831	0.0839741329668965	0.723877518692454	0.990207777930178
Conexibacteraceae	0.00825219808963967	0.425343473688277	0.818308512237367	0.0839741329668965	0.767121141717029	0.990207777930178
Coprothermobacteraceae	0.160066790048011	0.582411557502974	0.731881589417646	0.345144016041024	0.838842476870803	0.990207777930178
Coriobacteriaceae	0.0661768781157377	0.967451696560733	0.937791959014203	0.205020637715537	0.983486807553453	0.999326322136745
Corynebacteriaceae	0.136744231669119	0.352136255638039	0.679763549035978	0.31457459708909	0.758871822779346	0.990207777930178
Coxiellaceae	0.789754403165997	0.643729013264379	0.964691146069449	0.886065915747217	0.860975512375953	0.999326322136745
Crocinitomicaceae	0.383547520343215	0.311767254152104	0.265672227075319	0.580343545406476	0.743551612303945	0.990207777930178
Cryomorphaceae	0.515554624861048	0.326520871201489	0.612194402903929	0.680560049960629	0.749647689981749	0.990207777930178
Cryptococcaceae	0.91607029940526	0.923230726548838	0.999326322136745	0.965020620747526	0.976678885271774	0.999326322136745
Cuniculiplasmataceae	0.213430155440348	0.30718456562811	0.763206833652388	0.422270415064774	0.741975099546269	0.990207777930178
Cyanobacteriaceae	0.892414450480201	0.601276879649248	0.633768962212293	0.952829355251588	0.842398064889302	0.990207777930178
Cyanothecaceae	0.105840870632776	0.0203384215108572	0.0303068780601883	0.270482224950427	0.534609936856818	0.990207777930178
Cyclobacteriaceae	0.964811315673076	0.466573839601647	0.549900363224124	0.992870357643901	0.780450786242755	0.990207777930178
Cytophagaceae	0.592393037528506	0.892299861223983	0.882255971570873	0.731545764464733	0.965783379207135	0.990207777930178
Debaryomycetaceae	0.117023693055698	0.211924139370769	0.528851662057125	0.284959154812678	0.723877518692454	0.990207777930178
Deferribacteraceae	0.911056064686984	0.959943392516137	0.931740990815822	0.963415608634512	0.983486807553453	0.999326322136745
Dehalococcoidaceae	0.52479136816269	0.891666692954552	0.774226330277293	0.686456955511386	0.965783379207135	0.990207777930178
Deinococcaceae	0.00878176656775063	0.0480393536244056	0.0915769251458696	0.0850444762350588	0.674294183695628	0.990207777930178
Dermabacteraceae	0.0453194866017378	0.174567018201772	0.254920141666771	0.16789501076617	0.723877518692454	0.990207777930178
Dermacoccaceae	0.0412713197189169	0.210517607536419	0.386641781078595	0.158206725589181	0.723877518692454	0.990207777930178
Dermatophilaceae	0.172620991987477	0.293799577973913	0.449384248904605	0.365083477306848	0.736423689665376	0.990207777930178
Dermocarpellaceae	0.551717717520386	0.750859212517388	0.53728608607676	0.696906590552067	0.895771475432757	0.990207777930178
Desulfarculaceae	0.0029808447430381	0.0552261955910954	0.106548635918742	0.0632856268521935	0.674294183695628	0.990207777930178
Desulfobacteraceae	0.0162547310802745	0.224932611789322	0.453779103249097	0.105030468895725	0.723877518692454	0.990207777930178
Desulfobulbaceae	0.136771563951778	0.229095873903631	0.258842417448827	0.31457459708909	0.723877518692454	0.990207777930178
Desulfohalobiaceae	0.0111486264506979	0.0128388079846942	0.0105808718090849	0.0946775661659265	0.506069573778546	0.990207777930178
Desulfomicrobiaceae	0.0329251951021427	0.449679854375964	0.423544298556319	0.14198990387799	0.7732812449082	0.990207777930178
Desulfovibrionaceae	0.145874783912924	0.71441044625592	0.434121412948403	0.32604291308238	0.891995870760263	0.990207777930178
Desulfurellaceae	0.428141596389335	0.753215691924646	0.939085022314923	0.618675814677783	0.895771475432757	0.999326322136745
Desulfurobacteriaceae	0.559083791163696	0.626055088420748	0.902080189312912	0.704598750507672	0.860252287639903	0.99665145604924
Desulfurococcaceae	0.370842539757664	0.887094907709619	0.781751643805339	0.565483651785167	0.965783379207135	0.990207777930178
Desulfuromonadaceae	0.0579205765548676	0.567330393529088	0.716429882577427	0.192219776425246	0.838842476870803	0.990207777930178
Dictyoglomaceae	0.925986493921306	0.469281811073936	0.867203749396035	0.969913746953626	0.781112539150864	0.990207777930178
Dietziaceae	0.104149587227062	0.773998324577755	0.928670522168188	0.268647533408123	0.907106316702592	0.999326322136745
Dipodascaceae	0.435804181129831	0.496233773580876	0.791026561600664	0.622586074314699	0.796641998649364	0.990207777930178
Dysgonamonadaceae	0.165807894864492	0.00102366243213325	0.00252304610940364	0.352022915250767	0.453341342720104	0.990207777930178
Ectothiorhodospiraceae	0.00463366022897335	0.140666820388142	0.277056074155211	0.0691292012538728	0.723877518692454	0.990207777930178
Eggerthellaceae	0.115403524178947	0.635484855040836	0.899186550670741	0.28312331265235	0.860252287639903	0.99665145604924
Egibacteraceae	0.222418995245209	0.209726338155379	0.296766243842124	0.432307342870969	0.723877518692454	0.990207777930178
Egicoccaceae	0.00556863994309485	0.219571083087564	0.42534383848939	0.074972908502155	0.723877518692454	0.990207777930178
Elusimicrobiaceae	0.850439240002049	0.986929124915082	0.855069344614997	0.91970561658755	0.988720284851407	0.990207777930178
Emcibacteraceae	0.0778523794040931	0.463574279266996	0.539071634074006	0.226181649637155	0.78016159193714	0.990207777930178
Endomicrobiaceae	0.804775251908911	0.181862382306393	0.31849432856673	0.897446341522665	0.723877518692454	0.990207777930178
Endozoicomonadaceae	0.35346556756675	0.13957209179543	0.212212063325071	0.549614065624919	0.723877518692454	0.990207777930178
Enterobacteriaceae	0.10189461580446	0.490012657581464	0.133196859297857	0.267249298054118	0.796641998649364	0.990207777930178
Enterococcaceae	0.287617637999054	0.592492853985938	0.0909436726942431	0.491532310140799	0.838842476870803	0.990207777930178
Entomoplasmataceae	0.305739165345704	0.221772423758854	0.478995472878107	0.506810868681168	0.723877518692454	0.990207777930178
Erwiniaceae	0.278878719147813	0.371732856369287	0.622033074261787	0.488701755459024	0.760114103513063	0.990207777930178
Erysipelotrichaceae	0.0858348115105095	0.430745354048673	0.299667915306764	0.236374944690179	0.767121141717029	0.990207777930178
Erythrobacteraceae	0.0791671622320904	0.321359493393497	0.514572619068898	0.228797243728345	0.748482870688651	0.990207777930178
Eubacteriaceae	0.504859475989355	0.988978535200312	0.842873826589682	0.672813319295109	0.988978535200312	0.990207777930178
Euzebyaceae	0.00011494565636523	0.0529836536166549	0.0341024087366827	0.0294048674285037	0.674294183695628	0.990207777930178
Ferrimonadaceae	0.134443161373206	0.672039331439464	0.767233519335697	0.31389235847974	0.867454780081333	0.990207777930178
Ferroplasmaceae	0.768300505008279	0.5747624093685	0.494384948483986	0.879879416524005	0.838842476870803	0.990207777930178
Fervidicoccaceae	0.532480614837395	0.124802402596044	0.845066564432844	0.688359014965438	0.723877518692454	0.990207777930178
Fervidobacteriaceae	0.451388080697813	0.305232887712076	0.398739609756188	0.633932600123665	0.741975099546269	0.990207777930178
Fibrobacteraceae	0.416877365221681	0.294792907607371	0.499647005861906	0.607167033251631	0.736423689665376	0.990207777930178
Fimbriimonadaceae	0.0410553877339693	0.575189684660789	0.976484990224046	0.158206725589181	0.838842476870803	0.999326322136745
Flammeovirgaceae	0.789695098169628	0.501539218639185	0.71338513079825	0.886065915747217	0.802462749822696	0.990207777930178
Flavobacteriaceae	0.31623694455041	0.168025658143653	0.232964434619686	0.521082965348736	0.723877518692454	0.990207777930178
Francisellaceae	0.581133522339988	0.298283493972652	0.352517095716995	0.720866751307131	0.736423689665376	0.990207777930178
Frankiaceae	0.0806539822064646	0.232013542284924	0.317062996875645	0.230678747036106	0.723877518692454	0.990207777930178
Fusobacteriaceae	0.103123370444796	0.0750136083795663	0.510796549183827	0.267249298054118	0.723877518692454	0.990207777930178
Gallionellaceae	0.0913962968217936	0.371550626602573	0.620091723631901	0.246101248027464	0.760114103513063	0.990207777930178
Gemmataceae	0.0248712199821527	0.495919387991908	0.554157307445349	0.119164225418025	0.796641998649364	0.990207777930178
Gemmatimonadaceae	0.0155825769597841	0.0888522681025431	0.222145122246442	0.105030468895725	0.723877518692454	0.990207777930178
Geobacteraceae	0.0293857723747317	0.181181037083068	0.459480441388695	0.13405740785828	0.723877518692454	0.990207777930178
Geodermatophilaceae	0.00478922572834047	0.0955673952939415	0.297448631830759	0.0695698053169458	0.723877518692454	0.990207777930178
Gloeobacteraceae	0.0353205969158558	0.152247454144309	0.236795770830308	0.146593755620695	0.723877518692454	0.990207777930178
Gloeomargaritaceae	0.0228769739150131	0.254441527275835	0.305696057740266	0.114800814555338	0.723934603915412	0.990207777930178
Glomerellaceae	0.0221646526002525	0.225386611167655	0.409471757619528	0.114286734954093	0.723877518692454	0.990207777930178
Glycomycetaceae	0.000695307818849539	0.012962581124072	0.0157649583864156	0.0319841596670788	0.506069573778546	0.990207777930178
Gomontiellaceae	0.686630008613937	0.43912638921857	0.87651180536514	0.82216868710389	0.767121141717029	0.990207777930178
Gordoniaceae	0.011990306011142	0.129426066338389	0.322483354996909	0.0960622805403465	0.723877518692454	0.990207777930178
Gottschalkiaceae	0.849717968858889	0.88489071642877	0.801641236709521	0.91970561658755	0.965783379207135	0.990207777930178
Granulosicoccaceae	0.850116135363741	0.656301327135165	0.74332459123693	0.91970561658755	0.865596764214213	0.990207777930178
Hafniaceae	0.118099448805933	0.925904737543176	0.633342148128071	0.285924981319626	0.976678885271774	0.990207777930178
Hahellaceae	0.00821150023711278	0.179075850763337	0.217762396183929	0.0839741329668965	0.723877518692454	0.990207777930178
Halanaerobiaceae	0.77519272650341	0.960895438640749	0.975083902591151	0.88228120624718	0.983486807553453	0.999326322136745
Halieaceae	0.0666808531815609	0.260425013176026	0.302323545646431	0.205020637715537	0.723934603915412	0.990207777930178
Haliscomenobacteraceae	0.0677204215014287	0.397267565111965	0.458651324155937	0.205020637715537	0.760114103513063	0.990207777930178
Haloarculaceae	0.00448954687594585	0.0667002665612591	0.220057053297674	0.0691292012538728	0.708142437190944	0.990207777930178
Halobacteriaceae	0.0172058575914985	0.247653737183373	0.282425132675306	0.105030468895725	0.723877518692454	0.990207777930178
Halobacteriovoraceae	0.248475533781595	0.608097571735761	0.74637146048735	0.458383832935154	0.847651160601364	0.990207777930178
Halobacteroidaceae	0.587127836590003	0.300172699591865	0.567329653255846	0.726669430039645	0.736423689665376	0.990207777930178
Haloferacaceae	0.420216309064332	0.43990444909036	0.862528615546703	0.610419480535557	0.767121141717029	0.990207777930178
Halomonadaceae	0.0474292523830597	0.148552171026327	0.266211906715521	0.170006151399019	0.723877518692454	0.990207777930178
Halorubraceae	0.0287883309548573	0.295458147767365	0.604580011709241	0.132440439848387	0.736423689665376	0.990207777930178
Halothiobacillaceae	0.0552242256357074	0.232059034609891	0.204364236450454	0.184750136672185	0.723877518692454	0.990207777930178
Hapalosiphonaceae	0.454911679290145	0.293810668638436	0.0304694017979013	0.633932600123665	0.736423689665376	0.990207777930178
Helicobacteraceae	0.955717884662772	0.58423106067608	0.572516649578232	0.989786627268012	0.838842476870803	0.990207777930178
Heliobacteriaceae	0.0547889752033266	0.0459124306374874	0.131939010633393	0.184750136672185	0.674294183695628	0.990207777930178
Holosporaceae	0.568823569663666	0.392263983228579	0.820035434630701	0.710385996503039	0.760114103513063	0.990207777930178
Hungateiclostridiaceae	0.905287091663845	0.733837271417592	0.615869348988364	0.959152542415437	0.895771475432757	0.990207777930178
Hydrogenophilaceae	0.821269718129743	0.676457709592102	0.439837393292373	0.899615134642238	0.868644310744698	0.990207777930178
Hydrogenothermaceae	0.184546021371534	0.592214628615362	0.637637707504404	0.382967683447695	0.838842476870803	0.990207777930178
Hyellaceae	0.745904094361107	0.607302636168351	0.635806295928747	0.870484270797741	0.847651160601364	0.990207777930178
Hymenobacteraceae	0.0469728232572305	0.257346275591244	0.407642640378356	0.170006151399019	0.723934603915412	0.990207777930178
Hyphomicrobiaceae	0.0483382487574555	0.259892696303797	0.453825250555252	0.172146537510422	0.723934603915412	0.990207777930178
Hyphomonadaceae	0.0467245136524488	0.256925440732733	0.34966894769	0.170006151399019	0.723934603915412	0.990207777930178
Iamiaceae	0.0243823696600748	0.334077760685953	0.538341280987749	0.11806200045931	0.75639471721367	0.990207777930178
Ichthyobacteriaceae	0.259895287306306	0.264833859004661	0.61841235924421	0.47036786423961	0.723934603915412	0.990207777930178
Idiomarinaceae	0.535776923923245	0.940834990158952	0.840228114453465	0.689391286726413	0.978043153611566	0.990207777930178
Ignavibacteriaceae	0.95976548347622	0.597303435750485	0.649183898021191	0.992117128986655	0.838960550977781	0.990207777930178
Ilumatobacteraceae	0.00435661347912346	0.0481270782012814	0.107991017976943	0.0691292012538728	0.674294183695628	0.990207777930178
Immundisolibacteraceae	0.00669229341724484	0.275175949533038	0.607459824287634	0.078598850347216	0.723968135529215	0.990207777930178
Intrasporangiaceae	0.0157333860709653	0.144677379888056	0.302688998837725	0.105030468895725	0.723877518692454	0.990207777930178
Isosphaeraceae	0.011583109687027	0.327231211668356	0.495086931228503	0.0960622805403465	0.749647689981749	0.990207777930178
Jiangellaceae	0.00742970729106129	0.284911570154715	0.532225484652373	0.0836979270339965	0.731493891746058	0.990207777930178
Jonesiaceae	0.130939509895194	0.936939206045893	0.66650522114268	0.310208624301061	0.978043153611566	0.990207777930178
Kangiellaceae	0.45714558942412	0.938584512900091	0.521627568620363	0.633932600123665	0.978043153611566	0.990207777930178
Kineosporiaceae	0.0142515722905063	0.0802054135390135	0.246301290886877	0.102167115641032	0.723877518692454	0.990207777930178
Kiritimatiellaceae	0.0150865950914005	0.168723376046962	0.310248909134249	0.105030468895725	0.723877518692454	0.990207777930178
Kofleriaceae	0.0593788266688413	0.866578430128152	0.945804513449781	0.192806543065885	0.958619826514509	0.999326322136745
Kosmotogaceae	0.988883821477578	0.838937865768158	0.829870786828095	0.999388185701718	0.947021885284301	0.990207777930178
Ktedonosporobacteraceae	0.00964468549758717	0.0560202171081571	0.146921599985765	0.0883856260973065	0.674294183695628	0.990207777930178
Labilitrichaceae	0.311743916159161	0.93983774883884	0.68392689657587	0.515217490179213	0.978043153611566	0.990207777930178
Lachnospiraceae	0.504072036416007	0.956339056116802	0.711437718095815	0.672813319295109	0.983486807553453	0.990207777930178
Lacipirellulaceae	0.00580328931047456	0.362957040647549	0.271061824449284	0.0762718023662371	0.760114103513063	0.990207777930178
Lactobacillaceae	0.0137444859055831	0.346846482042029	0.287639843718038	0.102167115641032	0.758871822779346	0.990207777930178
Legionellaceae	0.684637055020648	0.580354239165888	0.648967289888411	0.821564466024778	0.838842476870803	0.990207777930178
Leptolyngbyaceae	0.773003114888674	0.461897411176617	0.777507979757875	0.881606858302785	0.779716730793556	0.990207777930178
Leptospiraceae	0.434650976327837	0.917749347642972	0.902764000044601	0.622586074314699	0.976678885271774	0.99665145604924
Leptotrichiaceae	0.317723909131739	0.301786805352874	0.3692500856403	0.521974993573571	0.73710759537516	0.990207777930178
Leuconostocaceae	0.187605991867949	0.918870654186058	0.681596800261017	0.386783741091899	0.976678885271774	0.990207777930178
Lichenihabitantaceae	0.113457092306075	0.842495564340312	0.806221632462646	0.279989871534396	0.947164056040432	0.990207777930178
Limnochordaceae	0.0222547645548781	0.145458192986762	0.264346338764473	0.114286734954093	0.723877518692454	0.990207777930178
Listeriaceae	0.281692074391582	0.484824404721732	0.553340579710576	0.48956762799207	0.794158303023475	0.990207777930178
Litoricolaceae	0.129079704713223	0.159891860516597	0.151856580661816	0.307120676731463	0.723877518692454	0.990207777930178
Magnetococcaceae	0.599827439781387	0.9204476495182	0.862871848424028	0.737427052916093	0.976678885271774	0.990207777930178
Malasseziaceae	0.0159781552609596	0.861173480958294	0.408603020744096	0.105030468895725	0.956232043123886	0.990207777930178
Marinifilaceae	0.73612034630445	0.0440100032419992	0.0477383125626205	0.864059373966648	0.674294183695628	0.990207777930178
Marinilabiliaceae	0.794403188428804	0.234506294978313	0.614273600325917	0.888868976114085	0.723877518692454	0.990207777930178
Mariprofundaceae	0.299576860791026	0.201526765402593	0.617277765422477	0.502854169108224	0.723877518692454	0.990207777930178
Melioribacteraceae	0.37689085206008	0.924221533227588	0.97912314727354	0.573123279165741	0.976678885271774	0.999326322136745
Merismopediaceae	0.0180092092506985	0.747746939756067	0.645124347126812	0.105468463067165	0.895771475432757	0.990207777930178
Mesoaciditogaceae	0.942342817186906	0.928906548492176	0.981957863364608	0.98331424402112	0.976678885271774	0.999326322136745
Methanobacteriaceae	0.567831031498253	0.202975260419324	0.515672416788744	0.710385996503039	0.723877518692454	0.990207777930178
Methanocaldococcaceae	0.76760245057462	0.686683796287971	0.947935167938995	0.879879416524005	0.873385842283318	0.999326322136745
Methanocellaceae	0.0419627450402084	0.053111413707316	0.153615779155353	0.158653666179418	0.674294183695628	0.990207777930178
Methanococcaceae	0.732670971270669	0.657038123561151	0.763002024459759	0.862433870915531	0.865596764214213	0.990207777930178
Methanocorpusculaceae	0.277949549296729	0.717474939524559	0.841286788204797	0.488624685387881	0.891995870760263	0.990207777930178
Methanomassiliicoccaceae	0.947409375586707	0.738942143004657	0.526081428312035	0.983473548528847	0.895771475432757	0.990207777930178
Methanomicrobiaceae	0.173327014245178	0.388314512711409	0.758105348930877	0.365177526195949	0.760114103513063	0.990207777930178
Methanopyraceae	0.14710524431908	0.789328937658417	0.155757753987293	0.327363621716798	0.917283312815676	0.990207777930178
Methanoregulaceae	0.220574403601236	0.427052610890213	0.308022653863701	0.431762662368377	0.767121141717029	0.990207777930178
Methanosarcinaceae	0.762103397300621	0.811235527755363	0.735466901145062	0.879879416524005	0.922272299026276	0.990207777930178
Methanospirillaceae	0.66030549995613	0.110874719100767	0.500316064673635	0.797568131238039	0.723877518692454	0.990207777930178
Methanothermaceae	0.358421056915245	0.0645772246152919	0.915224145926558	0.55558173247411	0.708142437190944	0.999326322136745
Methanotrichaceae	0.000192149793494925	0.00705090678670562	0.0178257089232097	0.0294048674285037	0.506069573778546	0.990207777930178
Methylacidiphilaceae	0.105179297279758	0.39521409109744	0.680954076637521	0.270041730690355	0.760114103513063	0.990207777930178
Methylobacteriaceae	0.0116792327330725	0.200872676234556	0.34423034264477	0.0960622805403465	0.723877518692454	0.990207777930178
Methylococcaceae	0.159990892154022	0.772800117091215	0.835427514635596	0.345144016041024	0.907106316702592	0.990207777930178
Methylocystaceae	0.271138151991974	0.441850956342775	0.662997959227807	0.484363300645857	0.767121141717029	0.990207777930178
Methylophilaceae	0.745550224928802	0.875967235965921	0.957335839098095	0.870484270797741	0.9618902292329	0.999326322136745
Microbacteriaceae	0.084145047869487	0.27080005873208	0.445132276746018	0.235073523682805	0.723968135529215	0.990207777930178
Microbulbiferaceae	0.0472567633950356	0.300018583025788	0.324226154646113	0.170006151399019	0.736423689665376	0.990207777930178
Micrococcaceae	0.177161074327201	0.15634784350924	0.138361121782489	0.371836171211464	0.723877518692454	0.990207777930178
Microcoleaceae	0.321427793526459	0.89167304864139	0.963529927628909	0.523386849636003	0.965783379207135	0.999326322136745
Microcystaceae	0.878851289460711	0.637397075443334	0.711935255473559	0.943824731093993	0.860252287639903	0.990207777930178
Micromonosporaceae	0.00836701974620584	0.104542399436733	0.221312750249385	0.0839741329668965	0.723877518692454	0.990207777930178
Moraxellaceae	0.975509890532868	0.876505045840849	0.877876209889304	0.995535906635567	0.9618902292329	0.990207777930178
Morganellaceae	0.821367295554515	0.797620512855703	0.875822550161778	0.899615134642238	0.919178545086321	0.990207777930178
Moritellaceae	0.572173941149486	0.506609376367525	0.500200078840727	0.712671094535687	0.803587286651936	0.990207777930178
Muribaculaceae	0.535717072896633	0.237589232206527	0.322420330414386	0.689391286726413	0.723877518692454	0.990207777930178
Mycobacteriaceae	0.0204964260959949	0.184215672210348	0.379951084096263	0.109791211108448	0.723877518692454	0.990207777930178
Mycoplasmataceae	0.717918877951452	0.422302191930109	0.702740731452128	0.848589337535763	0.767121141717029	0.990207777930178
Mycosphaerellaceae	0.383741655930007	0.672591749773208	0.855510405634227	0.580343545406476	0.867454780081333	0.990207777930178
Myxococcaceae	0.0045601611315397	0.0521744839932275	0.10914776814564	0.0691292012538728	0.674294183695628	0.990207777930178
Nairoviridae	0.900588029468685	0.809420429150606	0.412469396185312	0.956008831282142	0.922272299026276	0.990207777930178
Nakamurellaceae	0.00547163856004407	0.012517627538471	0.0751019058204612	0.074972908502155	0.506069573778546	0.990207777930178
Natranaerobiaceae	0.531326138710158	0.123239893956453	0.208322742287834	0.688359014965438	0.723877518692454	0.990207777930178
Natrialbaceae	0.020130771173302	0.20364590532833	0.453312216982971	0.10894299693787	0.723877518692454	0.990207777930178
Nautiliaceae	0.986551617533141	0.395283790756772	0.650628475206774	0.999222922712466	0.760114103513063	0.990207777930178
Nectriaceae	0.847429574221308	0.910152494065707	0.763670651515155	0.91970561658755	0.976678885271774	0.990207777930178
Neisseriaceae	0.150479456399535	0.326029717113815	0.456697060863479	0.330934900129654	0.749647689981749	0.990207777930178
Nitrosomonadaceae	0.897668399449253	0.963280138623342	0.785984114437469	0.956008831282142	0.983486807553453	0.990207777930178
Nitrosopumilaceae	0.237011154364265	0.130550556247937	0.227956860037618	0.446927105626807	0.723877518692454	0.990207777930178
Nitrososphaeraceae	0.527705026072606	0.760031412054282	0.649551667286544	0.687012203754902	0.898366893905704	0.990207777930178
Nitrospiraceae	0.629070669675469	0.592807005175321	0.939025955578602	0.764861254759601	0.838842476870803	0.999326322136745
Nocardiaceae	0.0166544761131508	0.0795389605289454	0.21702527372975	0.105030468895725	0.723877518692454	0.990207777930178
Nocardioidaceae	0.0183095044851628	0.110038864161088	0.207340274810683	0.105468463067165	0.723877518692454	0.990207777930178
Nocardiopsaceae	0.0175294353774972	0.164153007735697	0.245958714916261	0.105176612264983	0.723877518692454	0.990207777930178
Nostocaceae	0.789091733957514	0.980950823962549	0.962690352659722	0.886065915747217	0.985243862651536	0.999326322136745
Oceanospirillaceae	0.426952057397485	0.548486932501409	0.849242572494114	0.618576209142813	0.837343624481198	0.990207777930178
Odoribacteraceae	0.23933473504527	0.534961340107298	0.924019711015091	0.449363176003365	0.829811310119165	0.999326322136745
Oleiphilaceae	0.839011120384598	0.5225739717903	0.250361074415948	0.915284858601379	0.821825733413804	0.990207777930178
Opitutaceae	0.00449897722509031	0.120863676342242	0.154700816081884	0.0691292012538728	0.723877518692454	0.990207777930178
Orbaceae	0.445129755985621	0.862687604122636	0.992323077440939	0.628418479038524	0.956232043123886	0.999326322136745
Oscillatoriaceae	0.299193500571596	0.547028701629066	0.806815694935611	0.502854169108224	0.837343624481198	0.990207777930178
Oscillospiraceae	0.0125692047989807	0.27542266025568	0.109978916613872	0.0977211415357375	0.723968135529215	0.990207777930178
Oxalobacteraceae	0.074431110575612	0.347556865934765	0.517976630172577	0.219227890049656	0.758871822779346	0.990207777930178
Paenibacillaceae	0.473647773928101	0.489146356277765	0.994374751125296	0.647162304971068	0.796641998649364	0.999326322136745
Paludibacteraceae	0.140660155797033	0.0573355346093717	0.1055191274662	0.319524304526593	0.674294183695628	0.990207777930178
Parachlamydiaceae	0.46168082941853	0.172338659736342	0.166134952993127	0.635792075338671	0.723877518692454	0.990207777930178
Paramyxoviridae	0.871995581436853	0.79682603540218	0.765796400441448	0.938287643183514	0.919178545086321	0.990207777930178
Parvularculaceae	0.000918129182144336	0.317502790736932	0.217678446447996	0.0389851775802826	0.745793789305474	0.990207777930178
Pasteurellaceae	0.485325628719819	0.423385033980159	0.346511513503835	0.658294476266822	0.767121141717029	0.990207777930178
Pectobacteriaceae	0.136379620640649	0.384005505991491	0.570562299796469	0.31457459708909	0.760114103513063	0.990207777930178
Pelagibacteraceae	0.33732522668597	0.356064858876541	0.645650960780018	0.535567810816292	0.758871822779346	0.990207777930178
Peptococcaceae	0.416498781364131	0.471243111970644	0.73742316387853	0.607167033251631	0.781159753176563	0.990207777930178
Peptoniphilaceae	0.54733997633414	0.802118168563958	0.819506684987963	0.694259489946674	0.920518147707495	0.990207777930178
Peptostreptococcaceae	0.5058288541802	0.737296036463993	0.535999772402319	0.672813319295109	0.895771475432757	0.990207777930178
Peribunyaviridae	0.341719907841976	0.232969914562053	0.982420104678245	0.536337047462231	0.723877518692454	0.999326322136745
Petrotogaceae	0.487758044915091	0.612342989902392	0.604924536749144	0.658294476266822	0.851418968327759	0.990207777930178
Phaffomycetaceae	0.461870692410882	0.699292956147102	0.492123483141861	0.635792075338671	0.875305468918821	0.990207777930178
Phenuiviridae	0.285109800603961	0.233326075019208	0.967342909094772	0.48956762799207	0.723877518692454	0.999326322136745
Phycisphaeraceae	0.0189155395718285	0.334348389492999	0.227532219941793	0.105468463067165	0.75639471721367	0.990207777930178
Phyllobacteriaceae	0.0400858317683902	0.251078291349883	0.484423867846505	0.157218062138401	0.723934603915412	0.990207777930178
Pichiaceae	0.637063672791378	0.748229641762276	0.984268172300342	0.772877246990859	0.895771475432757	0.999326322136745
Picrophilaceae	0.305487696142492	0.504969671934831	0.998927664521953	0.506810868681168	0.803294694259443	0.999326322136745
Pirellulaceae	0.596674476724606	0.418989201246322	0.6732669564562	0.735188194535676	0.767121141717029	0.990207777930178
Piscirickettsiaceae	0.444309937299676	0.960046499260058	0.777754024233862	0.628418479038524	0.983486807553453	0.990207777930178
Planctomycetaceae	0.161888106324965	0.473499780950479	0.729776538835414	0.346911868592677	0.782550536181629	0.990207777930178
Planococcaceae	0.395854321344758	0.587064724203755	0.467037665128288	0.588980014507564	0.838842476870803	0.990207777930178
Polyangiaceae	0.0670641080025346	0.692711849804527	0.929985104632153	0.205020637715537	0.873563352759107	0.999326322136745
Porphyromonadaceae	0.429895059452682	0.479038809592966	0.893617053358384	0.619587657487939	0.789341560881544	0.99665145604924
Prevotellaceae	0.133230510849814	0.858969066845609	0.441584215124229	0.312949965911052	0.956232043123886	0.990207777930178
Prochloraceae	0.709206910040926	0.386854455488269	0.553636350776105	0.84343241225355	0.760114103513063	0.990207777930178
Prochlorotrichaceae	0.766097405990377	0.560799486014476	0.997352146961835	0.879879416524005	0.838842476870803	0.999326322136745
Prolixibacteraceae	0.110675517999836	0.0381006306404146	0.106808475359743	0.277694936072315	0.674294183695628	0.990207777930178
Promicromonosporaceae	0.0316546320898281	0.119468336317208	0.173129103448733	0.140185071951427	0.723877518692454	0.990207777930178
Propionibacteriaceae	0.0446177446177251	0.00517998339137217	0.0771259554123869	0.167544183870641	0.506069573778546	0.990207777930178
Pseudanabaenaceae	0.532352736237246	0.496458057129314	0.962652438188955	0.688359014965438	0.796641998649364	0.999326322136745
Pseudoalteromonadaceae	0.230285595482442	0.423443931512719	0.315581540913762	0.44138072467468	0.767121141717029	0.990207777930178
Pseudomonadaceae	0.0409705297991297	0.0897563982978845	0.238788032097382	0.158206725589181	0.723877518692454	0.990207777930178
Pseudonocardiaceae	0.0140855141996979	0.161779225603425	0.306943757440273	0.102167115641032	0.723877518692454	0.990207777930178
Psychromonadaceae	0.466680323884628	0.796210398497984	0.758041710327106	0.64081477309531	0.919178545086321	0.990207777930178
Puniceicoccaceae	0.690507564981912	0.886535009189953	0.522766126983162	0.82501623355065	0.965783379207135	0.990207777930178
Pyriculariaceae	0.263350155170719	0.225358912734164	0.555372952658531	0.475063025013846	0.723877518692454	0.990207777930178
Pyrodictiaceae	0.36174380877889	0.102085028164214	0.237416078092255	0.556218892607096	0.723877518692454	0.990207777930178
Rhabdoviridae	0.457179521275768	0.0521399078828413	0.169979740980735	0.633932600123665	0.674294183695628	0.990207777930178
Rhizobiaceae	0.08607131138175	0.388333970783171	0.672199698030093	0.236374944690179	0.760114103513063	0.990207777930178
Rhodanobacteraceae	0.0196654443763657	0.439968123886733	0.638283869658709	0.107478468274791	0.767121141717029	0.990207777930178
Rhodobacteraceae	0.0287913999670407	0.165644249446467	0.348131463239398	0.132440439848387	0.723877518692454	0.990207777930178
Rhodobiaceae	0.128133963590354	0.753130516534741	0.784761926235208	0.30619025065747	0.895771475432757	0.990207777930178
Rhodocyclaceae	0.00116087511360194	0.0568768187334586	0.0577968155897792	0.0457716473363051	0.674294183695628	0.990207777930178
Rhodospirillaceae	0.00828072743916095	0.134291808044891	0.281970069804556	0.0839741329668965	0.723877518692454	0.990207777930178
Rhodothermaceae	0.0098273875844738	0.141319595211213	0.287800254724222	0.0883856260973065	0.723877518692454	0.990207777930178
Rickettsiaceae	0.997577699858056	0.535168163772505	0.779844135167559	0.999388185701718	0.829811310119165	0.990207777930178
Rikenellaceae	0.17827508187935	0.228380515047085	0.78365070820682	0.372756989384096	0.723877518692454	0.990207777930178
Rivulariaceae	0.764029230696252	0.66997256808622	0.983665107130131	0.879879416524005	0.867454780081333	0.999326322136745
Roseiflexaceae	0.0196480865400242	0.247849367813177	0.49015299483466	0.107478468274791	0.723877518692454	0.990207777930178
Ruaniaceae	0.00460281237093446	0.044837772341934	0.142392835029431	0.0691292012538728	0.674294183695628	0.990207777930178
Rubrobacteraceae	0.0139183430460685	0.200509935738282	0.300196803629904	0.102167115641032	0.723877518692454	0.990207777930178
Ruminococcaceae	0.0322527248873754	0.131368723671535	0.605296990600039	0.140185071951427	0.723877518692454	0.990207777930178
Saccharomycetaceae	0.216168541435257	0.214161104161645	0.247243238423981	0.425765772269589	0.723877518692454	0.990207777930178
Saccharospirillaceae	0.301597389699494	0.186980780384614	0.357697814362624	0.504490179133699	0.723877518692454	0.990207777930178
Salinisphaeraceae	0.00851911493867066	0.23218612805244	0.468177067591061	0.0839741329668965	0.723877518692454	0.990207777930178
Salinivirgaceae	0.283144417734075	0.343475491840998	0.56856249353687	0.48956762799207	0.758871822779346	0.990207777930178
Sandaracinaceae	0.0120573279369913	0.0505304612412267	0.0426786337944412	0.0960622805403465	0.674294183695628	0.990207777930178
Sanguibacteraceae	0.0102319463910432	0.0179795328400621	0.0330652703347661	0.0883856260973065	0.534609936856818	0.990207777930178
Saprospiraceae	0.386187422497337	0.592817803389856	0.58828907324769	0.582446604422214	0.838842476870803	0.990207777930178
Schizosaccharomycetaceae	0.234407129385965	0.616585614144193	0.64220695959772	0.446181846279491	0.855163967355765	0.990207777930178
Sclerotiniaceae	0.887682601088382	0.228298636754548	0.223031092892937	0.950549519810258	0.723877518692454	0.990207777930178
Scytonemataceae	0.965254587721454	0.692131518046409	0.816498299076265	0.992870357643901	0.873563352759107	0.990207777930178
Sedimentisphaeraceae	0.276305805066405	0.386168858572915	0.798655030846039	0.487286915005289	0.760114103513063	0.990207777930178
Segniliparaceae	0.0188677739298586	0.0426816098883906	0.0706723944206321	0.105468463067165	0.674294183695628	0.990207777930178
Selenomonadaceae	0.264330433118667	0.484839398766143	0.992954830082059	0.475278172903922	0.794158303023475	0.999326322136745
Shewanellaceae	0.675877347549144	0.652094271577519	0.829991369602841	0.812819816660408	0.865278937285554	0.990207777930178
Silvanigrellaceae	0.394567609065488	0.0710785286264829	0.32109646771875	0.588980014507564	0.723877518692454	0.990207777930178
Simkaniaceae	0.193750305038097	0.981674138511494	0.640850798540057	0.394650067826678	0.985243862651536	0.990207777930178
Sinobacteraceae	0.0348259390560504	0.636528945391019	0.727547016741391	0.145635745143484	0.860252287639903	0.990207777930178
Solibacteraceae	0.39294900389545	0.374723715029555	0.967820069861657	0.588980014507564	0.760114103513063	0.999326322136745
Sordariaceae	0.134769001738584	0.964496787355026	0.378572752888308	0.31389235847974	0.983486807553453	0.990207777930178
Sphaerobacteraceae	0.00274433951650086	0.271806076268901	0.397156423693661	0.0632856268521935	0.723968135529215	0.990207777930178
Sphingobacteriaceae	0.436156200423617	0.252117772999677	0.259612079010388	0.622586074314699	0.723934603915412	0.990207777930178
Sphingomonadaceae	0.0184223484546009	0.240218770190024	0.424148702162898	0.105468463067165	0.723877518692454	0.990207777930178
Spirochaetaceae	0.401168679840128	0.67708098230773	0.884370352390539	0.593686625393433	0.868644310744698	0.990207777930178
Spiroplasmataceae	0.33721693215363	0.309169653578242	0.640865843975691	0.535567810816292	0.742007168587782	0.990207777930178
Spongiibacteraceae	0.994746376041226	0.909807384876414	0.923819554827002	0.999388185701718	0.976678885271774	0.999326322136745
Sporichthyaceae	0.00461288002160279	0.569069370808241	0.719758957120634	0.0691292012538728	0.838842476870803	0.990207777930178
Sporolactobacillaceae	0.752399901410373	0.924354488501907	0.661156133357404	0.874367885428475	0.976678885271774	0.990207777930178
Sporomusaceae	0.969487541250113	0.634973166439352	0.914443285239089	0.992870357643901	0.860252287639903	0.999326322136745
Staphylococcaceae	0.341625922021305	0.343630257255738	0.608561942665321	0.536337047462231	0.758871822779346	0.990207777930178
Steroidobacteraceae	0.0859146173822805	0.97388737679035	0.627713824730325	0.236374944690179	0.985243862651536	0.990207777930178
Sterolibacteriaceae	0.00640675976811243	0.0659963647976118	0.164392512877448	0.0785895864888458	0.708142437190944	0.990207777930178
Streptococcaceae	0.561938124624663	0.441928483815245	0.616625269856723	0.706582789960852	0.767121141717029	0.990207777930178
Streptomycetaceae	0.0128428313807396	0.14945905602561	0.298642578378967	0.0984617072523367	0.723877518692454	0.990207777930178
Streptosporangiaceae	0.00277910569454187	0.0667090701701614	0.162484523021859	0.0632856268521935	0.708142437190944	0.990207777930178
Succinivibrionaceae	0.915140721032875	0.665657745873049	0.550381009216947	0.965020620747526	0.867454780081333	0.990207777930178
Sulfolobaceae	0.282897364959902	0.850856490775003	0.835521357400988	0.48956762799207	0.95268312963043	0.990207777930178
Sutterellaceae	0.0417185869688399	0.576722994344847	0.51517436367348	0.158653666179418	0.838842476870803	0.990207777930178
Symbiobacteriaceae	0.00512759654710643	0.0961701665950411	0.201484638257553	0.0725752126667371	0.723877518692454	0.990207777930178
Synechococcaceae	0.0843198508862235	0.166851639971657	0.458381378254524	0.235073523682805	0.723877518692454	0.990207777930178
Synergistaceae	0.071023826687882	0.873473206640934	0.706677345006426	0.211919742333572	0.9618902292329	0.990207777930178
Syntrophaceae	0.226087609189173	0.921008403772876	0.839712854752278	0.43508547573629	0.976678885271774	0.990207777930178
Syntrophobacteraceae	0.0581534468532899	0.955358173704202	0.845953487492706	0.192219776425246	0.983486807553453	0.990207777930178
Syntrophomonadaceae	0.968681921181378	0.96435807352368	0.792567028465472	0.992870357643901	0.983486807553453	0.990207777930178
Tannerellaceae	0.154886670641958	0.1513987087309	0.9679990891789	0.337934554127908	0.723877518692454	0.999326322136745
Tepidiformaceae	0.000579557523474842	0.0135986795418008	0.0900199800649606	0.0294048674285037	0.506069573778546	0.990207777930178
Thermaceae	0.0186457946371815	0.278650786383855	0.436061722750352	0.105468463067165	0.72554355699947	0.990207777930178
Thermoactinomycetaceae	0.100696099741479	0.383365235515335	0.85716588322134	0.265953335202376	0.760114103513063	0.990207777930178
Thermoanaerobacteraceae	0.710500129887501	0.729188896752261	0.978375067724868	0.84343241225355	0.895771475432757	0.999326322136745
Thermoanaerobacterales Family III. Incertae Sedis	0.610426020758105	0.698665365182296	0.674264900853152	0.747866190258496	0.875305468918821	0.990207777930178
Thermoanaerobacterales Family IV. Incertae Sedis	0.546263924830214	0.461095510709242	0.743501725575846	0.694259489946674	0.779716730793556	0.990207777930178
Thermococcaceae	0.414177642041472	0.777532942805682	0.499498663954553	0.607167033251631	0.909318187349018	0.990207777930178
Thermodesulfobacteriaceae	0.828162296664935	0.570986434551702	0.688727535779729	0.905238787641672	0.838842476870803	0.990207777930178
Thermodesulfobiaceae	0.242408760492326	0.594459732149533	0.713655941418644	0.452059580377581	0.838842476870803	0.990207777930178
Thermofilaceae	0.237227612225823	0.635668988530174	0.851892959839985	0.446927105626807	0.860252287639903	0.990207777930178
Thermoguttaceae	0.212987806968112	0.553085025716292	0.596811570789787	0.422270415064774	0.837343624481198	0.990207777930178
Thermomicrobiaceae	0.0984436184982182	0.756212875999392	0.738200951689608	0.261254218322194	0.895771475432757	0.990207777930178
Thermomonosporaceae	0.000582263429706991	0.0063902585916031	0.0254961047748624	0.0294048674285037	0.506069573778546	0.990207777930178
Thermoplasmataceae	0.522078812419356	0.69231546173305	0.567538435484183	0.684530889442957	0.873563352759107	0.990207777930178
Thermoproteaceae	0.302550820757797	0.660973236164959	0.50245440401677	0.504556051535661	0.867454780081333	0.990207777930178
Thermotogaceae	0.983353974548744	0.921939336143589	0.872194281474611	0.999000942520364	0.976678885271774	0.990207777930178
Thioalkalibacteraceae	0.0216689404517164	0.0960333006137382	0.231357684986585	0.113916715517595	0.723877518692454	0.990207777930178
Thioalkalispiraceae	0.106605350838398	0.278416286955818	0.348408432054406	0.271180431625786	0.72554355699947	0.990207777930178
Thiobacillaceae	0.0500814124131649	0.44772533052074	0.669871393840114	0.176082418166032	0.772326195148276	0.990207777930178
Thiotrichaceae	0.255743814767762	0.744061546644859	0.956807491711715	0.465909523933349	0.895771475432757	0.999326322136745
Tissierellaceae	0.526429010954867	0.636677326125434	0.662636744302029	0.686971191600677	0.860252287639903	0.990207777930178
Tolypothrichaceae	0.285581116328708	0.84940934140875	0.602819635173532	0.48956762799207	0.95268312963043	0.990207777930178
Tospoviridae	0.489785307354569	0.298952972680101	0.264751114648451	0.659418267462737	0.736423689665376	0.990207777930178
Trichocomaceae	0.319719181045679	0.373601941740099	0.702101924453508	0.522144934725488	0.760114103513063	0.990207777930178
Trichomonascaceae	0.162772054285332	0.27323052882215	0.619433002727472	0.346911868592677	0.723968135529215	0.990207777930178
Trueperaceae	0.0955629212828269	0.469799570648708	0.553256012466009	0.256071517223886	0.781112539150864	0.990207777930178
Tsukamurellaceae	0.0258776406973442	0.239312273594788	0.392879810831177	0.122089381751573	0.723877518692454	0.990207777930178
Unclassified Acidobacteria Phylum	0.141880141837463	0.333655203644984	0.502239225014614	0.320974747107704	0.75639471721367	0.990207777930178
Unclassified Acidobacteriia Class	0.543355189487759	0.804879295430981	0.572502131256613	0.694259489946674	0.921770479414733	0.990207777930178
Unclassified Actinobacteria Class	0.191369569372742	0.262138422301733	0.497145667616735	0.392056881510794	0.723934603915412	0.990207777930178
Unclassified Actinobacteria Phylum	0.182819223793117	0.516664914046022	0.957695218990515	0.380815892580379	0.814854378724011	0.999326322136745
Unclassified Alphaproteobacteria Class	0.0279286599051082	0.355371857354742	0.52386620889747	0.130649324301862	0.758871822779346	0.990207777930178
Unclassified Alteromonadales Order	0.194898421165119	0.671555522117403	0.919155146662545	0.395529148835094	0.867454780081333	0.999326322136745
Unclassified Aquificales Order	0.0333032646495314	0.580779387993177	0.973748348160746	0.142506992918925	0.838842476870803	0.999326322136745
Unclassified Armatimonadetes Phylum	0.0388754194793196	0.144205153090218	0.212200078319121	0.155501677917278	0.723877518692454	0.990207777930178
Unclassified Ascomycota Phylum	0.108137532830468	0.0197792628483431	0.127654533815007	0.272657650136287	0.534609936856818	0.990207777930178
Unclassified Bacillales Order	0.259365580149033	0.693153529906682	0.692981903909	0.47036786423961	0.873563352759107	0.990207777930178
Unclassified Bacilli Class	0.272437437682244	0.452726313434347	0.591666365442176	0.485114405163222	0.775008259433958	0.990207777930178
Unclassified Bacteriovoracales Order	0.21283515609768	0.67980859101759	0.600268662580137	0.422270415064774	0.868644310744698	0.990207777930178
Unclassified Bacteroidales Order	0.111189220997711	0.307812133688579	0.615428987241252	0.277721493170753	0.741975099546269	0.990207777930178
Unclassified Bacteroidetes Phylum	0.22617692834578	0.222097757954033	0.435962953354129	0.43508547573629	0.723877518692454	0.990207777930178
Unclassified Bacteroidia Class	0.780766642569177	0.0139723538117867	0.0816972897277728	0.884975742706747	0.506069573778546	0.990207777930178
Unclassified Balneolaeota Phylum	0.0638932841542073	0.417185374120711	0.631341002187522	0.203867588746373	0.767121141717029	0.990207777930178
Unclassified Basidiomycota Phylum	0.332028371709589	0.634183036128396	0.515803721326659	0.533894820615257	0.860252287639903	0.990207777930178
Unclassified Betaproteobacteria Class	0.117184290113185	0.375813761697877	0.674287485106914	0.284959154812678	0.760114103513063	0.990207777930178
Unclassified Blastocatellia Class	0.0585713632543714	0.755583896362527	0.901984820200292	0.192448764978649	0.895771475432757	0.99665145604924
Unclassified Bradymonadales Order	0.0371317814279011	0.424643953434226	0.713599442991935	0.15071134814854	0.767121141717029	0.990207777930178
Unclassified Burkholderiales Order	0.0102476088228761	0.190483557768842	0.281229631944269	0.0883856260973065	0.723877518692454	0.990207777930178
Unclassified Campylobacterales Order	0.616947944765252	0.782135408379187	0.654021209892495	0.75177762805832	0.912766903647593	0.990207777930178
Unclassified Candidatus Bipolaricaulota Phylum	0.00660486796929119	0.185956128804644	0.294915706615025	0.078598850347216	0.723877518692454	0.990207777930178
Unclassified Candidatus Cloacimonetes Phylum	0.817227298047521	0.726365359192162	0.99427846254211	0.899615134642238	0.895771475432757	0.999326322136745
Unclassified Candidatus Gracilibacteria Phylum	0.332717062122551	0.402295855026127	0.622809135476833	0.533894820615257	0.763117910565025	0.990207777930178
Unclassified Candidatus Korarchaeota Phylum	0.984522667991083	0.238672354451411	0.0912991558678215	0.999000942520364	0.723877518692454	0.990207777930178
Unclassified Candidatus Micrarchaeota Phylum	0.187786309080849	0.453492151806464	0.125937798459681	0.386783741091899	0.775008259433958	0.990207777930178
Unclassified Candidatus Saccharibacteria Phylum	0.235653327396391	0.143129288449425	0.0687068984789069	0.446927105626807	0.723877518692454	0.990207777930178
Unclassified Cellvibrionales Order	0.108173959021462	0.406094220516243	0.550940375572115	0.272657650136287	0.766884919766427	0.990207777930178
Unclassified Chlamydiia Class	0.33163239420848	0.532969967934752	0.883084912128625	0.533894820615257	0.829811310119165	0.990207777930178
Unclassified Chloroflexi Phylum	0.319651049940674	0.750212769323093	0.836701094313889	0.522144934725488	0.895771475432757	0.990207777930178
Unclassified Chromatiales Order	0.000350156804406829	0.0271365049089699	0.0754405096300387	0.0294048674285037	0.663115395338064	0.990207777930178
Unclassified Chroococcales Order	0.0895724359861909	0.341036347569193	0.275556475690749	0.242372473844987	0.758871822779346	0.990207777930178
Unclassified Clostridia Class	0.713509890421943	0.753608001295294	0.994487433891984	0.845187681358181	0.895771475432757	0.999326322136745
Unclassified Clostridiales Order	0.4006861211689	0.966200483270046	0.722848004929201	0.593686625393433	0.983486807553453	0.990207777930178
Unclassified Coriobacteriales Order	0.112841828755576	0.382146958615943	0.653729367934295	0.279989871534396	0.760114103513063	0.990207777930178
Unclassified Coriobacteriia Class	0.0366075675185302	0.59569972995173	0.868397494747454	0.149684276075768	0.838842476870803	0.990207777930178
Unclassified Corynebacteriales Order	0.299708372530083	0.1755194552066	0.251071761474901	0.502854169108224	0.723877518692454	0.990207777930178
Unclassified Cyanobacteria Phylum	0.795473322826735	0.327291835662321	0.499937716494273	0.888868976114085	0.749647689981749	0.990207777930178
Unclassified Cytophagales Order	0.691997311836868	0.956649505686413	0.732665098284899	0.82501623355065	0.983486807553453	0.990207777930178
Unclassified Dehalococcoidia Class	0.0250417575153821	0.433595258538471	0.75157766196835	0.119164225418025	0.767121141717029	0.990207777930178
Unclassified Deinococcales Order	0.0340080350581457	0.627147852366343	0.326516347795013	0.14440334886228	0.860252287639903	0.990207777930178
Unclassified Deinococci Class	0.0666146447544823	0.45547996934546	0.188029200034083	0.205020637715537	0.776002910736709	0.990207777930178
Unclassified Deltaproteobacteria Class	0.00283322480453787	0.152858657676643	0.100695856651072	0.0632856268521935	0.723877518692454	0.990207777930178
Unclassified Desulfobacterales Order	0.265337874424511	0.242025198985966	0.517733483289197	0.475540606111461	0.723877518692454	0.990207777930178
Unclassified Desulfovibrionales Order	0.0241999316208741	0.43971936556995	0.354732415619887	0.11806200045931	0.767121141717029	0.990207777930178
Unclassified Desulfuromonadales Order	0.0450044656625562	0.934836051100605	0.768177902117332	0.167854493552237	0.978043153611566	0.990207777930178
Unclassified Elusimicrobia Phylum	0.226212919449846	0.842341133867211	0.440539454857904	0.43508547573629	0.947164056040432	0.990207777930178
Unclassified Enterobacterales Order	0.102834204662271	0.135935005790387	0.0213785039460183	0.267249298054118	0.723877518692454	0.990207777930178
Unclassified Entomoplasmatales Order	0.360730336569577	0.436361094376727	0.994766702258695	0.556209904431303	0.767121141717029	0.999326322136745
Unclassified Epsilonproteobacteria Class	0.517811998010507	0.103651761619799	0.0921842934914269	0.680560049960629	0.723877518692454	0.990207777930178
Unclassified Euryarchaeota Phylum	0.082712804086579	0.267999701431321	0.241674488753055	0.235073523682805	0.723968135529215	0.990207777930178
Unclassified Firmicutes Phylum	0.16269569401263	0.407559215477391	0.276892842118215	0.346911868592677	0.766884919766427	0.990207777930178
Unclassified Flavobacteriales Order	0.327768756798233	0.014413354665005	0.0638100287917471	0.532142216919485	0.506069573778546	0.990207777930178
Unclassified Frankiales Order	0.0225674893297032	0.246654772910857	0.152747633090793	0.114286734954093	0.723877518692454	0.990207777930178
Unclassified Fusobacteriales Order	0.737268052786759	0.205178602038592	0.800424467636834	0.864059373966648	0.723877518692454	0.990207777930178
Unclassified Gammaproteobacteria Class	0.132350445316399	0.206284410368709	0.305445464990179	0.312211306900224	0.723877518692454	0.990207777930178
Unclassified Halanaerobiales Order	0.777914891067749	0.696657855026033	0.637603116081745	0.883557654052258	0.875305468918821	0.990207777930178
Unclassified Halobacteria Class	0.00183159489365621	0.192603626394966	0.233792906725978	0.0594729636057782	0.723877518692454	0.990207777930178
Unclassified Halobacteriales Order	0.138658715254524	0.671482735142818	0.647018491219032	0.316279383555774	0.867454780081333	0.990207777930178
Unclassified Haloferacales Order	0.000374788560473141	0.0963793662449615	0.0328341576614024	0.0294048674285037	0.723877518692454	0.990207777930178
Unclassified Ignavibacteriales Order	0.440672024578507	0.928568676199841	0.649634570430598	0.626579291911578	0.976678885271774	0.990207777930178
Unclassified Kiritimatiellaeota Phylum	0.00287190127576	0.00220412109759357	0.00598090744244694	0.0632856268521935	0.453341342720104	0.990207777930178
Unclassified Lactobacillales Order	0.00944798011118461	0.153537251282589	0.335629650555344	0.0883856260973065	0.723877518692454	0.990207777930178
Unclassified Legionellales Order	0.789547119893739	0.37535154679567	0.956573331307113	0.886065915747217	0.760114103513063	0.999326322136745
Unclassified Marinilabiliales Order	0.548364379740489	0.0844742769387151	0.512447882663858	0.694259489946674	0.723877518692454	0.990207777930178
Unclassified Methanococcales Order	0.999736557700102	0.397958289701585	0.19682355510558	0.999736557700102	0.760114103513063	0.990207777930178
Unclassified Methanomassiliicoccales Order	0.415396398295154	0.640820791468552	0.901579620270684	0.607167033251631	0.860975512375953	0.99665145604924
Unclassified Methanomicrobia Class	0.0883503821225841	0.269798476007687	0.789321942647699	0.241432727384487	0.723968135529215	0.990207777930178
Unclassified Methanomicrobiales Order	0.0590579051157432	0.264918097809626	0.546817949090909	0.192806543065885	0.723934603915412	0.990207777930178
Unclassified Micrococcales Order	0.074664571248796	0.185344340451093	0.473265966731973	0.219227890049656	0.723877518692454	0.990207777930178
Unclassified Mollicutes Class	0.817947522885754	0.578427395425612	0.758700481175399	0.899615134642238	0.838842476870803	0.990207777930178
Unclassified Myxococcales Order	0.00146259949294631	0.0768618600624826	0.0993688171077845	0.0538236613404242	0.723877518692454	0.990207777930178
Unclassified Negativicutes Class	0.121022312584956	0.935170217708445	0.724177091861632	0.291721906318322	0.978043153611566	0.990207777930178
Unclassified Neisseriales Order	0.0542536171644672	0.153347829579834	0.0460489895709609	0.184750136672185	0.723877518692454	0.990207777930178
Unclassified Nitriliruptoria Class	0.756862628213488	0.715996371626889	0.567294988740773	0.877706241121524	0.891995870760263	0.990207777930178
Unclassified Nitrosomonadales Order	0.498208085700023	0.545610060691035	0.869977058873977	0.669126188093461	0.837343624481198	0.990207777930178
Unclassified Nostocales Order	0.947840448944469	0.401761674916656	0.829826377345403	0.983473548528847	0.763117910565025	0.990207777930178
Unclassified Oceanospirillales Order	0.231224445182185	0.373710185682819	0.102372627063629	0.441646691143827	0.760114103513063	0.990207777930178
Unclassified Opitutae Class	0.0206853006436206	0.413436819607903	0.202547609455549	0.109791211108448	0.767121141717029	0.990207777930178
Unclassified Oscillatoriales Order	0.817029006676689	0.197801591933571	0.345293649969342	0.899615134642238	0.723877518692454	0.990207777930178
Unclassified Parachlamydiales Order	0.345870227148732	0.00754934839944302	0.0164567199248768	0.539984636185096	0.506069573778546	0.990207777930178
Unclassified Phycisphaerae Class	0.00163633018507411	0.145572934608355	0.607931734625729	0.0564533913850567	0.723877518692454	0.990207777930178
Unclassified Planctomycetales Order	0.0160461515670505	0.337452493328899	0.448322187581715	0.105030468895725	0.758871822779346	0.990207777930178
Unclassified Planctomycetes Phylum	0.127727556265853	0.416101072279935	0.654187235248801	0.30619025065747	0.767121141717029	0.990207777930178
Unclassified Planctomycetia Class	0.0238859285282751	0.0903087574709441	0.247584393638328	0.117723504889356	0.723877518692454	0.990207777930178
Unclassified Propionibacteriales Order	0.0077560978430589	0.0574127294088669	0.371227980133431	0.0839741329668965	0.674294183695628	0.990207777930178
Unclassified Proteobacteria Phylum	0.0321682357306953	0.269312906297856	0.40324567711208	0.140185071951427	0.723968135529215	0.990207777930178
Unclassified Pseudomonadales Order	0.157699813716122	0.874704137905141	0.680747250803092	0.342717705398816	0.9618902292329	0.990207777930178
Unclassified Rhizobiales Order	0.036138894100927	0.447344742084962	0.538399430754382	0.148870668236654	0.772326195148276	0.990207777930178
Unclassified Rhodobacterales Order	0.0841173972697711	0.860005492382054	0.796248441236318	0.235073523682805	0.956232043123886	0.990207777930178
Unclassified Rhodocyclales Order	0.00344014071298473	0.210948544705416	0.579216646536493	0.0691292012538728	0.723877518692454	0.990207777930178
Unclassified Rhodospirillales Order	0.0169861860231255	0.312507199374122	0.488447109319467	0.105030468895725	0.743551612303945	0.990207777930178
Unclassified Rickettsiales Order	0.144426481986123	0.415760468729111	0.816030861429648	0.325401706352408	0.767121141717029	0.990207777930178
Unclassified Saccharomycetales Order	0.454542341604547	0.00246381164521796	0.0452436368763414	0.633932600123665	0.453341342720104	0.990207777930178
Unclassified Sedimentisphaerales Order	0.457181279913538	0.35415523000535	0.700519893210797	0.633932600123665	0.758871822779346	0.990207777930178
Unclassified Selenomonadales Order	0.337640576384184	0.493736300674354	0.770337201462693	0.535567810816292	0.796641998649364	0.990207777930178
Unclassified Silvanigrellales Order	0.285571518499232	0.801214853059195	0.615952365466128	0.48956762799207	0.920518147707495	0.990207777930178
Unclassified Sordariales Order	0.253202576518192	0.24769537793585	0.137020469720203	0.462807358404113	0.723877518692454	0.990207777930178
Unclassified Sordariomycetes Class	0.537890834783487	0.817211594409617	0.429007596436595	0.689517641893547	0.926285010501249	0.990207777930178
Unclassified Spartobacteria Class	0.370101078871799	0.181198856480642	0.879162703703714	0.565483651785167	0.723877518692454	0.990207777930178
Unclassified Sphingomonadales Order	0.079934569829024	0.422262692639484	0.688140164111731	0.229811888258444	0.767121141717029	0.990207777930178
Unclassified Spirochaetales Order	0.924085076546223	0.545127512921467	0.952455486825935	0.969762285653071	0.837343624481198	0.999326322136745
Unclassified Spirochaetia Class	0.0637252743038194	0.0354062778747282	0.00599071719638354	0.203867588746373	0.674294183695628	0.990207777930178
Unclassified Streptosporangiales Order	0.337496562147138	0.283736592862699	0.451988808918219	0.535567810816292	0.731493891746058	0.990207777930178
Unclassified Synechococcales Order	0.0549678434335775	0.566480251875816	0.531523876425106	0.184750136672185	0.838842476870803	0.990207777930178
Unclassified Tenericutes Phylum	0.538373376188621	0.645195647609669	0.738077645127307	0.689517641893547	0.860975512375953	0.990207777930178
Unclassified Thaumarchaeota Phylum	0.652737173330681	0.584315902356821	0.747893969580054	0.790155525610824	0.838842476870803	0.990207777930178
Unclassified Thermoanaerobacterales Order	0.359316446545756	0.354651676179901	0.749407009119164	0.55558173247411	0.758871822779346	0.990207777930178
Unclassified Thermomicrobia Class	0.992783432439817	0.55624161954596	0.354932154793928	0.999388185701718	0.837343624481198	0.990207777930178
Unclassified Thermoplasmata Class	0.113619078303813	0.343723434538271	0.860968058101581	0.279989871534396	0.758871822779346	0.990207777930178
Unclassified Thermoplasmatales Order	0.000554810305272984	0.0504759297500178	0.0938694542468807	0.0294048674285037	0.674294183695628	0.990207777930178
Unclassified Thermotogae Class	0.471883201871493	0.375705001257398	0.82722984109238	0.646351184697429	0.760114103513063	0.990207777930178
Unclassified Thermotogales Order	0.732756314238015	0.289532038090955	0.721949625842137	0.862433870915531	0.736423689665376	0.990207777930178
Unclassified Tissierellales Order	0.918025487971877	0.568359001654398	0.681233571048374	0.965238227353288	0.838842476870803	0.990207777930178
Unclassified Tissierellia Class	0.34629449494479	0.883587487375121	0.410028656417343	0.539984636185096	0.965783379207135	0.990207777930178
Unclassified Verrucomicrobia Phylum	0.0101324916166159	0.556712156131521	0.4217161752132	0.0883856260973065	0.837343624481198	0.990207777930178
Unclassified Verrucomicrobiales Order	0.296100284058695	0.207316466875567	0.786447205824602	0.501372260123925	0.723877518692454	0.990207777930178
Unclassified Victivallales Order	0.00993463238664641	0.027629808139086	0.0527358490957495	0.0883856260973065	0.663115395338064	0.990207777930178
Unclassified Xanthomonadales Order	0.0173148055607083	0.466568875625514	0.44905251957881	0.105030468895725	0.780450786242755	0.990207777930178
Unclassified candidate division Zixibacteria Phylum	0.137925479315018	0.528957102097817	0.679761040077676	0.315912301169667	0.829500910107941	0.990207777930178
Unikaryonidae	0.191766952912888	0.0487691383789205	0.445092893907491	0.392056881510794	0.674294183695628	0.990207777930178
Ustilaginaceae	0.209172917961869	0.764499920255234	0.48885044141421	0.421583582191409	0.900858575617656	0.990207777930178
Vallitaleaceae	0.216739460158976	0.408449576832119	0.503745503827434	0.425765772269589	0.766884919766427	0.990207777930178
Veillonellaceae	0.328919390522466	0.503375008833752	0.362876111834769	0.532444291989447	0.803072268428414	0.990207777930178
Verrucomicrobiaceae	0.0069280412859823	0.728135617331207	0.882390138091114	0.0796724747887964	0.895771475432757	0.990207777930178
Vibrionaceae	0.899557976808966	0.925434360106959	0.675754025763964	0.956008831282142	0.976678885271774	0.990207777930178
Vicinamibacteraceae	0.00452460295245451	0.0148071596086304	0.0737530726945096	0.0691292012538728	0.506069573778546	0.990207777930178
Vulgatibacteraceae	0.0319681293465923	0.0312879307305177	0.0814180169719276	0.140185071951427	0.674294183695628	0.990207777930178
Waddliaceae	0.766893799934068	0.208838173575706	0.0342558241733499	0.879879416524005	0.723877518692454	0.990207777930178
Wenzhouxiangellaceae	0.000333642283443822	0.0656721821504178	0.105525902171325	0.0294048674285037	0.708142437190944	0.990207777930178
Woeseiaceae	0.244005949939322	0.146666319373379	0.123521627771321	0.453506007968034	0.723877518692454	0.990207777930178
Xanthobacteraceae	0.00617571622707551	0.434808315761225	0.584762671600168	0.0784313714430083	0.767121141717029	0.990207777930178
Xanthomonadaceae	0.0519432847195703	0.202248382602565	0.39529398454154	0.181416788199467	0.723877518692454	0.990207777930178
Yersiniaceae	0.0679687983730857	0.18309904049688	0.267329506834684	0.205020637715537	0.723877518692454	0.990207777930178
Zoogloeaceae	0.0299634056892236	0.239342832795365	0.392471988548216	0.135376908786787	0.723877518692454	0.990207777930178
