p-variable	p-treatment	p-interaction	adjusted.p-variable	adjusted.p-treatment	adjusted.p-interaction
Acaryochloridaceae	0.341025539973054	0.393201197600942	0.213654766777234	0.626504789884975	0.979118303579392	0.999579445565385
Acetobacteraceae	0.109181140962338	0.333923611769924	0.762295306041642	0.447563855140652	0.979118303579392	0.999579445565385
Acholeplasmataceae	0.3968990700783	0.899790265897369	0.695194224371014	0.665357500948542	0.979253267064598	0.999579445565385
Acidaminococcaceae	0.00477207601578417	0.60127340386046	0.225265235109579	0.437464095542375	0.979118303579392	0.999579445565385
Acidiferrobacteraceae	0.0699438949592284	0.845633543457059	0.690450614903725	0.447563855140652	0.979118303579392	0.999579445565385
Acidilobaceae	0.191920612698838	0.266155068119146	0.842224128689595	0.515110927749076	0.979118303579392	0.999579445565385
Acidimicrobiaceae	0.823516461697212	0.385412488045578	0.402285565992798	0.905540013659085	0.979118303579392	0.999579445565385
Acidithiobacillaceae	0.353253418453687	0.443429843867506	0.732201285668767	0.632840162352868	0.979118303579392	0.999579445565385
Acidobacteriaceae	0.10514458685754	0.561518775811521	0.911055650301862	0.447563855140652	0.979118303579392	0.999579445565385
Acidothermaceae	0.951658339028432	0.934406924052226	0.184380352846731	0.982500287342978	0.98027700345408	0.999579445565385
Actinomycetaceae	0.708251383058772	0.43198425808784	0.504884049135647	0.840715507558031	0.979118303579392	0.999579445565385
Actinopolysporaceae	0.162800558351267	0.960885329914214	0.936742630716416	0.47636190362568	0.984315853866668	0.999579445565385
Aerococcaceae	0.217528722403188	0.636618662146103	0.819972493368174	0.534761511531948	0.979118303579392	0.999579445565385
Aeromonadaceae	0.321578353930685	0.423189217354811	0.923884162123192	0.609393829948735	0.979118303579392	0.999579445565385
Akkermansiaceae	0.291539797394433	0.643367139375692	0.423398481141655	0.582875863578116	0.979118303579392	0.999579445565385
Alcaligenaceae	0.0902493844944737	0.457271981354951	0.903245690962334	0.447563855140652	0.979118303579392	0.999579445565385
Alcanivoracaceae	0.0110951038724516	0.0492790446752895	0.27416709354685	0.437464095542375	0.979118303579392	0.999579445565385
Alicyclobacillaceae	0.232335368220535	0.55279923756054	0.980418966504492	0.53876274214064	0.979118303579392	0.999579445565385
Alteromonadaceae	0.43082408589277	0.632122978061916	0.965530393810378	0.690872641829253	0.979118303579392	0.999579445565385
Amoebophilaceae	0.957360758948936	0.385939245881408	0.651649209858366	0.98593869205189	0.979118303579392	0.999579445565385
Anaerohalosphaeraceae	0.292493866324526	0.660325168186768	0.828997872922052	0.582875863578116	0.979118303579392	0.999579445565385
Anaerolineaceae	0.07550988119473	0.219602002496866	0.596557619364364	0.447563855140652	0.979118303579392	0.999579445565385
Anaeromyxobacteraceae	0.160029964377483	0.33629383123942	0.749194875013826	0.472387916237277	0.979118303579392	0.999579445565385
Anaplasmataceae	0.244404749469129	0.684604518905092	0.744778083231918	0.546646454463016	0.979118303579392	0.999579445565385
Aphanizomenonaceae	0.270340343161956	0.940304750399046	0.552367160226741	0.563124035567547	0.98027700345408	0.999579445565385
Aphanothecaceae	0.616087410284002	0.893310553621437	0.932867795746825	0.789480322412487	0.979118303579392	0.999579445565385
Aquificaceae	0.433182750372757	0.971719634020171	0.821564408759882	0.690872641829253	0.984688467450014	0.999579445565385
Archaeoglobaceae	0.412681687880466	0.938095181692055	0.934693200225888	0.676894541184717	0.98027700345408	0.999579445565385
Archangiaceae	0.0961840563285488	0.533495499268436	0.9565519657173	0.447563855140652	0.979118303579392	0.999579445565385
Ardenticatenaceae	0.0776340052012723	0.394719254147644	0.672576557901991	0.447563855140652	0.979118303579392	0.999579445565385
Arenaviridae	0.017214851780943	0.085130458346357	0.0786532409238286	0.447563855140652	0.979118303579392	0.999579445565385
Aspergillaceae	0.0151806301148623	0.269287467539828	0.347563739194728	0.447563855140652	0.979118303579392	0.999579445565385
Aspiviridae	0.267929490346466	0.42212885889343	0.405688273875732	0.56234776857112	0.979118303579392	0.999579445565385
Atopobiaceae	0.593608283277937	0.163397781784208	0.614029873434576	0.773790370994064	0.979118303579392	0.999579445565385
Aurantimonadaceae	0.0517182278188313	0.235672420682906	0.551836858573725	0.447563855140652	0.979118303579392	0.999579445565385
Azonexaceae	0.832929468155326	0.238439131334087	0.793405703367869	0.911549789570077	0.979118303579392	0.999579445565385
Bacillaceae	0.640922603507046	0.905626707338969	0.967406640499162	0.802243258811541	0.979253267064598	0.999579445565385
Bacteriovoracaceae	0.5541057087771	0.373243543277426	0.595463684205991	0.750265537064792	0.979118303579392	0.999579445565385
Bacteroidaceae	0.196134524120715	0.443500567792781	0.95896822443674	0.520510852474206	0.979118303579392	0.999579445565385
Baekduiaceae	0.0489011803071561	0.380899806070242	0.629244743901902	0.447563855140652	0.979118303579392	0.999579445565385
Barnesiellaceae	0.332108215416122	0.296275021753598	0.827003757877947	0.617251632692591	0.979118303579392	0.999579445565385
Bartonellaceae	0.615092196084729	0.859553135270289	0.90554744959472	0.789480322412487	0.979118303579392	0.999579445565385
Bdellovibrionaceae	0.153068276388433	0.259259590448664	0.509154783612746	0.4665750824662	0.979118303579392	0.999579445565385
Beijerinckiaceae	0.103479747404769	0.29920821959078	0.904355150911346	0.447563855140652	0.979118303579392	0.999579445565385
Bernardetiaceae	0.894858642007574	0.749605402447678	0.684833140817204	0.948103589996508	0.979118303579392	0.999579445565385
Beutenbergiaceae	0.114700186771512	0.312150258365385	0.934400227704304	0.447563855140652	0.979118303579392	0.999579445565385
Bifidobacteriaceae	0.037706380585235	0.877504133692874	0.570941567569819	0.447563855140652	0.979118303579392	0.999579445565385
Blattabacteriaceae	0.570492593189224	0.888431668211062	0.664271482010154	0.755196926358496	0.979118303579392	0.999579445565385
Bogoriellaceae	0.139937058528074	0.51694625199888	0.934075210300636	0.457519889820155	0.979118303579392	0.999579445565385
Borreliaceae	0.397480646804941	0.846260690815032	0.41142873136869	0.665357500948542	0.979118303579392	0.999579445565385
Brachyspiraceae	0.972752364294089	0.470028604791172	0.883701908358533	0.990525660808144	0.979118303579392	0.999579445565385
Bradymonadaceae	0.224165800321696	0.770221993855323	0.887054301140683	0.537574181015268	0.979118303579392	0.999579445565385
Bradyrhizobiaceae	0.101558524476509	0.606295490853586	0.926994735781468	0.447563855140652	0.979118303579392	0.999579445565385
Brevibacteriaceae	0.177144490774681	0.89397758152901	0.872790391936122	0.492171519798594	0.979118303579392	0.999579445565385
Brucellaceae	0.199304335645586	0.764025165796582	0.892301370425838	0.526392312327097	0.979118303579392	0.999579445565385
Budviciaceae	0.0305428224165371	0.283759047870551	0.639832033476734	0.447563855140652	0.979118303579392	0.999579445565385
Burkholderiaceae	0.137671880276009	0.561701425772328	0.857739193840061	0.45505914917579	0.979118303579392	0.999579445565385
Caedimonadaceae	0.779618284300734	0.285524888384776	0.900383075628898	0.882695640776442	0.979118303579392	0.999579445565385
Caldilineaceae	0.371757092196595	0.589764606432364	0.922012038022169	0.645555228788067	0.979118303579392	0.999579445565385
Caldisphaeraceae	0.63783978777427	0.359912155860812	0.590411187118512	0.802243258811541	0.979118303579392	0.999579445565385
Calditrichaceae	0.400178786802384	0.786065663176713	0.698391593649173	0.665357500948542	0.979118303579392	0.999579445565385
Calotrichaceae	0.12374570992511	0.6639804441063	0.777409793057082	0.447563855140652	0.979118303579392	0.999579445565385
Campylobacteraceae	0.709789370573112	0.650564248328283	0.546671672066797	0.840715507558031	0.979118303579392	0.999579445565385
Candidatus Brocadiaceae	0.84539583083832	0.129237047139289	0.597317744872957	0.91754278035503	0.979118303579392	0.999579445565385
Candidatus Deianiraeaceae	0.163487584823101	0.0616499371496044	0.281326412692313	0.47636190362568	0.979118303579392	0.999579445565385
Candidatus Methanomethylophilaceae	0.124570760910514	0.318972516539344	0.712465538093477	0.447563855140652	0.979118303579392	0.999579445565385
Candidatus Midichloriaceae	0.309073148947286	0.587494086848613	0.946161825889675	0.602856460137462	0.979118303579392	0.999579445565385
Candidatus Nanopelagicaceae	0.520513771391202	0.338976643128094	0.418130318195332	0.725312884338431	0.979118303579392	0.999579445565385
Candidatus Nitrosocaldaceae	0.421393592888327	0.689932847902872	0.712542999996516	0.683468601220515	0.979118303579392	0.999579445565385
Candidatus Paracaedibacteraceae	0.55419278260977	0.807331006726192	0.316365434307178	0.750265537064792	0.979118303579392	0.999579445565385
Cardiobacteriaceae	0.0709738502941805	0.271704128090509	0.966874199660609	0.447563855140652	0.979118303579392	0.999579445565385
Carnobacteriaceae	0.973457768526977	0.810445659769238	0.663698291482283	0.990525660808144	0.979118303579392	0.999579445565385
Casimicrobiaceae	0.00895565833332636	0.136932807414976	0.400016790349957	0.437464095542375	0.979118303579392	0.999579445565385
Catenulisporaceae	0.0421919866047403	0.156481540653236	0.588379761367307	0.447563855140652	0.979118303579392	0.999579445565385
Caulobacteraceae	0.0457889125092794	0.288285459827107	0.779187983697008	0.447563855140652	0.979118303579392	0.999579445565385
Cellulomonadaceae	0.153024070687653	0.736097314018743	0.990789651421587	0.4665750824662	0.979118303579392	0.999579445565385
Cellvibrionaceae	0.266125143500059	0.605921483019075	0.915020207237279	0.56234776857112	0.979118303579392	0.999579445565385
Chaetomiaceae	0.124238185543919	0.420816783222462	0.97650810475559	0.447563855140652	0.979118303579392	0.999579445565385
Chamaesiphonaceae	0.130975288363756	0.952615368792266	0.473880284613114	0.447563855140652	0.981051648457707	0.999579445565385
Chelatococcaceae	0.0208571712937074	0.81461511448156	0.715287430766854	0.447563855140652	0.979118303579392	0.999579445565385
Chitinophagaceae	0.767554910850106	0.648053932605319	0.591908592630753	0.875393204110038	0.979118303579392	0.999579445565385
Chlamydiaceae	0.246553978512301	0.0342454272471185	0.0886301109730344	0.546646454463016	0.979118303579392	0.999579445565385
Chlorobiaceae	0.243479689342139	0.697437595338801	0.695103074407882	0.546646454463016	0.979118303579392	0.999579445565385
Chloroflexaceae	0.268948932794884	0.848485818672926	0.792025820700755	0.56234776857112	0.979118303579392	0.999579445565385
Christensenellaceae	0.571832599673927	0.937697622608281	0.691038858869508	0.755196926358496	0.98027700345408	0.999579445565385
Chromatiaceae	0.14729385801278	0.842801544029261	0.815914578374304	0.4665750824662	0.979118303579392	0.999579445565385
Chromobacteriaceae	0.0864356193736421	0.552988357248109	0.925041429543645	0.447563855140652	0.979118303579392	0.999579445565385
Chroococcaceae	0.628593743852625	0.797120278702409	0.420695725491262	0.794013150129631	0.979118303579392	0.999579445565385
Chroococcidiopsidaceae	0.691982326800679	0.406804463850466	0.816637617532627	0.840715507558031	0.979118303579392	0.999579445565385
Chrysiogenaceae	0.0904717848084863	0.679352585182414	0.7453602633578	0.447563855140652	0.979118303579392	0.999579445565385
Chthonomonadaceae	0.382112016046198	0.822593038737747	0.616166483371292	0.657089821985985	0.979118303579392	0.999579445565385
Clavicipitaceae	0.131148580930028	0.82975528191837	0.488006509045596	0.447563855140652	0.979118303579392	0.999579445565385
Clostridiaceae	0.481998371755719	0.341638494968809	0.855627903691522	0.706459707093683	0.979118303579392	0.999579445565385
Clostridiales Family XIII. Incertae Sedis	0.846081644942926	0.740492790844955	0.934750281100488	0.91754278035503	0.979118303579392	0.999579445565385
Clostridiales Family XVI. Incertae Sedis	0.55307304754032	0.453574903484197	0.816086886318197	0.750265537064792	0.979118303579392	0.999579445565385
Clostridiales Family XVII. Incertae Sedis	0.0771580338995773	0.164850295287422	0.340751077963254	0.447563855140652	0.979118303579392	0.999579445565385
Cohaesibacteraceae	0.0636336390032711	0.666713999318328	0.820151508756252	0.447563855140652	0.979118303579392	0.999579445565385
Coleofasciculaceae	0.192233425935343	0.0451476865648922	0.555728272402875	0.515110927749076	0.979118303579392	0.999579445565385
Colwelliaceae	0.952242126319734	0.620679211790867	0.472595189666778	0.982500287342978	0.979118303579392	0.999579445565385
Comamonadaceae	0.045434248447498	0.509141087506737	0.854985050201735	0.447563855140652	0.979118303579392	0.999579445565385
Conexibacteraceae	0.132971870005556	0.59853385607587	0.739305031330462	0.447563855140652	0.979118303579392	0.999579445565385
Coprothermobacteraceae	0.00989503332150778	0.430628801138146	0.549915867981607	0.437464095542375	0.979118303579392	0.999579445565385
Coriobacteriaceae	0.658833699579242	0.887126244806784	0.711597513301576	0.815417493649645	0.979118303579392	0.999579445565385
Corynebacteriaceae	0.254041985002094	0.530816687053562	0.875100147584425	0.555142854712675	0.979118303579392	0.999579445565385
Coxiellaceae	0.877185338779005	0.473741031885018	0.832572309055666	0.937308436101565	0.979118303579392	0.999579445565385
Crocinitomicaceae	0.190631820379771	0.846200457174621	0.853055620660566	0.515110927749076	0.979118303579392	0.999579445565385
Cryomorphaceae	0.5234302159578	0.401618668008018	0.862376391808745	0.725312884338431	0.979118303579392	0.999579445565385
Cryptococcaceae	0.463015868711818	0.815912259184008	0.890592854179428	0.706427193526571	0.979118303579392	0.999579445565385
Cuniculiplasmataceae	0.342406494039624	0.322377118265928	0.996918030113602	0.626504789884975	0.979118303579392	0.999579445565385
Cyanobacteriaceae	0.506135719159449	0.916091136648163	0.964330887555403	0.716962247112921	0.98027700345408	0.999579445565385
Cyanothecaceae	0.221217214391836	0.45628695718259	0.809483676292117	0.534761511531948	0.979118303579392	0.999579445565385
Cyclobacteriaceae	0.324568452907478	0.945696845864051	0.792749802568974	0.609393829948735	0.98027700345408	0.999579445565385
Cytophagaceae	0.373065431129336	0.90317894479599	0.866109381532136	0.645555228788067	0.979253267064598	0.999579445565385
Debaryomycetaceae	0.760774515843301	0.419667402727734	0.885641408889761	0.87126044138071	0.979118303579392	0.999579445565385
Deferribacteraceae	0.619441141369181	0.710708739621491	0.659672332585357	0.789680161745469	0.979118303579392	0.999579445565385
Dehalococcoidaceae	0.780354117208159	0.974646051611649	0.878623300123025	0.882695640776442	0.984688467450014	0.999579445565385
Deinococcaceae	0.0659649752964921	0.303097336351202	0.631605067682775	0.447563855140652	0.979118303579392	0.999579445565385
Dermabacteraceae	0.23197857835703	0.479518047805018	0.764715210109557	0.53876274214064	0.979118303579392	0.999579445565385
Dermacoccaceae	0.0775871185737781	0.494745158744059	0.967669360348425	0.447563855140652	0.979118303579392	0.999579445565385
Dermatophilaceae	0.551855333053958	0.781644320842695	0.760640281212322	0.750265537064792	0.979118303579392	0.999579445565385
Dermocarpellaceae	0.510301214905412	0.80165631223515	0.961044762117624	0.716962247112921	0.979118303579392	0.999579445565385
Desulfarculaceae	0.217205532764773	0.328971448607784	0.687352702777214	0.534761511531948	0.979118303579392	0.999579445565385
Desulfobacteraceae	0.121769846658767	0.358282578566965	0.809824439116225	0.447563855140652	0.979118303579392	0.999579445565385
Desulfobulbaceae	0.200957298344371	0.636665695802078	0.806457858337074	0.527349784158311	0.979118303579392	0.999579445565385
Desulfohalobiaceae	0.268117098900393	0.421798196521892	0.534542155638533	0.56234776857112	0.979118303579392	0.999579445565385
Desulfomicrobiaceae	0.0498913383188845	0.852628819108619	0.885503839031027	0.447563855140652	0.979118303579392	0.999579445565385
Desulfovibrionaceae	0.355773880766258	0.749991598435301	0.340631438002421	0.632840162352868	0.979118303579392	0.999579445565385
Desulfurellaceae	0.501605060434751	0.676814620424219	0.903895211399704	0.716962247112921	0.979118303579392	0.999579445565385
Desulfurobacteriaceae	0.452020291459562	0.46441859448944	0.759860983455614	0.702859720804727	0.979118303579392	0.999579445565385
Desulfurococcaceae	0.601354034360707	0.741699845778125	0.822918736907029	0.777394442545925	0.979118303579392	0.999579445565385
Desulfuromonadaceae	0.13294322973398	0.746806865406863	0.98860972267325	0.447563855140652	0.979118303579392	0.999579445565385
Dictyoglomaceae	0.678425417880395	0.739977651045575	0.579373188521246	0.832054577221781	0.979118303579392	0.999579445565385
Dietziaceae	0.252868685073558	0.86687186082433	0.890508818630253	0.555142854712675	0.979118303579392	0.999579445565385
Dipodascaceae	0.266980387519619	0.302477013050186	0.563446094365063	0.56234776857112	0.979118303579392	0.999579445565385
Dysgonamonadaceae	0.906921670618625	0.0421078163111974	0.121461294260663	0.959043605711649	0.979118303579392	0.999579445565385
Ectothiorhodospiraceae	0.0220690694541036	0.335460892708632	0.720522645463502	0.447563855140652	0.979118303579392	0.999579445565385
Eggerthellaceae	0.571870136264224	0.652809714047718	0.228587796444579	0.755196926358496	0.979118303579392	0.999579445565385
Egibacteraceae	0.111041664783031	0.416492292546218	0.637430671919314	0.447563855140652	0.979118303579392	0.999579445565385
Egicoccaceae	0.07905534949093	0.574140826719815	0.858821480494873	0.447563855140652	0.979118303579392	0.999579445565385
Elusimicrobiaceae	0.78945902386629	0.988225968192727	0.779687178939093	0.885734514581692	0.99219800635222	0.999579445565385
Emcibacteraceae	0.109686920347219	0.503674935500846	0.593202535607375	0.447563855140652	0.979118303579392	0.999579445565385
Endomicrobiaceae	0.433113876688197	0.86696559719632	0.564038263955832	0.690872641829253	0.979118303579392	0.999579445565385
Endozoicomonadaceae	0.243903054750547	0.460269757851167	0.765607130107746	0.546646454463016	0.979118303579392	0.999579445565385
Enterobacteriaceae	0.105035368018305	0.266528007186172	0.0473515214462145	0.447563855140652	0.979118303579392	0.999579445565385
Enterococcaceae	0.80386608972036	0.667603206101997	0.298454374180828	0.894625164366207	0.979118303579392	0.999579445565385
Entomoplasmataceae	0.792440248215141	0.363756950670161	0.879750328849862	0.88727589658166	0.979118303579392	0.999579445565385
Erwiniaceae	0.215761076778954	0.559939789526956	0.975280065769881	0.534761511531948	0.979118303579392	0.999579445565385
Erysipelotrichaceae	0.0915011426334418	0.407885933990293	0.202682822738468	0.447563855140652	0.979118303579392	0.999579445565385
Erythrobacteraceae	0.129657557941945	0.625731270317326	0.93075277439948	0.447563855140652	0.979118303579392	0.999579445565385
Eubacteriaceae	0.468062903690191	0.872914028212464	0.912725768236553	0.706427193526571	0.979118303579392	0.999579445565385
Euzebyaceae	0.0245177843040223	0.668496698266241	0.674028119071377	0.447563855140652	0.979118303579392	0.999579445565385
Ferrimonadaceae	0.246585085437121	0.865297898386999	0.951917303105532	0.546646454463016	0.979118303579392	0.999579445565385
Ferroplasmaceae	0.391425278182492	0.643484401775316	0.508234232723501	0.665357500948542	0.979118303579392	0.999579445565385
Fervidicoccaceae	0.693784505053531	0.0310060119661	0.614018476374109	0.840715507558031	0.979118303579392	0.999579445565385
Fervidobacteriaceae	0.754991193764523	0.68105971882092	0.966120007624806	0.866477479905906	0.979118303579392	0.999579445565385
Fibrobacteraceae	0.0815772242253415	0.313759604583252	0.596438931386516	0.447563855140652	0.979118303579392	0.999579445565385
Fimbriimonadaceae	0.298239820588126	0.524136873105517	0.866066094137564	0.592188420736135	0.979118303579392	0.999579445565385
Flammeovirgaceae	0.489298731912368	0.492014459927321	0.42415160469886	0.711958776027728	0.979118303579392	0.999579445565385
Flavobacteriaceae	0.838989890470906	0.478060788926555	0.728030273326649	0.913456448796726	0.979118303579392	0.999579445565385
Francisellaceae	0.670882744100614	0.809519399637024	0.939456647289304	0.82642441180036	0.979118303579392	0.999579445565385
Frankiaceae	0.330258797825494	0.658598343867855	0.979379348631441	0.617251632692591	0.979118303579392	0.999579445565385
Fusobacteriaceae	0.448049607425509	0.0665599243634864	0.738510481741693	0.699783771465273	0.979118303579392	0.999579445565385
Gallionellaceae	0.154157604078698	0.547159231423478	0.997959244532748	0.4665750824662	0.979118303579392	0.999579445565385
Gemmataceae	0.118296012174252	0.830889975236007	0.997914156080115	0.447563855140652	0.979118303579392	0.999579445565385
Gemmatimonadaceae	0.0727782621978266	0.264030545540787	0.713809986319053	0.447563855140652	0.979118303579392	0.999579445565385
Geobacteraceae	0.121700859878701	0.355824498899039	0.98388367516956	0.447563855140652	0.979118303579392	0.999579445565385
Geodermatophilaceae	0.123003708337447	0.237352307744669	0.808027898960223	0.447563855140652	0.979118303579392	0.999579445565385
Gloeobacteraceae	0.0797701754908484	0.366117942157941	0.620342295752513	0.447563855140652	0.979118303579392	0.999579445565385
Gloeomargaritaceae	0.0618091740360121	0.472480384718238	0.605734251556913	0.447563855140652	0.979118303579392	0.999579445565385
Glomerellaceae	0.0482439724203635	0.409968191788474	0.816550854088449	0.447563855140652	0.979118303579392	0.999579445565385
Glycomycetaceae	0.02897909380997	0.143830884580471	0.205910497312869	0.447563855140652	0.979118303579392	0.999579445565385
Gomontiellaceae	0.689515693206368	0.532252574069257	0.7833359937284	0.840715507558031	0.979118303579392	0.999579445565385
Gordoniaceae	0.148976981721565	0.32304009781102	0.864803616038132	0.4665750824662	0.979118303579392	0.999579445565385
Gottschalkiaceae	0.447564714301012	0.715826076402956	0.884431232245442	0.699783771465273	0.979118303579392	0.999579445565385
Granulosicoccaceae	0.976934541085294	0.946119211104737	0.854642826541138	0.990525660808144	0.98027700345408	0.999579445565385
Hafniaceae	0.356545816108228	0.598597039872887	0.892143963298323	0.632840162352868	0.979118303579392	0.999579445565385
Hahellaceae	0.130233217483676	0.350118358900482	0.447776452343854	0.447563855140652	0.979118303579392	0.999579445565385
Halanaerobiaceae	0.61377354347612	0.998737345285331	0.89516171228832	0.789480322412487	0.999434347997233	0.999579445565385
Halieaceae	0.409811805245723	0.665467525260826	0.857786011234077	0.676894541184717	0.979118303579392	0.999579445565385
Haliscomenobacteraceae	0.417973062741277	0.474746078747437	0.555688886654725	0.680593305702611	0.979118303579392	0.999579445565385
Haloarculaceae	0.0283784313723977	0.159126806657155	0.597359022596604	0.447563855140652	0.979118303579392	0.999579445565385
Halobacteriaceae	0.0924785464737463	0.691291158631886	0.88412882068259	0.447563855140652	0.979118303579392	0.999579445565385
Halobacteriovoraceae	0.927919536386633	0.59867181925453	0.770192013011642	0.97378628153122	0.979118303579392	0.999579445565385
Halobacteroidaceae	0.706583790649319	0.238425765469941	0.535163453994938	0.840715507558031	0.979118303579392	0.999579445565385
Haloferacaceae	0.479575462363938	0.414881645928307	0.997207547350448	0.706459707093683	0.979118303579392	0.999579445565385
Halomonadaceae	0.174205566333497	0.545317547279958	0.981296330359381	0.490619758245358	0.979118303579392	0.999579445565385
Halorubraceae	0.0686469164739827	0.552372686519074	0.808942258634994	0.447563855140652	0.979118303579392	0.999579445565385
Halothiobacillaceae	0.124220659406889	0.962376841552673	0.835080035697169	0.447563855140652	0.984315853866668	0.999579445565385
Hapalosiphonaceae	0.873185465517536	0.818228445316495	0.257079650618673	0.935919178574135	0.979118303579392	0.999579445565385
Helicobacteraceae	0.456344270009656	0.922928172393675	0.973850320274097	0.705607946905687	0.98027700345408	0.999579445565385
Heliobacteriaceae	0.235454424477929	0.150574600672145	0.479777742369892	0.539298100878909	0.979118303579392	0.999579445565385
Holosporaceae	0.022762649391063	0.29840665814901	0.81344836037921	0.447563855140652	0.979118303579392	0.999579445565385
Hungateiclostridiaceae	0.288758725882914	0.764506959348464	0.823444082088464	0.582875863578116	0.979118303579392	0.999579445565385
Hydrogenophilaceae	0.981028558299272	0.832809508691628	0.476821670277221	0.990525660808144	0.979118303579392	0.999579445565385
Hydrogenothermaceae	0.990334741035201	0.797423715700562	0.903105851066301	0.992132081763032	0.979118303579392	0.999579445565385
Hyellaceae	0.617002412819469	0.275203280773597	0.879716663681956	0.789480322412487	0.979118303579392	0.999579445565385
Hymenobacteraceae	0.157622115106945	0.541694909882166	0.924680835086122	0.470310311021803	0.979118303579392	0.999579445565385
Hyphomicrobiaceae	0.0964978135948598	0.488586434114856	0.924902099100159	0.447563855140652	0.979118303579392	0.999579445565385
Hyphomonadaceae	0.0524645585276421	0.423084377944841	0.616287379904147	0.447563855140652	0.979118303579392	0.999579445565385
Iamiaceae	0.116623909943201	0.536659142423541	0.942158268030324	0.447563855140652	0.979118303579392	0.999579445565385
Ichthyobacteriaceae	0.965757747773424	0.388121425270953	0.969927180904247	0.989050606254045	0.979118303579392	0.999579445565385
Idiomarinaceae	0.49011654871474	0.926685034123006	0.759757305763501	0.711958776027728	0.98027700345408	0.999579445565385
Ignavibacteriaceae	0.254518498158017	0.641797702919566	0.702942367814015	0.555142854712675	0.979118303579392	0.999579445565385
Ilumatobacteraceae	0.0510123899696451	0.191547038030186	0.471108743604424	0.447563855140652	0.979118303579392	0.999579445565385
Immundisolibacteraceae	0.0346092732334562	0.421875990891922	0.958647593045139	0.447563855140652	0.979118303579392	0.999579445565385
Intrasporangiaceae	0.1639651479871	0.409204717741922	0.905512412700527	0.47636190362568	0.979118303579392	0.999579445565385
Isosphaeraceae	0.072145148175875	0.735140181588989	0.829253913414028	0.447563855140652	0.979118303579392	0.999579445565385
Jiangellaceae	0.129136647045114	0.695746229043918	0.698621755075241	0.447563855140652	0.979118303579392	0.999579445565385
Jonesiaceae	0.324280207773907	0.81562640615618	0.63764167346983	0.609393829948735	0.979118303579392	0.999579445565385
Kangiellaceae	0.122897316713909	0.91188013394414	0.498741138154698	0.447563855140652	0.979295396764913	0.999579445565385
Kineosporiaceae	0.0489158035519169	0.240465159071666	0.790209956640678	0.447563855140652	0.979118303579392	0.999579445565385
Kiritimatiellaceae	0.122086827382889	0.284450191213067	0.578338886476108	0.447563855140652	0.979118303579392	0.999579445565385
Kofleriaceae	0.108625906510779	0.843837457779203	0.896191624685385	0.447563855140652	0.979118303579392	0.999579445565385
Kosmotogaceae	0.109008518807622	0.677121890215935	0.570130463778284	0.447563855140652	0.979118303579392	0.999579445565385
Ktedonosporobacteraceae	0.0720317075267023	0.10188769360243	0.304041738435198	0.447563855140652	0.979118303579392	0.999579445565385
Labilitrichaceae	0.807213183428813	0.489223611264799	0.671467946207458	0.896542610166408	0.979118303579392	0.999579445565385
Lachnospiraceae	0.565068290413455	0.906549137112009	0.761758489960329	0.755196926358496	0.979253267064598	0.999579445565385
Lacipirellulaceae	0.0982240384497032	0.816213212172259	0.696658884946222	0.447563855140652	0.979118303579392	0.999579445565385
Lactobacillaceae	0.243675850157176	0.898817310992801	0.884890767894745	0.546646454463016	0.979253267064598	0.999579445565385
Legionellaceae	0.473125322787974	0.620236253814167	0.704380956450008	0.706427193526571	0.979118303579392	0.999579445565385
Leptolyngbyaceae	0.508533311048298	0.631358302433697	0.834048656970902	0.716962247112921	0.979118303579392	0.999579445565385
Leptospiraceae	0.718196484766055	0.921032642592746	0.901948233600524	0.845297355204398	0.98027700345408	0.999579445565385
Leptotrichiaceae	0.694257156825417	0.696405744254996	0.933522301972536	0.840715507558031	0.979118303579392	0.999579445565385
Leuconostocaceae	0.180031569782871	0.246692884171042	0.0530532420167551	0.496887132600724	0.979118303579392	0.999579445565385
Lichenihabitantaceae	0.20167941906406	0.475370610906744	0.367721838243921	0.527349784158311	0.979118303579392	0.999579445565385
Limnochordaceae	0.261834180197786	0.32621358615371	0.6485413267069	0.561670435642634	0.979118303579392	0.999579445565385
Listeriaceae	0.84997974386697	0.892760234588631	0.893953735951776	0.918177727230073	0.979118303579392	0.999579445565385
Litoricolaceae	0.621432126288459	0.350835955553232	0.341730455113489	0.7903929348185	0.979118303579392	0.999579445565385
Magnetococcaceae	0.748873488948728	0.999434347997233	0.93037487063687	0.863002434028597	0.999434347997233	0.999579445565385
Malasseziaceae	0.00679589746118639	0.318352806319333	0.708850709812622	0.437464095542375	0.979118303579392	0.999579445565385
Marinifilaceae	0.461687798980261	0.229308492416425	0.280174001332614	0.706427193526571	0.979118303579392	0.999579445565385
Marinilabiliaceae	0.836378755902976	0.546723660917631	0.618472168548913	0.912413188257792	0.979118303579392	0.999579445565385
Mariprofundaceae	0.389922799708195	0.24187245492587	0.929052186411114	0.665357500948542	0.979118303579392	0.999579445565385
Melioribacteraceae	0.314555389261908	0.517668839694231	0.473000870027766	0.604998518719767	0.979118303579392	0.999579445565385
Merismopediaceae	0.089215188721938	0.565699377575909	0.377520498622488	0.447563855140652	0.979118303579392	0.999579445565385
Mesoaciditogaceae	0.317556129721511	0.606941497541736	0.393416877719343	0.606047340457828	0.979118303579392	0.999579445565385
Methanobacteriaceae	0.318394436110091	0.173957535158016	0.570114325019033	0.606047340457828	0.979118303579392	0.999579445565385
Methanocaldococcaceae	0.415720154863161	0.869480411376372	0.706833645275698	0.678927590190724	0.979118303579392	0.999579445565385
Methanocellaceae	0.679812707114173	0.285479778422499	0.832977361543265	0.832054577221781	0.979118303579392	0.999579445565385
Methanococcaceae	0.367558142842647	0.911649765202806	0.651171652100341	0.645555228788067	0.979295396764913	0.999579445565385
Methanocorpusculaceae	0.437105763345203	0.525672993059665	0.61227126639469	0.693340176340667	0.979118303579392	0.999579445565385
Methanomassiliicoccaceae	0.671274430477334	0.753234678692986	0.972262253074925	0.82642441180036	0.979118303579392	0.999579445565385
Methanomicrobiaceae	0.911955931006638	0.454213032283513	0.969590418722894	0.9625232770854	0.979118303579392	0.999579445565385
Methanopyraceae	0.785679375267636	0.452646464724262	0.503353632185892	0.885091867648439	0.979118303579392	0.999579445565385
Methanoregulaceae	0.349026949011431	0.873468368649422	0.71118208183321	0.632840162352868	0.979118303579392	0.999579445565385
Methanosarcinaceae	0.755028383758588	0.857309968122185	0.742206636285619	0.866477479905906	0.979118303579392	0.999579445565385
Methanospirillaceae	0.580005888167994	0.0199474260066139	0.184878190182604	0.764112769137786	0.979118303579392	0.999579445565385
Methanothermaceae	0.113820480581179	0.0858865893485444	0.437063845730324	0.447563855140652	0.979118303579392	0.999579445565385
Methanotrichaceae	0.0728706770028787	0.192437598623861	0.529610221833679	0.447563855140652	0.979118303579392	0.999579445565385
Methylacidiphilaceae	0.202532888118771	0.389423412973918	0.776975984402177	0.527349784158311	0.979118303579392	0.999579445565385
Methylobacteriaceae	0.123447602683916	0.556188484326541	0.992986348730227	0.447563855140652	0.979118303579392	0.999579445565385
Methylococcaceae	0.195320247213304	0.664188627053748	0.814495399022432	0.520510852474206	0.979118303579392	0.999579445565385
Methylocystaceae	0.262519877528622	0.667701037602537	0.917059605597024	0.561670435642634	0.979118303579392	0.999579445565385
Methylophilaceae	0.231622750322007	0.944887465089444	0.923370201162565	0.53876274214064	0.98027700345408	0.999579445565385
Microbacteriaceae	0.220241524465161	0.606597318113194	0.942437834163394	0.534761511531948	0.979118303579392	0.999579445565385
Microbulbiferaceae	0.154235871157896	0.791424828724392	0.964404397434814	0.4665750824662	0.979118303579392	0.999579445565385
Micrococcaceae	0.159513261636434	0.476544112051118	0.47358381423909	0.472387916237277	0.979118303579392	0.999579445565385
Microcoleaceae	0.132761880973246	0.534375990051407	0.519783646184342	0.447563855140652	0.979118303579392	0.999579445565385
Microcystaceae	0.700405971145872	0.463626467814651	0.228306518198362	0.840715507558031	0.979118303579392	0.999579445565385
Micromonosporaceae	0.111484386244159	0.373444505081528	0.834897559543161	0.447563855140652	0.979118303579392	0.999579445565385
Moraxellaceae	0.312535218647841	0.752935796872355	0.709243221922631	0.604998518719767	0.979118303579392	0.999579445565385
Morganellaceae	0.465621601320103	0.721545984536945	0.837929142217308	0.706427193526571	0.979118303579392	0.999579445565385
Moritellaceae	0.811435506985249	0.682852643561626	0.687440600956421	0.899422489670396	0.979118303579392	0.999579445565385
Muribaculaceae	0.434298562889041	0.496631958309379	0.731299521650308	0.690872641829253	0.979118303579392	0.999579445565385
Mycobacteriaceae	0.13528287397995	0.460611165557121	0.999579445565385	0.450980846842931	0.979118303579392	0.999579445565385
Mycoplasmataceae	0.639645018375775	0.771354483170878	0.672280778478944	0.802243258811541	0.979118303579392	0.999579445565385
Mycosphaerellaceae	0.303268824598998	0.611576938411449	0.832212247922114	0.597803562019518	0.979118303579392	0.999579445565385
Myxococcaceae	0.103732012422707	0.283709004309047	0.64039881229377	0.447563855140652	0.979118303579392	0.999579445565385
Nairoviridae	0.863482572287851	0.678444796534869	0.275252796994463	0.929127446204471	0.979118303579392	0.999579445565385
Nakamurellaceae	0.216817668895863	0.125855619921291	0.710580144793167	0.534761511531948	0.979118303579392	0.999579445565385
Natranaerobiaceae	0.871408469393078	0.139823541466814	0.24435065333384	0.935831663628364	0.979118303579392	0.999579445565385
Natrialbaceae	0.154915107892299	0.386673519748328	0.941463031465032	0.4665750824662	0.979118303579392	0.999579445565385
Nautiliaceae	0.257605275942379	0.820663959144935	0.630053104975805	0.55763965615762	0.979118303579392	0.999579445565385
Nectriaceae	0.33944310208367	0.79926134118891	0.939047174323632	0.626504789884975	0.979118303579392	0.999579445565385
Neisseriaceae	0.0779337089732407	0.755215473209375	0.871578219659829	0.447563855140652	0.979118303579392	0.999579445565385
Nitrosomonadaceae	0.589549696222712	0.962917683130436	0.700163771477158	0.771164531551984	0.984315853866668	0.999579445565385
Nitrosopumilaceae	0.79546556479884	0.660879640580941	0.829704811166481	0.888860307224615	0.979118303579392	0.999579445565385
Nitrososphaeraceae	0.626434610241173	0.890901906647674	0.73897539633967	0.793100699204421	0.979118303579392	0.999579445565385
Nitrospiraceae	0.701470063739981	0.578233434275461	0.94164584182479	0.840715507558031	0.979118303579392	0.999579445565385
Nocardiaceae	0.0712848026158217	0.309935048465786	0.86921187307911	0.447563855140652	0.979118303579392	0.999579445565385
Nocardioidaceae	0.122259770873516	0.440282740360999	0.877386730312186	0.447563855140652	0.979118303579392	0.999579445565385
Nocardiopsaceae	0.166661886692014	0.475658219879152	0.777616884713231	0.47915292423954	0.979118303579392	0.999579445565385
Nostocaceae	0.346349460410728	0.959904941862611	0.924983678168921	0.630973274411624	0.984315853866668	0.999579445565385
Oceanospirillaceae	0.37498457103749	0.52998263161982	0.937663369212764	0.64684838503967	0.979118303579392	0.999579445565385
Odoribacteraceae	0.412305802798659	0.387893893335657	0.833512819536993	0.676894541184717	0.979118303579392	0.999579445565385
Oleiphilaceae	0.965242705701086	0.922019013712363	0.622556192004092	0.989050606254045	0.98027700345408	0.999579445565385
Opitutaceae	0.0416868712931593	0.440170638764971	0.632343432023941	0.447563855140652	0.979118303579392	0.999579445565385
Orbaceae	0.7160806447211	0.926494751451449	0.850473511860628	0.844607939927451	0.98027700345408	0.999579445565385
Oscillatoriaceae	0.487557519571827	0.447117508025948	0.743271122525953	0.711958776027728	0.979118303579392	0.999579445565385
Oscillospiraceae	0.255446168654021	0.569046838241602	0.207348407963922	0.555142854712675	0.979118303579392	0.999579445565385
Oxalobacteraceae	0.0755222874703513	0.393945829070417	0.638393774793984	0.447563855140652	0.979118303579392	0.999579445565385
Paenibacillaceae	0.305804523207406	0.403063731279115	0.937817534489523	0.598596087980455	0.979118303579392	0.999579445565385
Paludibacteraceae	0.931370436479637	0.424472357032593	0.836555904078648	0.97555309475666	0.979118303579392	0.999579445565385
Parachlamydiaceae	0.816398084814921	0.903197511993962	0.672995221206833	0.901303485635673	0.979253267064598	0.999579445565385
Paramyxoviridae	0.525589046622051	0.321816287287362	0.197342938624412	0.725312884338431	0.979118303579392	0.999579445565385
Parvularculaceae	0.0334582896032753	0.378565439496718	0.202759043600221	0.447563855140652	0.979118303579392	0.999579445565385
Pasteurellaceae	0.317895124936557	0.793397556875684	0.706253321926277	0.606047340457828	0.979118303579392	0.999579445565385
Pectobacteriaceae	0.2154126069918	0.651313685063685	0.958311823766077	0.534761511531948	0.979118303579392	0.999579445565385
Pelagibacteraceae	0.978991029108037	0.792699773561176	0.582710734065729	0.990525660808144	0.979118303579392	0.999579445565385
Peptococcaceae	0.469164804751669	0.467254829957182	0.827882762331008	0.706427193526571	0.979118303579392	0.999579445565385
Peptoniphilaceae	0.730698871638833	0.75484241714497	0.750242551089935	0.848618686140246	0.979118303579392	0.999579445565385
Peptostreptococcaceae	0.569725259614603	0.842729498344158	0.928301383226653	0.755196926358496	0.979118303579392	0.999579445565385
Peribunyaviridae	0.926635994272649	0.231879063719498	0.60848962858228	0.97378628153122	0.979118303579392	0.999579445565385
Petrotogaceae	0.596006071358627	0.949015841139164	0.991356828942071	0.774106709152853	0.98027700345408	0.999579445565385
Phaffomycetaceae	0.35243776342236	0.647713935119748	0.816740130033002	0.632840162352868	0.979118303579392	0.999579445565385
Phenuiviridae	0.166046238285971	0.196517561557742	0.773227258465434	0.47915292423954	0.979118303579392	0.999579445565385
Phycisphaeraceae	0.155525027488733	0.825553179571637	0.892261289587417	0.4665750824662	0.979118303579392	0.999579445565385
Phyllobacteriaceae	0.0787747796256907	0.419309597609479	0.893474685197206	0.447563855140652	0.979118303579392	0.999579445565385
Pichiaceae	0.33175664994588	0.642518355996016	0.977150777420957	0.617251632692591	0.979118303579392	0.999579445565385
Picrophilaceae	0.536405093995256	0.23029976003554	0.668556607148341	0.736556248471098	0.979118303579392	0.999579445565385
Pirellulaceae	0.730461263703585	0.547610288607269	0.974210514242474	0.848618686140246	0.979118303579392	0.999579445565385
Piscirickettsiaceae	0.21220338152375	0.854208067915897	0.790955792707847	0.534761511531948	0.979118303579392	0.999579445565385
Planctomycetaceae	0.314261793333315	0.865793031065976	0.625026001681162	0.604998518719767	0.979118303579392	0.999579445565385
Planococcaceae	0.559818601441611	0.822306291230069	0.891915789366432	0.751873158140558	0.979118303579392	0.999579445565385
Polyangiaceae	0.260833704698159	0.863727641206148	0.749686314799828	0.561670435642634	0.979118303579392	0.999579445565385
Porphyromonadaceae	0.728256938039071	0.227881411198582	0.571766222783485	0.848618686140246	0.979118303579392	0.999579445565385
Prevotellaceae	0.0789962420391822	0.774143808840485	0.641048616563724	0.447563855140652	0.979118303579392	0.999579445565385
Prochloraceae	0.5136266019951	0.863530587405262	0.710779168707934	0.719598691120039	0.979118303579392	0.999579445565385
Prochlorotrichaceae	0.672218407424568	0.42844576027651	0.963039822609062	0.82642441180036	0.979118303579392	0.999579445565385
Prolixibacteraceae	0.703292268325761	0.140354449997053	0.434953655112754	0.840715507558031	0.979118303579392	0.999579445565385
Promicromonosporaceae	0.175109497583732	0.514191826500731	0.824770752949571	0.490662145513807	0.979118303579392	0.999579445565385
Propionibacteriaceae	0.229136591108959	0.0616915883686297	0.78599550933911	0.538227226775087	0.979118303579392	0.999579445565385
Pseudanabaenaceae	0.371444211161373	0.648209487094992	0.619447536474611	0.645555228788067	0.979118303579392	0.999579445565385
Pseudoalteromonadaceae	0.708256864426895	0.887883173570168	0.754693978112439	0.840715507558031	0.979118303579392	0.999579445565385
Pseudomonadaceae	0.127142144119587	0.247450170609769	0.716874186371759	0.447563855140652	0.979118303579392	0.999579445565385
Pseudonocardiaceae	0.119246345599677	0.442141883226754	0.893829672566734	0.447563855140652	0.979118303579392	0.999579445565385
Psychromonadaceae	0.522421590164281	0.865159731556755	0.839308993008147	0.725312884338431	0.979118303579392	0.999579445565385
Puniceicoccaceae	0.352937499703605	0.812236826043625	0.691656966250268	0.632840162352868	0.979118303579392	0.999579445565385
Pyriculariaceae	0.304316668346893	0.297884827011752	0.868990920170039	0.597803562019518	0.979118303579392	0.999579445565385
Pyrodictiaceae	0.594360719749063	0.261390220723726	0.666778778803137	0.773790370994064	0.979118303579392	0.999579445565385
Rhabdoviridae	0.354599732436082	0.0491563548244072	0.19698240109404	0.632840162352868	0.979118303579392	0.999579445565385
Rhizobiaceae	0.131418469457446	0.577026544648783	0.907951142061566	0.447563855140652	0.979118303579392	0.999579445565385
Rhodanobacteraceae	0.108729158554627	0.721050715287243	0.878726493818977	0.447563855140652	0.979118303579392	0.999579445565385
Rhodobacteraceae	0.0674445575490135	0.349328080414559	0.803336224919259	0.447563855140652	0.979118303579392	0.999579445565385
Rhodobiaceae	0.140074024238417	0.322733200012651	0.727031246843069	0.457519889820155	0.979118303579392	0.999579445565385
Rhodocyclaceae	0.0570021295561487	0.350794836233757	0.426676175544386	0.447563855140652	0.979118303579392	0.999579445565385
Rhodospirillaceae	0.0477990373780613	0.346739112667744	0.786536808524605	0.447563855140652	0.979118303579392	0.999579445565385
Rhodothermaceae	0.101190073005936	0.436268701648897	0.932414653024629	0.447563855140652	0.979118303579392	0.999579445565385
Rickettsiaceae	0.2061052861434	0.764637592432141	0.801362411267377	0.531636065192321	0.979118303579392	0.999579445565385
Rikenellaceae	0.0974818143538284	0.106682239586053	0.726020112060273	0.447563855140652	0.979118303579392	0.999579445565385
Rivulariaceae	0.471317489405164	0.896801072330647	0.387179977645427	0.706427193526571	0.979253267064598	0.999579445565385
Roseiflexaceae	0.0861143805412974	0.339215124841923	0.763970703542718	0.447563855140652	0.979118303579392	0.999579445565385
Ruaniaceae	0.0153191358172222	0.187433466002841	0.635554203763415	0.447563855140652	0.979118303579392	0.999579445565385
Rubrobacteraceae	0.291544635834971	0.532143108737374	0.863692412363371	0.582875863578116	0.979118303579392	0.999579445565385
Ruminococcaceae	0.0887077780629032	0.171353352360193	0.979954442937575	0.447563855140652	0.979118303579392	0.999579445565385
Saccharomycetaceae	0.994233319975411	0.478750283931335	0.598898799897295	0.994233319975411	0.979118303579392	0.999579445565385
Saccharospirillaceae	0.0905063304971207	0.188328882446036	0.406121051672767	0.447563855140652	0.979118303579392	0.999579445565385
Salinisphaeraceae	0.0326179064273204	0.209063022536021	0.497777739329192	0.447563855140652	0.979118303579392	0.999579445565385
Salinivirgaceae	0.220876126452975	0.623100865288043	0.898279648502398	0.534761511531948	0.979118303579392	0.999579445565385
Sandaracinaceae	0.29113136904438	0.540720212101232	0.627495859713361	0.582875863578116	0.979118303579392	0.999579445565385
Sanguibacteraceae	0.0231762544042745	0.131518250104444	0.270513643488976	0.447563855140652	0.979118303579392	0.999579445565385
Saprospiraceae	0.557694374302941	0.736835082655248	0.74078968331162	0.75084706003713	0.979118303579392	0.999579445565385
Schizosaccharomycetaceae	0.70486945462551	0.54148608249794	0.527761596264926	0.840715507558031	0.979118303579392	0.999579445565385
Sclerotiniaceae	0.284004746636137	0.977553043772839	0.839407110418999	0.578489373221947	0.984688467450014	0.999579445565385
Scytonemataceae	0.522783431677446	0.473514390575517	0.546715729097552	0.725312884338431	0.979118303579392	0.999579445565385
Sedimentisphaeraceae	0.482467445590976	0.419840393670214	0.962297147860862	0.706459707093683	0.979118303579392	0.999579445565385
Segniliparaceae	0.00643768275918678	0.0974416183780761	0.164629992214248	0.437464095542375	0.979118303579392	0.999579445565385
Selenomonadaceae	0.301339806628135	0.430059621915594	0.860984399009644	0.596199187307278	0.979118303579392	0.999579445565385
Shewanellaceae	0.210679071793738	0.701877516619161	0.960555724459451	0.534761511531948	0.979118303579392	0.999579445565385
Silvanigrellaceae	0.455406030025027	0.163875149395242	0.837066859765938	0.705607946905687	0.979118303579392	0.999579445565385
Simkaniaceae	0.127311947640493	0.875673058270841	0.597407217822311	0.447563855140652	0.979118303579392	0.999579445565385
Sinobacteraceae	0.474790740576735	0.705048573455783	0.436174206817667	0.706427193526571	0.979118303579392	0.999579445565385
Solibacteraceae	0.237349509937193	0.328623738536209	0.85732416379033	0.54139227060054	0.979118303579392	0.999579445565385
Sordariaceae	0.049347560940094	0.742935449328194	0.420901254127457	0.447563855140652	0.979118303579392	0.999579445565385
Sphaerobacteraceae	0.038160490619117	0.656490258749084	0.971768256144582	0.447563855140652	0.979118303579392	0.999579445565385
Sphingobacteriaceae	0.719946460505776	0.552274506832823	0.617857387676644	0.845554140849336	0.979118303579392	0.999579445565385
Sphingomonadaceae	0.0711422030969664	0.524823635339049	0.989338445448921	0.447563855140652	0.979118303579392	0.999579445565385
Spirochaetaceae	0.422979296704731	0.688908753701668	0.977639338802533	0.683468601220515	0.979118303579392	0.999579445565385
Spiroplasmataceae	0.94902711549036	0.450456004492767	0.953538119861534	0.982500287342978	0.979118303579392	0.999579445565385
Spongiibacteraceae	0.58684360977929	0.64594199032646	0.792594276453037	0.769702220644498	0.979118303579392	0.999579445565385
Sporichthyaceae	0.0641629992222999	0.661728371851197	0.894417303449735	0.447563855140652	0.979118303579392	0.999579445565385
Sporolactobacillaceae	0.221795834045692	0.333671345352858	0.653985749711144	0.534761511531948	0.979118303579392	0.999579445565385
Sporomusaceae	0.73225168822832	0.602699374180578	0.976952051296355	0.848618686140246	0.979118303579392	0.999579445565385
Staphylococcaceae	0.504688394021246	0.777583223697932	0.626325487851522	0.716962247112921	0.979118303579392	0.999579445565385
Steroidobacteraceae	0.111053864754953	0.436352653840775	0.726406392981541	0.447563855140652	0.979118303579392	0.999579445565385
Sterolibacteriaceae	0.0579176722737615	0.271766262098882	0.717427237283598	0.447563855140652	0.979118303579392	0.999579445565385
Streptococcaceae	0.235188887189567	0.534783383649031	0.170000616968244	0.539298100878909	0.979118303579392	0.999579445565385
Streptomycetaceae	0.111246508285354	0.446258525226859	0.937746628879376	0.447563855140652	0.979118303579392	0.999579445565385
Streptosporangiaceae	0.0500359818081369	0.26074662555417	0.679446683523204	0.447563855140652	0.979118303579392	0.999579445565385
Succinivibrionaceae	0.0893991764285645	0.712889333836305	0.743796223013199	0.447563855140652	0.979118303579392	0.999579445565385
Sulfolobaceae	0.968435668845939	0.834020900397209	0.794299902210427	0.98995646148696	0.979118303579392	0.999579445565385
Sutterellaceae	0.0516201137276184	0.584134774611222	0.487516029728522	0.447563855140652	0.979118303579392	0.999579445565385
Symbiobacteriaceae	0.0598362576188121	0.209653667896473	0.48655517597197	0.447563855140652	0.979118303579392	0.999579445565385
Synechococcaceae	0.246195466795895	0.276400386581484	0.871777380856129	0.546646454463016	0.979118303579392	0.999579445565385
Synergistaceae	0.0895100273947562	0.597761261367743	0.330652929119957	0.447563855140652	0.979118303579392	0.999579445565385
Syntrophaceae	0.508249104797943	0.644955590173743	0.895967815493113	0.716962247112921	0.979118303579392	0.999579445565385
Syntrophobacteraceae	0.372403995732668	0.654848061298131	0.439046790560829	0.645555228788067	0.979118303579392	0.999579445565385
Syntrophomonadaceae	0.83336566122495	0.797646502752391	0.894429881725775	0.911549789570077	0.979118303579392	0.999579445565385
Tannerellaceae	0.413249022426177	0.0996477134761213	0.812285257675227	0.676894541184717	0.979118303579392	0.999579445565385
Tepidiformaceae	0.0109356903106376	0.0538503808451936	0.413298018554131	0.437464095542375	0.979118303579392	0.999579445565385
Thermaceae	0.220953514970772	0.653786716902512	0.916145530717053	0.534761511531948	0.979118303579392	0.999579445565385
Thermoactinomycetaceae	0.323635314669412	0.328242459723468	0.955092788929207	0.609393829948735	0.979118303579392	0.999579445565385
Thermoanaerobacteraceae	0.503660805314879	0.613120866884385	0.913102523870091	0.716962247112921	0.979118303579392	0.999579445565385
Thermoanaerobacterales Family III. Incertae Sedis	0.569586657477959	0.87510700037091	0.811193666523586	0.755196926358496	0.979118303579392	0.999579445565385
Thermoanaerobacterales Family IV. Incertae Sedis	0.153859923374867	0.36724911697221	0.68552326920729	0.4665750824662	0.979118303579392	0.999579445565385
Thermococcaceae	0.274220208936663	0.661047751446971	0.960858068374505	0.569058478695631	0.979118303579392	0.999579445565385
Thermodesulfobacteriaceae	0.801190985777647	0.604302852588079	0.760711055479557	0.893449341715679	0.979118303579392	0.999579445565385
Thermodesulfobiaceae	0.22714592064979	0.615545311001975	0.423265657844421	0.537574181015268	0.979118303579392	0.999579445565385
Thermofilaceae	0.227884707169516	0.508973133044326	0.741176790978415	0.537574181015268	0.979118303579392	0.999579445565385
Thermoguttaceae	0.974589774924749	0.97231760484909	0.788003388141068	0.990525660808144	0.984688467450014	0.999579445565385
Thermomicrobiaceae	0.370809790762077	0.779011276513291	0.691619284005648	0.645555228788067	0.979118303579392	0.999579445565385
Thermomonosporaceae	0.00814110580309202	0.0953257531630064	0.40022975381499	0.437464095542375	0.979118303579392	0.999579445565385
Thermoplasmataceae	0.857030772851278	0.44648170569018	0.59628596495168	0.923986301980285	0.979118303579392	0.999579445565385
Thermoproteaceae	0.695037606926212	0.611903669431974	0.681757829356059	0.840715507558031	0.979118303579392	0.999579445565385
Thermotogaceae	0.555102710095723	0.891504736128955	0.559984896338159	0.750265537064792	0.979118303579392	0.999579445565385
Thioalkalibacteraceae	0.0100402041351441	0.220229419622941	0.59119525588078	0.437464095542375	0.979118303579392	0.999579445565385
Thioalkalispiraceae	0.708716690098459	0.641170208206348	0.877653710743716	0.840715507558031	0.979118303579392	0.999579445565385
Thiobacillaceae	0.183653701856672	0.490751436185169	0.812471946401072	0.50186556150932	0.979118303579392	0.999579445565385
Thiotrichaceae	0.446935027052545	0.173995988574482	0.19680680953641	0.699783771465273	0.979118303579392	0.999579445565385
Tissierellaceae	0.959186930391534	0.830926711168181	0.903120558537578	0.985979861408058	0.979118303579392	0.999579445565385
Tolypothrichaceae	0.213747054008097	0.971680969590829	0.252411467906359	0.534761511531948	0.984688467450014	0.999579445565385
Tospoviridae	0.733317234219017	0.801806161928924	0.828759319051877	0.848618686140246	0.979118303579392	0.999579445565385
Trichocomaceae	0.640412814252453	0.266349359499275	0.616564487764501	0.802243258811541	0.979118303579392	0.999579445565385
Trichomonascaceae	0.737432247764844	0.930476568349631	0.306587361441877	0.851595399092455	0.98027700345408	0.999579445565385
Trueperaceae	0.177431399347681	0.518140897066242	0.623704156313803	0.492171519798594	0.979118303579392	0.999579445565385
Tsukamurellaceae	0.131507159074981	0.576781291493102	0.992369328450196	0.447563855140652	0.979118303579392	0.999579445565385
Unclassified Acidobacteria Phylum	0.0568503206183725	0.390317451264893	0.639692130949705	0.447563855140652	0.979118303579392	0.999579445565385
Unclassified Acidobacteriia Class	0.656722162011699	0.524613601751188	0.681557869171735	0.815417493649645	0.979118303579392	0.999579445565385
Unclassified Actinobacteria Class	0.39348124215617	0.507328636205518	0.968138743219253	0.665357500948542	0.979118303579392	0.999579445565385
Unclassified Actinobacteria Phylum	0.847729742719321	0.98860308603935	0.227271305304206	0.91754278035503	0.99219800635222	0.999579445565385
Unclassified Alphaproteobacteria Class	0.0437157316071394	0.594743823384491	0.948306152689749	0.447563855140652	0.979118303579392	0.999579445565385
Unclassified Alteromonadales Order	0.132608749613146	0.666385056880908	0.992022791452978	0.447563855140652	0.979118303579392	0.999579445565385
Unclassified Aquificales Order	0.129388145938882	0.419747738979162	0.950251479864778	0.447563855140652	0.979118303579392	0.999579445565385
Unclassified Armatimonadetes Phylum	0.204934475228684	0.440505637345593	0.71112642677887	0.531097794958843	0.979118303579392	0.999579445565385
Unclassified Ascomycota Phylum	0.366336169131363	0.0479782997115057	0.388123050973044	0.645555228788067	0.979118303579392	0.999579445565385
Unclassified Bacillales Order	0.983782049779957	0.976421195723471	0.962760614083672	0.990525660808144	0.984688467450014	0.999579445565385
Unclassified Bacilli Class	0.946938379314272	0.836735615654872	0.830684004265207	0.982500287342978	0.979118303579392	0.999579445565385
Unclassified Bacteriovoracales Order	0.145903038647795	0.364837215244036	0.210830332299919	0.4665750824662	0.979118303579392	0.999579445565385
Unclassified Bacteroidales Order	0.288748909171966	0.277216455601845	0.671426377995315	0.582875863578116	0.979118303579392	0.999579445565385
Unclassified Bacteroidetes Phylum	0.473823029306542	0.225032925630417	0.511295528502062	0.706427193526571	0.979118303579392	0.999579445565385
Unclassified Bacteroidia Class	0.942839596343579	0.0139786834223524	0.110411088071076	0.980127038006884	0.979118303579392	0.999579445565385
Unclassified Balneolaeota Phylum	0.462402819158318	0.619201214597458	0.98204829581618	0.706427193526571	0.979118303579392	0.999579445565385
Unclassified Basidiomycota Phylum	0.000668258244505673	0.759481799539962	0.580111565202522	0.368878550967131	0.979118303579392	0.999579445565385
Unclassified Betaproteobacteria Class	0.092385033221734	0.624474810057271	0.803805445665844	0.447563855140652	0.979118303579392	0.999579445565385
Unclassified Blastocatellia Class	0.227507078023731	0.539963022361178	0.652537061455274	0.537574181015268	0.979118303579392	0.999579445565385
Unclassified Bradymonadales Order	0.423453372495319	0.573986847221052	0.933533815975045	0.683468601220515	0.979118303579392	0.999579445565385
Unclassified Burkholderiales Order	0.0351407579075643	0.566522053020109	0.906953134350587	0.447563855140652	0.979118303579392	0.999579445565385
Unclassified Campylobacterales Order	0.153918453396335	0.823305353360774	0.923915971055215	0.4665750824662	0.979118303579392	0.999579445565385
Unclassified Candidatus Bipolaricaulota Phylum	0.0757485365526203	0.207559415453682	0.345786128961285	0.447563855140652	0.979118303579392	0.999579445565385
Unclassified Candidatus Cloacimonetes Phylum	0.399626080475849	0.849664723287069	0.405442784488476	0.665357500948542	0.979118303579392	0.999579445565385
Unclassified Candidatus Gracilibacteria Phylum	0.399836632351463	0.669647283978675	0.887763574811265	0.665357500948542	0.979118303579392	0.999579445565385
Unclassified Candidatus Korarchaeota Phylum	0.444011782967731	0.312217082190542	0.0693552850068248	0.699783771465273	0.979118303579392	0.999579445565385
Unclassified Candidatus Micrarchaeota Phylum	0.783385770630992	0.615861344752499	0.0985871639227662	0.88431277175523	0.979118303579392	0.999579445565385
Unclassified Candidatus Saccharibacteria Phylum	0.939518645044605	0.638447867279202	0.407105942439962	0.979855365091677	0.979118303579392	0.999579445565385
Unclassified Cellvibrionales Order	0.879901281793635	0.490159913931001	0.712107466709867	0.937308436101565	0.979118303579392	0.999579445565385
Unclassified Chlamydiia Class	0.0377490950430508	0.0171953697428611	0.0675350946663089	0.447563855140652	0.979118303579392	0.999579445565385
Unclassified Chloroflexi Phylum	0.0781588284695892	0.967577449150204	0.854962143888336	0.447563855140652	0.984688467450014	0.999579445565385
Unclassified Chromatiales Order	0.00200327013688704	0.130299426356026	0.398049753493504	0.437464095542375	0.979118303579392	0.999579445565385
Unclassified Chroococcales Order	0.555903269310688	0.396715557088608	0.271542634128223	0.750265537064792	0.979118303579392	0.999579445565385
Unclassified Clostridia Class	0.525275246000764	0.591543365150861	0.861489297171156	0.725312884338431	0.979118303579392	0.999579445565385
Unclassified Clostridiales Order	0.536247108529899	0.87153095107523	0.807327057439622	0.736556248471098	0.979118303579392	0.999579445565385
Unclassified Coriobacteriales Order	0.775504041331175	0.716807735224835	0.725140887201641	0.880819404968742	0.979118303579392	0.999579445565385
Unclassified Coriobacteriia Class	0.493870284790235	0.847396871409068	0.363627590115048	0.713391416472055	0.979118303579392	0.999579445565385
Unclassified Corynebacteriales Order	0.81995892681579	0.798638291289465	0.78678962947026	0.903427799605421	0.979118303579392	0.999579445565385
Unclassified Cyanobacteria Phylum	0.940803158511937	0.515431048065695	0.857202402967165	0.979855365091677	0.979118303579392	0.999579445565385
Unclassified Cytophagales Order	0.279748571105764	0.908292885393251	0.791296411189407	0.571930412038451	0.979253267064598	0.999579445565385
Unclassified Dehalococcoidia Class	0.0871243049785196	0.558871428564218	0.917822058233701	0.447563855140652	0.979118303579392	0.999579445565385
Unclassified Deinococcales Order	0.788697171550719	0.133311561947361	0.759064257260148	0.885734514581692	0.979118303579392	0.999579445565385
Unclassified Deinococci Class	0.468209355579586	0.764242830852616	0.767588145607601	0.706427193526571	0.979118303579392	0.999579445565385
Unclassified Deltaproteobacteria Class	0.0646605572107647	0.5767206846221	0.462210501255574	0.447563855140652	0.979118303579392	0.999579445565385
Unclassified Desulfobacterales Order	0.388550102863605	0.0283139140607119	0.0688907087037703	0.665357500948542	0.979118303579392	0.999579445565385
Unclassified Desulfovibrionales Order	0.501179968368879	0.890728897154107	0.811235225115144	0.716962247112921	0.979118303579392	0.999579445565385
Unclassified Desulfuromonadales Order	0.878950222723026	0.800322800897711	0.975573410179108	0.937308436101565	0.979118303579392	0.999579445565385
Unclassified Elusimicrobia Phylum	0.706476928411247	0.597042672577144	0.906622342153275	0.840715507558031	0.979118303579392	0.999579445565385
Unclassified Enterobacterales Order	0.01740505897813	0.459040773420061	0.0638760184793821	0.447563855140652	0.979118303579392	0.999579445565385
Unclassified Entomoplasmatales Order	0.939005532320459	0.4809454899624	0.689158068655095	0.979855365091677	0.979118303579392	0.999579445565385
Unclassified Epsilonproteobacteria Class	0.510445947672786	0.621357179983602	0.70551142916955	0.716962247112921	0.979118303579392	0.999579445565385
Unclassified Euryarchaeota Phylum	0.443967835269218	0.950087313130313	0.949476692706818	0.699783771465273	0.98027700345408	0.999579445565385
Unclassified Firmicutes Phylum	0.494979913965212	0.966115166324316	0.879683695012379	0.713391416472055	0.984688467450014	0.999579445565385
Unclassified Flavobacteriales Order	0.888252494925738	0.0830129320286576	0.402333067713172	0.942914186921168	0.979118303579392	0.999579445565385
Unclassified Frankiales Order	0.186683973091018	0.775094482685568	0.828862716140676	0.507633266730255	0.979118303579392	0.999579445565385
Unclassified Fusobacteriales Order	0.623092436188297	0.398454606890848	0.487223397183239	0.790682815576873	0.979118303579392	0.999579445565385
Unclassified Gammaproteobacteria Class	0.104992207903338	0.441773923449077	0.71068593124479	0.447563855140652	0.979118303579392	0.999579445565385
Unclassified Halanaerobiales Order	0.472270442941004	0.559135811934274	0.469889367046175	0.706427193526571	0.979118303579392	0.999579445565385
Unclassified Halobacteria Class	0.016472223277645	0.628593786181602	0.856881511999322	0.447563855140652	0.979118303579392	0.999579445565385
Unclassified Halobacteriales Order	0.313482828017182	0.144800158917055	0.612063555497923	0.604998518719767	0.979118303579392	0.999579445565385
Unclassified Haloferacales Order	0.0734353371934591	0.645018996413745	0.342242663388169	0.447563855140652	0.979118303579392	0.999579445565385
Unclassified Ignavibacteriales Order	0.0362836672693577	0.46558158085162	0.0759347515509472	0.447563855140652	0.979118303579392	0.999579445565385
Unclassified Kiritimatiellaeota Phylum	0.112830239490495	0.0866093373408086	0.268932805537799	0.447563855140652	0.979118303579392	0.999579445565385
Unclassified Lactobacillales Order	0.433027484293049	0.521660084668578	0.864813691231875	0.690872641829253	0.979118303579392	0.999579445565385
Unclassified Legionellales Order	0.774989796475558	0.0621640389291737	0.312650750916811	0.880819404968742	0.979118303579392	0.999579445565385
Unclassified Marinilabiliales Order	0.98693679971826	0.0828259152507187	0.770029922132445	0.990525660808144	0.979118303579392	0.999579445565385
Unclassified Methanococcales Order	0.358156421247051	0.4348361129881	0.591774947828219	0.63366136066786	0.979118303579392	0.999579445565385
Unclassified Methanomassiliicoccales Order	0.617854165366294	0.51918590724501	0.819216263624728	0.789480322412487	0.979118303579392	0.999579445565385
Unclassified Methanomicrobia Class	0.658303476853016	0.153291308375477	0.679842553690773	0.815417493649645	0.979118303579392	0.999579445565385
Unclassified Methanomicrobiales Order	0.711257503676812	0.0233151343387733	0.8345212219192	0.840715507558031	0.979118303579392	0.999579445565385
Unclassified Micrococcales Order	0.22184852561742	0.338179181476957	0.957408637845085	0.534761511531948	0.979118303579392	0.999579445565385
Unclassified Mollicutes Class	0.397015110700369	0.760017042316714	0.926339063756625	0.665357500948542	0.979118303579392	0.999579445565385
Unclassified Myxococcales Order	0.144411106837937	0.506060273711493	0.761895261557597	0.4665750824662	0.979118303579392	0.999579445565385
Unclassified Negativicutes Class	0.542320354912161	0.380341756926385	0.450061768338445	0.742830858341222	0.979118303579392	0.999579445565385
Unclassified Neisseriales Order	0.10122936158924	0.669565759677622	0.273090282825658	0.447563855140652	0.979118303579392	0.999579445565385
Unclassified Nitriliruptoria Class	0.986398880284736	0.773738568611897	0.885870919692129	0.990525660808144	0.979118303579392	0.999579445565385
Unclassified Nitrosomonadales Order	0.480245548849435	0.338611125238985	0.645141080167506	0.706459707093683	0.979118303579392	0.999579445565385
Unclassified Nostocales Order	0.482491502852026	0.347888308204244	0.909254242501229	0.706459707093683	0.979118303579392	0.999579445565385
Unclassified Oceanospirillales Order	0.233268651035531	0.592131924032455	0.829408319127412	0.53876274214064	0.979118303579392	0.999579445565385
Unclassified Opitutae Class	0.00575467230262222	0.287304376523525	0.053652890200528	0.437464095542375	0.979118303579392	0.999579445565385
Unclassified Oscillatoriales Order	0.14654386396556	0.439214096379363	0.830235745173454	0.4665750824662	0.979118303579392	0.999579445565385
Unclassified Parachlamydiales Order	0.918686529321373	0.379724764471935	0.874070710804625	0.967776649208775	0.979118303579392	0.999579445565385
Unclassified Phycisphaerae Class	0.05061007759781	0.181553857215649	0.984305933475727	0.447563855140652	0.979118303579392	0.999579445565385
Unclassified Planctomycetales Order	0.599904019539084	0.777906555527083	0.88841563618919	0.777340419684447	0.979118303579392	0.999579445565385
Unclassified Planctomycetes Phylum	0.21079959625222	0.59985133439171	0.970319965957311	0.534761511531948	0.979118303579392	0.999579445565385
Unclassified Planctomycetia Class	0.448774375178816	0.313810478850238	0.889141982156266	0.699783771465273	0.979118303579392	0.999579445565385
Unclassified Propionibacteriales Order	0.121270343458469	0.0923078448709737	0.780882195530714	0.447563855140652	0.979118303579392	0.999579445565385
Unclassified Proteobacteria Phylum	0.0809013829540479	0.519584197526777	0.842942227332875	0.447563855140652	0.979118303579392	0.999579445565385
Unclassified Pseudomonadales Order	0.500986851936566	0.442479702107032	0.511706858472724	0.716962247112921	0.979118303579392	0.999579445565385
Unclassified Rhizobiales Order	0.0855004847596906	0.77646611243817	0.991698909790497	0.447563855140652	0.979118303579392	0.999579445565385
Unclassified Rhodobacterales Order	0.398698781039717	0.517335604464718	0.87290576024487	0.665357500948542	0.979118303579392	0.999579445565385
Unclassified Rhodocyclales Order	0.172641814974178	0.385149361720812	0.856683427656863	0.488709137773059	0.979118303579392	0.999579445565385
Unclassified Rhodospirillales Order	0.135621051767983	0.694778773886531	0.856121855485086	0.450980846842931	0.979118303579392	0.999579445565385
Unclassified Rickettsiales Order	0.881273692638971	0.600341692845088	0.718582380300665	0.937308436101565	0.979118303579392	0.999579445565385
Unclassified Saccharomycetales Order	0.0187236133645818	0.00272081232637776	0.0859722059511858	0.447563855140652	0.979118303579392	0.999579445565385
Unclassified Sedimentisphaerales Order	0.0155348442371043	0.0300648610813309	0.069648034874688	0.447563855140652	0.979118303579392	0.999579445565385
Unclassified Selenomonadales Order	0.276424112574661	0.205882621981326	0.360308806691826	0.569685695552806	0.979118303579392	0.999579445565385
Unclassified Silvanigrellales Order	0.342761678524026	0.377498233861122	0.144196381112336	0.626504789884975	0.979118303579392	0.999579445565385
Unclassified Sordariales Order	0.986704280613252	0.919364650075041	0.705326505784035	0.990525660808144	0.98027700345408	0.999579445565385
Unclassified Sordariomycetes Class	0.645337894999114	0.390130903272042	0.656961578909059	0.805942348505681	0.979118303579392	0.999579445565385
Unclassified Spartobacteria Class	0.587037382049517	0.0399850987259755	0.844756787527959	0.769702220644498	0.979118303579392	0.999579445565385
Unclassified Sphingomonadales Order	0.0885247417496335	0.53046399120352	0.963559340298364	0.447563855140652	0.979118303579392	0.999579445565385
Unclassified Spirochaetales Order	0.336729294261243	0.306149818230635	0.836109592990936	0.623740169235592	0.979118303579392	0.999579445565385
Unclassified Spirochaetia Class	0.763688699923318	0.942101631197916	0.666015710903359	0.872787085626649	0.98027700345408	0.999579445565385
Unclassified Streptosporangiales Order	0.566305372343421	0.435083838159427	0.758775976449345	0.755196926358496	0.979118303579392	0.999579445565385
Unclassified Synechococcales Order	0.167742180999184	0.938204660117739	0.883193408494133	0.479760020267095	0.98027700345408	0.999579445565385
Unclassified Tenericutes Phylum	0.813205962639242	0.580886073069281	0.573716623247425	0.89957853983339	0.979118303579392	0.999579445565385
Unclassified Thaumarchaeota Phylum	0.225922259052878	0.944519918608867	0.585965451614005	0.537574181015268	0.98027700345408	0.999579445565385
Unclassified Thermoanaerobacterales Order	0.833935948791465	0.329437092455021	0.866533132600213	0.911549789570077	0.979118303579392	0.999579445565385
Unclassified Thermomicrobia Class	0.169796878641807	0.631687995123119	0.319539776424335	0.483133386650916	0.979118303579392	0.999579445565385
Unclassified Thermoplasmata Class	0.46732909560409	0.183640976836509	0.892122764194355	0.706427193526571	0.979118303579392	0.999579445565385
Unclassified Thermoplasmatales Order	0.00425244753831265	0.15947330306031	0.322830157513007	0.437464095542375	0.979118303579392	0.999579445565385
Unclassified Thermotogae Class	0.253035991441071	0.803037685018278	0.38666294714057	0.555142854712675	0.979118303579392	0.999579445565385
Unclassified Thermotogales Order	0.0333114604399834	0.475895549207949	0.153088831763264	0.447563855140652	0.979118303579392	0.999579445565385
Unclassified Tissierellales Order	0.464513395635936	0.687900034897955	0.286953401206686	0.706427193526571	0.979118303579392	0.999579445565385
Unclassified Tissierellia Class	0.647478228478355	0.37512883799025	0.75496638430905	0.806790027359033	0.979118303579392	0.999579445565385
Unclassified Verrucomicrobia Phylum	0.148258101436077	0.845198432598508	0.654790643589685	0.4665750824662	0.979118303579392	0.999579445565385
Unclassified Verrucomicrobiales Order	0.268098375890259	0.318299833870753	0.201725648702807	0.56234776857112	0.979118303579392	0.999579445565385
Unclassified Victivallales Order	0.0543636956207358	0.0294645890233311	0.0507204636318413	0.447563855140652	0.979118303579392	0.999579445565385
Unclassified Xanthomonadales Order	0.146434670141801	0.802717794596605	0.83340604229846	0.4665750824662	0.979118303579392	0.999579445565385
Unclassified candidate division Zixibacteria Phylum	0.276586533348102	0.782713773244929	0.920270095334718	0.569685695552806	0.979118303579392	0.999579445565385
Unikaryonidae	0.731616402988435	0.0945591181688302	0.954227834393079	0.848618686140246	0.979118303579392	0.999579445565385
Ustilaginaceae	0.350443369670129	0.947909731350135	0.546620149494594	0.632840162352868	0.98027700345408	0.999579445565385
Vallitaleaceae	0.478590583095125	0.890942975518049	0.813478810181099	0.706459707093683	0.979118303579392	0.999579445565385
Veillonellaceae	0.723806433631653	0.584260169336094	0.355691848765564	0.848282699288052	0.979118303579392	0.999579445565385
Verrucomicrobiaceae	0.183496719578207	0.467151699298836	0.891701704656376	0.50186556150932	0.979118303579392	0.999579445565385
Vibrionaceae	0.407358218687528	0.697659804669698	0.964884159652665	0.675260470617163	0.979118303579392	0.999579445565385
Vicinamibacteraceae	0.0242353994319375	0.0886794344207784	0.474677736216346	0.447563855140652	0.979118303579392	0.999579445565385
Vulgatibacteraceae	0.0339040062165446	0.17181111830239	0.485358036148868	0.447563855140652	0.979118303579392	0.999579445565385
Waddliaceae	0.494371134919625	0.805108533832685	0.489453445398945	0.713391416472055	0.979118303579392	0.999579445565385
Wenzhouxiangellaceae	0.00623599997059708	0.0754984950862308	0.11418580699629	0.437464095542375	0.979118303579392	0.999579445565385
Woeseiaceae	0.278350050209869	0.520485757875555	0.511849862363786	0.571186720133263	0.979118303579392	0.999579445565385
Xanthobacteraceae	0.0647435779306417	0.57590987325751	0.833948206671649	0.447563855140652	0.979118303579392	0.999579445565385
Xanthomonadaceae	0.103726082274006	0.45025819244331	0.942761785053454	0.447563855140652	0.979118303579392	0.999579445565385
Yersiniaceae	0.0805509667574643	0.414394336579198	0.657907770226302	0.447563855140652	0.979118303579392	0.999579445565385
Zoogloeaceae	0.0648412781004889	0.584933092551875	0.980971793930691	0.447563855140652	0.979118303579392	0.999579445565385
