p-variable	p-treatment	p-interaction	adjusted.p-variable	adjusted.p-treatment	adjusted.p-interaction
Acaryochloridaceae	0.80045242306096	0.403013333938748	0.104136567824432	0.999797384021062	0.948671822253351	0.645089032663942
Acetobacteraceae	0.942384854556262	0.678394658413989	0.873300541854418	0.999797384021062	0.988260314000875	0.985785588731941
Acholeplasmataceae	0.951137684682958	0.302537061340977	0.215463376039057	0.999797384021062	0.898778682283044	0.777358062572286
Acidaminococcaceae	0.347021972092952	0.404559699183408	0.427235757851612	0.999797384021062	0.948671822253351	0.923210766153815
Acidiferrobacteraceae	0.697347563917891	0.41933418724683	0.498263884852777	0.999797384021062	0.948671822253351	0.948419532547355
Acidilobaceae	0.627398760716404	0.802255705036731	0.314503480373858	0.999797384021062	0.988260314000875	0.851713140228095
Acidimicrobiaceae	0.66034246760067	0.885325182913341	0.819191149842125	0.999797384021062	0.997998585699999	0.978815629394601
Acidithiobacillaceae	0.87853916050265	0.78176969883861	0.826318991481674	0.999797384021062	0.988260314000875	0.978815629394601
Acidobacteriaceae	0.756472750569143	0.965346960855987	0.948282755693763	0.999797384021062	0.999089634071041	0.987374507654033
Acidothermaceae	0.222193277107467	0.360586585168684	0.0599812396210397	0.999797384021062	0.930111191650063	0.593906936025235
Actinomycetaceae	0.325113879792871	0.767735425217869	0.56964925587467	0.999797384021062	0.988260314000875	0.95423487950643
Actinopolysporaceae	0.892158352202597	0.860003050501272	0.583639657647844	0.999797384021062	0.997998585699999	0.95423487950643
Aerococcaceae	0.291443469877432	0.891122809750475	0.725111617978555	0.999797384021062	0.997998585699999	0.96627033788902
Aeromonadaceae	0.62071291387012	0.427642758034839	0.457187003707902	0.999797384021062	0.949131166352217	0.93016811223089
Akkermansiaceae	0.470679680625116	0.139033564569368	0.137683942053071	0.999797384021062	0.739090151050054	0.680484216779742
Alcaligenaceae	0.827259215555513	0.741446028181687	0.744666270960885	0.999797384021062	0.988260314000875	0.967006457902882
Alcanivoracaceae	0.7015344639997	0.82191802812749	0.899821486481777	0.999797384021062	0.988260314000875	0.985785588731941
Alicyclobacillaceae	0.949276193779857	0.728165937595687	0.73455408567386	0.999797384021062	0.988260314000875	0.96627033788902
Alteromonadaceae	0.98321520888085	0.629069801203151	0.540316745272634	0.999797384021062	0.988260314000875	0.95423487950643
Amoebophilaceae	0.846999161422348	0.0372689680797113	0.0336159883276241	0.999797384021062	0.561353363554329	0.515445154356903
Anaerohalosphaeraceae	0.787095579518077	0.615868683594678	0.668144170915413	0.999797384021062	0.988260314000875	0.95423487950643
Anaerolineaceae	0.792734267353703	0.973533140726965	0.834294156882854	0.999797384021062	0.999089634071041	0.981730430020556
Anaeromyxobacteraceae	0.854852788937043	0.553244747468275	0.612625110241589	0.999797384021062	0.988260314000875	0.95423487950643
Anaplasmataceae	0.722645853353341	0.205453082863023	0.120918753631711	0.999797384021062	0.822970268489097	0.667471520047047
Aphanizomenonaceae	0.69398115732567	0.184428063642414	0.297579951380901	0.999797384021062	0.801608591579627	0.842380170062859
Aphanothecaceae	0.667015751471619	0.961205460447338	0.782922387278562	0.999797384021062	0.999089634071041	0.967006457902882
Aquificaceae	0.798574061382093	0.238383571908239	0.260495313465126	0.999797384021062	0.837728035119245	0.796559167702576
Archaeoglobaceae	0.842064698423426	0.151981383751644	0.333691271868027	0.999797384021062	0.762670216644611	0.881207280971627
Archangiaceae	0.795002570472259	0.590213240774563	0.583124813884147	0.999797384021062	0.988260314000875	0.95423487950643
Ardenticatenaceae	0.797189931282992	0.729503919187044	0.633606003184137	0.999797384021062	0.988260314000875	0.95423487950643
Arenaviridae	0.378095738637907	0.183539347831058	0.112605884134698	0.999797384021062	0.801608591579627	0.647483833774512
Aspergillaceae	0.346287846688173	0.95065128210492	0.969793651621242	0.999797384021062	0.999089634071041	0.987374507654033
Aspiviridae	0.601062138081415	0.913091598224445	0.890199718525799	0.999797384021062	0.997998585699999	0.985785588731941
Atopobiaceae	0.683249324776193	0.182423925181141	0.262131627141481	0.999797384021062	0.801608591579627	0.796559167702576
Aurantimonadaceae	0.682390162369727	0.36388620007236	0.377273419582724	0.999797384021062	0.931105831798964	0.911353514759385
Azonexaceae	0.992694682500068	0.925707122357911	0.804553231527482	0.999797384021062	0.997998585699999	0.978815629394601
Bacillaceae	0.954394671090136	0.304691203760996	0.245781624061246	0.999797384021062	0.898778682283044	0.796559167702576
Bacteriovoracaceae	0.445610759053254	0.227365459373676	0.142998974286353	0.999797384021062	0.82488173721059	0.680484216779742
Bacteroidaceae	0.000880900590390261	0.00562988195814636	0.00289233859154156	0.188732854115647	0.240552391048974	0.134459201211966
Baekduiaceae	0.725641980603954	0.999965080412898	0.785554787561219	0.999797384021062	0.999965080412898	0.967006457902882
Barnesiellaceae	0.043840754035638	0.0074245072157723	0.0029230261133036	0.999797384021062	0.246273643249519	0.134459201211966
Bartonellaceae	0.559741240631548	0.162214776296054	0.106392881455332	0.999797384021062	0.792412004561253	0.645089032663942
Bdellovibrionaceae	0.633172182402862	0.677040141025556	0.375111457127405	0.999797384021062	0.988260314000875	0.911353514759385
Beijerinckiaceae	0.659864893759986	0.588442170843176	0.691894900056703	0.999797384021062	0.988260314000875	0.95423487950643
Bernardetiaceae	0.985263515629817	0.196161018066463	0.158868024270179	0.999797384021062	0.821677358672233	0.684549307288663
Beutenbergiaceae	0.766568357365908	0.933818370343313	0.691596984900466	0.999797384021062	0.999056570434183	0.95423487950643
Bifidobacteriaceae	0.999601130150603	0.00270268176960027	0.0171745774975932	0.999797384021062	0.192384247875292	0.379214671146858
Blattabacteriaceae	0.603267468376518	0.540746084201488	0.368819767430794	0.999797384021062	0.988260314000875	0.911353514759385
Bogoriellaceae	0.877577798093638	0.416685862832639	0.384829405917599	0.999797384021062	0.948671822253351	0.915628586493598
Borreliaceae	0.941541270094077	0.683564303033456	0.688544615057764	0.999797384021062	0.988260314000875	0.95423487950643
Brachyspiraceae	0.53275464699892	0.239784473820364	0.200316857822485	0.999797384021062	0.837728035119245	0.759645610057288
Bradymonadaceae	0.476748022177576	0.912657671330803	0.644385609298457	0.999797384021062	0.997998585699999	0.95423487950643
Bradyrhizobiaceae	0.901937641592018	0.79974933872195	0.822401172851855	0.999797384021062	0.988260314000875	0.978815629394601
Brevibacteriaceae	0.870618428839494	0.449384416501635	0.645357750265677	0.999797384021062	0.984365864717866	0.95423487950643
Brucellaceae	0.777702987594444	0.37178588954442	0.37118054682606	0.999797384021062	0.931105831798964	0.911353514759385
Budviciaceae	0.799770558730735	0.115842165478194	0.135781080416211	0.999797384021062	0.695052992869161	0.680484216779742
Burkholderiaceae	0.917313578664179	0.963622897230138	0.970876144719195	0.999797384021062	0.999089634071041	0.987374507654033
Caedimonadaceae	0.484004841286971	0.00566518312253018	0.0197172682856455	0.999797384021062	0.240552391048974	0.403108596062086
Caldilineaceae	0.989160832734957	0.864892381826314	0.950748308088697	0.999797384021062	0.997998585699999	0.987374507654033
Caldisphaeraceae	0.654059134710881	0.224800094741198	0.159272528807948	0.999797384021062	0.82488173721059	0.684549307288663
Calditrichaceae	0.181775670517587	0.205742567122274	0.0768167621420015	0.999797384021062	0.822970268489097	0.593906936025235
Calotrichaceae	0.998343038219953	0.369159274909748	0.268391544506935	0.999797384021062	0.931105831798964	0.796559167702576
Campylobacteraceae	0.950442895207713	0.583026384278643	0.387971161429389	0.999797384021062	0.988260314000875	0.917131589455066
Candidatus Brocadiaceae	0.929861516009274	0.225341497024014	0.840058605616774	0.999797384021062	0.82488173721059	0.981730430020556
Candidatus Deianiraeaceae	0.0858851804990126	0.00494897555718823	0.00196344609292714	0.999797384021062	0.240552391048974	0.134459201211966
Candidatus Methanomethylophilaceae	0.721587501497334	0.762254777194084	0.569843559476727	0.999797384021062	0.988260314000875	0.95423487950643
Candidatus Midichloriaceae	0.649670606300134	0.0700201152623859	0.0488682296069228	0.999797384021062	0.587502718168339	0.573941760489816
Candidatus Nanopelagicaceae	0.447071423012093	0.259067154249396	0.138560417979521	0.999797384021062	0.859433653803538	0.680484216779742
Candidatus Nitrosocaldaceae	0.212069260915598	0.590633077072794	0.42224576276611	0.999797384021062	0.988260314000875	0.923210766153815
Candidatus Paracaedibacteraceae	0.235089259119984	0.0143213833832323	0.0167068275998706	0.999797384021062	0.395270181377211	0.379214671146858
Cardiobacteriaceae	0.993411792590214	0.994214304284954	0.717333132636113	0.999797384021062	0.999089634071041	0.96584214923868
Carnobacteriaceae	0.937520494727545	0.291143422039732	0.287514308563351	0.999797384021062	0.882421759325394	0.826603637119633
Casimicrobiaceae	0.951227094924458	0.510774875121423	0.531310463077146	0.999797384021062	0.984383226809254	0.95423487950643
Catenulisporaceae	0.747854847468864	0.540085899976025	0.511047723387759	0.999797384021062	0.988260314000875	0.953842596398808
Caulobacteraceae	0.850052156782072	0.521228161536607	0.604967675304902	0.999797384021062	0.984383226809254	0.95423487950643
Cellulomonadaceae	0.948987402848189	0.743892833742871	0.578445308890802	0.999797384021062	0.988260314000875	0.95423487950643
Cellvibrionaceae	0.842127474647318	0.939192160747827	0.805541894255971	0.999797384021062	0.999056570434183	0.978815629394601
Chaetomiaceae	0.947116440699485	0.716797526135116	0.779344308237851	0.999797384021062	0.988260314000875	0.967006457902882
Chamaesiphonaceae	0.483200760959362	0.202442247788811	0.26621602310063	0.999797384021062	0.821677358672233	0.796559167702576
Chelatococcaceae	0.647355026201767	0.70900479099239	0.755605640645844	0.999797384021062	0.988260314000875	0.967006457902882
Chitinophagaceae	0.424820330317265	0.0682457094870408	0.0429424763069676	0.999797384021062	0.587502718168339	0.561829034477626
Chlamydiaceae	0.767474304257265	0.000571367397075594	0.00150391251391105	0.999797384021062	0.105131601061909	0.121981373712115
Chlorobiaceae	0.729131691865664	0.847297376391728	0.6670349736672	0.999797384021062	0.995123727166455	0.95423487950643
Chloroflexaceae	0.688004532317544	0.906027516339575	0.712966521153898	0.999797384021062	0.997998585699999	0.96584214923868
Christensenellaceae	0.394854969213375	0.706082152095291	0.577393947932695	0.999797384021062	0.988260314000875	0.95423487950643
Chromatiaceae	0.883868593846494	0.837195286516595	0.764224839785761	0.999797384021062	0.992518222336684	0.967006457902882
Chromobacteriaceae	0.814066040308503	0.839684800418897	0.818623588013397	0.999797384021062	0.992518222336684	0.978815629394601
Chroococcaceae	0.660975714399069	0.290747245231307	0.220404269764511	0.999797384021062	0.882421759325394	0.778286077340115
Chroococcidiopsidaceae	0.533289151421655	0.141193492603669	0.136646351124994	0.999797384021062	0.742274361116432	0.680484216779742
Chrysiogenaceae	0.214691652572684	0.989737968049202	0.519094527943998	0.999797384021062	0.999089634071041	0.953842596398808
Chthonomonadaceae	0.331911266854541	0.11957595473332	0.0437656675408295	0.999797384021062	0.700134086235011	0.561829034477626
Clavicipitaceae	0.933030539975304	0.690784240201425	0.592004019833151	0.999797384021062	0.988260314000875	0.95423487950643
Clostridiaceae	0.541340934201636	0.223528911688223	0.363666487783631	0.999797384021062	0.82488173721059	0.90834344459984
Clostridiales Family XIII. Incertae Sedis	0.84820623416451	0.263123709226083	0.398167852025845	0.999797384021062	0.859433653803538	0.923210766153815
Clostridiales Family XVI. Incertae Sedis	0.839016133690846	0.759909484577141	0.425271758309254	0.999797384021062	0.988260314000875	0.923210766153815
Clostridiales Family XVII. Incertae Sedis	0.943920479677463	0.541683614569369	0.439944360641393	0.999797384021062	0.988260314000875	0.923210766153815
Cohaesibacteraceae	0.808173649487054	0.725387245747753	0.717260333235278	0.999797384021062	0.988260314000875	0.96584214923868
Coleofasciculaceae	0.48755353992245	0.913298941789161	0.629955235307647	0.999797384021062	0.997998585699999	0.95423487950643
Colwelliaceae	0.60804630370404	0.233118751820384	0.117015648534872	0.999797384021062	0.82488173721059	0.652450888800499
Comamonadaceae	0.833641826080333	0.691619244451585	0.654640550954454	0.999797384021062	0.988260314000875	0.95423487950643
Conexibacteraceae	0.65740688658291	0.983519928039845	0.948607670241266	0.999797384021062	0.999089634071041	0.987374507654033
Coprothermobacteraceae	0.410249439449406	0.482364064611251	0.419410279540927	0.999797384021062	0.984383226809254	0.923210766153815
Coriobacteriaceae	0.492928797087227	0.123815895796623	0.177893490399425	0.999797384021062	0.700134086235011	0.727386716299873
Corynebacteriaceae	0.772722920329529	0.866284130015598	0.730666997683147	0.999797384021062	0.997998585699999	0.96627033788902
Coxiellaceae	0.804068492043724	0.826780591613532	0.82226960112338	0.999797384021062	0.988260314000875	0.978815629394601
Crocinitomicaceae	0.421374665122892	0.753300393540756	0.695411727810474	0.999797384021062	0.988260314000875	0.954893715799457
Cryomorphaceae	0.88837035828767	0.0945199907605984	0.0758499924006574	0.999797384021062	0.613374069094411	0.593906936025235
Cryptococcaceae	0.394930919234365	0.88028254401749	0.933354228541417	0.999797384021062	0.997998585699999	0.987374507654033
Cuniculiplasmataceae	0.565669698368223	0.0741264045488283	0.162456447925389	0.999797384021062	0.601731989866959	0.684549307288663
Cyanobacteriaceae	0.634039815003807	0.0213030037370643	0.0156769670291672	0.999797384021062	0.447044371931796	0.376247208700014
Cyanothecaceae	0.894760784177345	0.697855358738854	0.49693364782568	0.999797384021062	0.988260314000875	0.948419532547355
Cyclobacteriaceae	0.60365071496349	0.0220449052801234	0.0135744710176881	0.999797384021062	0.447044371931796	0.366415410729667
Cytophagaceae	0.676111385251627	0.211729421069084	0.138668130618399	0.999797384021062	0.82488173721059	0.680484216779742
Debaryomycetaceae	0.770463994845702	0.146070743117539	0.162395840970257	0.999797384021062	0.753561216830667	0.684549307288663
Deferribacteraceae	0.338140201463114	0.469957663830946	0.441789324972858	0.999797384021062	0.984383226809254	0.923210766153815
Dehalococcoidaceae	0.270704957677809	0.0673214051251658	0.0817697955397062	0.999797384021062	0.587502718168339	0.593906936025235
Deinococcaceae	0.8104334263927	0.653593938555613	0.640672465017007	0.999797384021062	0.988260314000875	0.95423487950643
Dermabacteraceae	0.968682923311211	0.805419158148651	0.662127950666822	0.999797384021062	0.988260314000875	0.95423487950643
Dermacoccaceae	0.668501019118375	0.664572292806521	0.766320788281284	0.999797384021062	0.988260314000875	0.967006457902882
Dermatophilaceae	0.881291966576114	0.308158239222838	0.360050747506784	0.999797384021062	0.898778682283044	0.904309635724832
Dermocarpellaceae	0.869551916109522	0.826338332494799	0.376093285141425	0.999797384021062	0.988260314000875	0.911353514759385
Desulfarculaceae	0.785213895427667	0.283538941020013	0.311953903205904	0.999797384021062	0.882421759325394	0.851713140228095
Desulfobacteraceae	0.821351219256495	0.913025049746778	0.960320319356512	0.999797384021062	0.997998585699999	0.987374507654033
Desulfobulbaceae	0.860757593714619	0.506779320231792	0.468333835659786	0.999797384021062	0.984383226809254	0.938798527298994
Desulfohalobiaceae	0.720876024895036	0.6305367855272	0.970881570233484	0.999797384021062	0.988260314000875	0.987374507654033
Desulfomicrobiaceae	0.894879903772303	0.677741294137254	0.485206260937897	0.999797384021062	0.988260314000875	0.948419532547355
Desulfovibrionaceae	0.673583667268833	0.982999575904921	0.477766086574295	0.999797384021062	0.999089634071041	0.945257633652368
Desulfurellaceae	0.451973513123856	0.339616596899518	0.26912540421105	0.999797384021062	0.918521907641651	0.796559167702576
Desulfurobacteriaceae	0.94689171323792	0.83829828517898	0.58148931174698	0.999797384021062	0.992518222336684	0.95423487950643
Desulfurococcaceae	0.856376595149895	0.508940762699651	0.924464918612619	0.999797384021062	0.984383226809254	0.987374507654033
Desulfuromonadaceae	0.982430184985182	0.929295784510506	0.825374945312684	0.999797384021062	0.997998585699999	0.978815629394601
Dictyoglomaceae	0.789925311029778	0.271990821640111	0.259547885688826	0.999797384021062	0.872900776426402	0.796559167702576
Dietziaceae	0.743623716722309	0.523809859267939	0.458343707476091	0.999797384021062	0.984383226809254	0.93016811223089
Dipodascaceae	0.729959376515545	0.69970340964316	0.501108731295492	0.999797384021062	0.988260314000875	0.950556768642996
Dysgonamonadaceae	0.049301484159322	0.00131734680043803	0.000684900962494684	0.999797384021062	0.181793858460448	0.121981373712115
Ectothiorhodospiraceae	0.645947145824043	0.523030179990772	0.420325399438201	0.999797384021062	0.984383226809254	0.923210766153815
Eggerthellaceae	0.287413281635293	0.421024852373606	0.338434680373161	0.999797384021062	0.948671822253351	0.881207280971627
Egibacteraceae	0.65288004728542	0.309077808929681	0.22525885564736	0.999797384021062	0.898778682283044	0.778286077340115
Egicoccaceae	0.494391815033469	0.952911780693116	0.945961453321807	0.999797384021062	0.999089634071041	0.987374507654033
Elusimicrobiaceae	0.0550279925452574	0.373971210795711	0.665802523481023	0.999797384021062	0.931105831798964	0.95423487950643
Emcibacteraceae	0.879165542875513	0.782345426965833	0.919658276702237	0.999797384021062	0.988260314000875	0.987374507654033
Endomicrobiaceae	0.841709636863734	0.0153951210545594	0.0292408515222672	0.999797384021062	0.403879372398492	0.489119698190651
Endozoicomonadaceae	0.508590602085268	0.51601471323369	0.423631038154513	0.999797384021062	0.984383226809254	0.923210766153815
Enterobacteriaceae	0.0475718370157199	0.685178850474952	0.204567008392583	0.999797384021062	0.988260314000875	0.759645610057288
Enterococcaceae	0.273089010064648	0.74807419147796	0.495034769701936	0.999797384021062	0.988260314000875	0.948419532547355
Entomoplasmataceae	0.775353362480562	0.0492305554783155	0.0538680617437838	0.999797384021062	0.561435901664345	0.584106884372071
Erwiniaceae	0.844300418715196	0.759553063673678	0.552992236446655	0.999797384021062	0.988260314000875	0.95423487950643
Erysipelotrichaceae	0.160455777529198	0.484006645773481	0.613281334130697	0.999797384021062	0.984383226809254	0.95423487950643
Erythrobacteraceae	0.998697009090722	0.806669057946594	0.813684642519174	0.999797384021062	0.988260314000875	0.978815629394601
Eubacteriaceae	0.665860895475015	0.224559591866457	0.351142679810049	0.999797384021062	0.82488173721059	0.897364626181237
Euzebyaceae	0.493977419380645	0.418723041626121	0.285154820632663	0.999797384021062	0.948671822253351	0.824112361200156
Ferrimonadaceae	0.743256942423644	0.898064723134017	0.967736926436697	0.999797384021062	0.997998585699999	0.987374507654033
Ferroplasmaceae	0.758529012978588	0.521209923691898	0.496455566465564	0.999797384021062	0.984383226809254	0.948419532547355
Fervidicoccaceae	0.837366705559412	0.172355516797327	0.269848848478952	0.999797384021062	0.793751689269842	0.796559167702576
Fervidobacteriaceae	0.844910652631039	0.248298867622048	0.261021229484506	0.999797384021062	0.852907467027488	0.796559167702576
Fibrobacteraceae	0.748618747942472	0.920497185798591	0.942624431910092	0.999797384021062	0.997998585699999	0.987374507654033
Fimbriimonadaceae	0.5210161657772	0.782297587562828	0.840192376493579	0.999797384021062	0.988260314000875	0.981730430020556
Flammeovirgaceae	0.689257820689166	0.226252394763646	0.237030105421766	0.999797384021062	0.82488173721059	0.783311024663876
Flavobacteriaceae	0.424525779908543	0.0488264077346088	0.0238860132913365	0.999797384021062	0.561435901664345	0.425325139897346
Francisellaceae	0.724870985052299	0.199568290768587	0.204836628241519	0.999797384021062	0.821677358672233	0.759645610057288
Frankiaceae	0.760150638906469	0.251536470910135	0.204862364025436	0.999797384021062	0.854186054694523	0.759645610057288
Fusobacteriaceae	0.893939462362643	0.0640473737502097	0.0693786847284115	0.999797384021062	0.587502718168339	0.593906936025235
Gallionellaceae	0.708480506245744	0.737460191282624	0.775175333205511	0.999797384021062	0.988260314000875	0.967006457902882
Gemmataceae	0.930246509672049	0.669757916563268	0.833519577258739	0.999797384021062	0.988260314000875	0.981730430020556
Gemmatimonadaceae	0.765694058054528	0.934855052895711	0.979736462501663	0.999797384021062	0.999056570434183	0.989201727709679
Geobacteraceae	0.799995826259273	0.540778115503858	0.675998576252836	0.999797384021062	0.988260314000875	0.95423487950643
Geodermatophilaceae	0.730250720222214	0.39405281784821	0.424480916895182	0.999797384021062	0.948671822253351	0.923210766153815
Gloeobacteraceae	0.852917162614531	0.954781670810506	0.982482702962276	0.999797384021062	0.999089634071041	0.989201727709679
Gloeomargaritaceae	0.944271097657627	0.807747931115355	0.911446476863084	0.999797384021062	0.988260314000875	0.986864267314441
Glomerellaceae	0.932275681154602	0.882349884731721	0.698011015634881	0.999797384021062	0.997998585699999	0.956084567321227
Glycomycetaceae	0.638544369815013	0.616293463661709	0.55908233960968	0.999797384021062	0.988260314000875	0.95423487950643
Gomontiellaceae	0.74556724770773	0.190891958578346	0.254602540385672	0.999797384021062	0.810556624117285	0.796559167702576
Gordoniaceae	0.783718179312011	0.86544337351625	0.901536864148512	0.999797384021062	0.997998585699999	0.985785588731941
Gottschalkiaceae	0.697739880253484	0.348798811821985	0.185569938346146	0.999797384021062	0.918521907641651	0.742279753384584
Granulosicoccaceae	0.752281617658721	0.897459099925854	0.750656838840113	0.999797384021062	0.997998585699999	0.967006457902882
Hafniaceae	0.982927196604301	0.515190196392598	0.628015647098279	0.999797384021062	0.984383226809254	0.95423487950643
Hahellaceae	0.739423543194603	0.921177298445243	0.853448019564375	0.999797384021062	0.997998585699999	0.981730430020556
Halanaerobiaceae	0.839099304263661	0.293525744200037	0.239818049217745	0.999797384021062	0.882421759325394	0.783311024663876
Halieaceae	0.777237468779364	0.91896741641127	0.903662656138947	0.999797384021062	0.997998585699999	0.985785588731941
Haliscomenobacteraceae	0.64573690828524	0.804637820148246	0.565517879376182	0.999797384021062	0.988260314000875	0.95423487950643
Haloarculaceae	0.779184702681626	0.711978375111456	0.768837963341058	0.999797384021062	0.988260314000875	0.967006457902882
Halobacteriaceae	0.761727291987002	0.706543548247719	0.729968416131676	0.999797384021062	0.988260314000875	0.96627033788902
Halobacteriovoraceae	0.423443972423114	0.0986019247968579	0.0701477193696557	0.999797384021062	0.625612212504202	0.593906936025235
Halobacteroidaceae	0.726476126440875	0.0853501756939736	0.0540521483623386	0.999797384021062	0.605940015042874	0.584106884372071
Haloferacaceae	0.817699727450181	0.928029998397197	0.784635307957729	0.999797384021062	0.997998585699999	0.967006457902882
Halomonadaceae	0.69803680992504	0.527857672346991	0.554483209855513	0.999797384021062	0.984383226809254	0.95423487950643
Halorubraceae	0.802504591398671	0.853303425873059	0.968207666829729	0.999797384021062	0.997998585699999	0.987374507654033
Halothiobacillaceae	0.958542797375391	0.920728113784404	0.968902694996623	0.999797384021062	0.997998585699999	0.987374507654033
Hapalosiphonaceae	0.0720459379006528	0.130130816175443	0.0228302914106733	0.999797384021062	0.717177912731659	0.425325139897346
Helicobacteraceae	0.736849582970579	0.0855792090250165	0.0564454642241748	0.999797384021062	0.605940015042874	0.584106884372071
Heliobacteriaceae	0.747986980753701	0.936022557900316	0.66069202702618	0.999797384021062	0.999056570434183	0.95423487950643
Holosporaceae	0.682060155456774	0.0868833728674189	0.161417365615685	0.999797384021062	0.605940015042874	0.684549307288663
Hungateiclostridiaceae	0.644078093519533	0.160105169993824	0.133117906870557	0.999797384021062	0.789089766398135	0.680484216779742
Hydrogenophilaceae	0.0408704551426129	0.408312521778757	0.823223552571562	0.999797384021062	0.948671822253351	0.978815629394601
Hydrogenothermaceae	0.551396570036594	0.219440477338754	0.150187225409353	0.999797384021062	0.82488173721059	0.680484216779742
Hyellaceae	0.755690022209215	0.703620244500513	0.196880372784275	0.999797384021062	0.988260314000875	0.759645610057288
Hymenobacteraceae	0.893433605588868	0.947929401499162	0.926655319423524	0.999797384021062	0.999089634071041	0.987374507654033
Hyphomicrobiaceae	0.954015075574028	0.783251699365198	0.736956181614633	0.999797384021062	0.988260314000875	0.96627033788902
Hyphomonadaceae	0.761996532293281	0.810658512989215	0.908920849775018	0.999797384021062	0.988260314000875	0.986864267314441
Iamiaceae	0.332620653613252	0.697133277035834	0.660777729772902	0.999797384021062	0.988260314000875	0.95423487950643
Ichthyobacteriaceae	0.254423827906564	0.0487130754186332	0.0346441322430199	0.999797384021062	0.561435901664345	0.516852999949918
Idiomarinaceae	0.911099667478907	0.825711433675741	0.98905354783688	0.999797384021062	0.988260314000875	0.99265010619265
Ignavibacteriaceae	0.573407888233574	0.56135307745129	0.316093970507834	0.999797384021062	0.988260314000875	0.851713140228095
Ilumatobacteraceae	0.653482714758214	0.188618761675583	0.148976890167389	0.999797384021062	0.810556624117285	0.680484216779742
Immundisolibacteraceae	0.814435621565178	0.793331913616101	0.855613335293528	0.999797384021062	0.988260314000875	0.981909690399226
Intrasporangiaceae	0.85538109094714	0.65570037841756	0.535967756807269	0.999797384021062	0.988260314000875	0.95423487950643
Isosphaeraceae	0.746032451109535	0.981780018717954	0.864283777277032	0.999797384021062	0.999089634071041	0.985785588731941
Jiangellaceae	0.685979785714151	0.805198484028372	0.658532359020387	0.999797384021062	0.988260314000875	0.95423487950643
Jonesiaceae	0.611137587558943	0.0947389278995988	0.237730292321166	0.999797384021062	0.613374069094411	0.783311024663876
Kangiellaceae	0.829362175964372	0.224467516848079	0.211701031058776	0.999797384021062	0.82488173721059	0.773900457910226
Kineosporiaceae	0.552719158159915	0.401176592714055	0.403881236771157	0.999797384021062	0.948671822253351	0.923210766153815
Kiritimatiellaceae	0.411366957796555	0.0571357598294505	0.0716570463106584	0.999797384021062	0.586467930682486	0.593906936025235
Kofleriaceae	0.78359322694705	0.46967013284984	0.310226908696848	0.999797384021062	0.984383226809254	0.851713140228095
Kosmotogaceae	0.852961542103899	0.412837625012373	0.421828510598798	0.999797384021062	0.948671822253351	0.923210766153815
Ktedonosporobacteraceae	0.567115009642948	0.981555499258009	0.808728948364841	0.999797384021062	0.999089634071041	0.978815629394601
Labilitrichaceae	0.679839822102402	0.88377318820697	0.654567006539352	0.999797384021062	0.997998585699999	0.95423487950643
Lachnospiraceae	0.228120992994517	0.986243653793389	0.666004686222754	0.999797384021062	0.999089634071041	0.95423487950643
Lacipirellulaceae	0.949852008496257	0.346334301142428	0.398327387963136	0.999797384021062	0.918521907641651	0.923210766153815
Lactobacillaceae	0.243946372390575	0.897345998946854	0.97127601024663	0.999797384021062	0.997998585699999	0.987374507654033
Legionellaceae	0.904013196642386	0.28752989699634	0.195808997919439	0.999797384021062	0.882421759325394	0.759645610057288
Leptolyngbyaceae	0.423424427235719	0.622036701095183	0.470281040334724	0.999797384021062	0.988260314000875	0.938798527298994
Leptospiraceae	0.984264466343195	0.918580232987634	0.626350976340055	0.999797384021062	0.997998585699999	0.95423487950643
Leptotrichiaceae	0.930253836264885	0.231975448243106	0.17543871606249	0.999797384021062	0.82488173721059	0.722734249335205
Leuconostocaceae	0.751242924472662	0.620914251629296	0.788767230301143	0.999797384021062	0.988260314000875	0.967006457902882
Lichenihabitantaceae	0.973939282634934	0.396126302369379	0.44379198215142	0.999797384021062	0.948671822253351	0.923210766153815
Limnochordaceae	0.982866976671319	0.542782080095047	0.496519380483592	0.999797384021062	0.988260314000875	0.948419532547355
Listeriaceae	0.753106182721362	0.114433993032859	0.106547582918489	0.999797384021062	0.694149056638879	0.645089032663942
Litoricolaceae	0.794063269048542	0.794682300956542	0.895035907269061	0.999797384021062	0.988260314000875	0.985785588731941
Magnetococcaceae	0.56461756641396	0.201887183172613	0.127184294892299	0.999797384021062	0.821677358672233	0.680484216779742
Malasseziaceae	0.613814523245696	0.468946508469377	0.529022369423561	0.999797384021062	0.984383226809254	0.95423487950643
Marinifilaceae	0.388183426129771	0.00631383839281765	0.00442730637336819	0.999797384021062	0.246273643249519	0.174562365578517
Marinilabiliaceae	0.681525242303887	0.0352662189942305	0.0659234639867756	0.999797384021062	0.561353363554329	0.593906936025235
Mariprofundaceae	0.927659124312997	0.613825100000953	0.35842130924817	0.999797384021062	0.988260314000875	0.904309635724832
Melioribacteraceae	0.954167280270551	0.147565867640541	0.110813756197428	0.999797384021062	0.75422554571832	0.647483833774512
Merismopediaceae	0.980355002580658	0.246439038952688	0.612475399271825	0.999797384021062	0.852907467027488	0.95423487950643
Mesoaciditogaceae	0.787990605524707	0.230609719381765	0.148773567321202	0.999797384021062	0.82488173721059	0.680484216779742
Methanobacteriaceae	0.679153542368667	0.165207173396902	0.21890929197169	0.999797384021062	0.793751689269842	0.778286077340115
Methanocaldococcaceae	0.890098640092341	0.34758257612576	0.311855378007063	0.999797384021062	0.918521907641651	0.851713140228095
Methanocellaceae	0.957210736917613	0.730515702139544	0.96125599440218	0.999797384021062	0.988260314000875	0.987374507654033
Methanococcaceae	0.806828108916573	0.512739058745009	0.393640731316506	0.999797384021062	0.984383226809254	0.920718998672507
Methanocorpusculaceae	0.639802674577466	0.551142155107372	0.414690287095035	0.999797384021062	0.988260314000875	0.923210766153815
Methanomassiliicoccaceae	0.763579810540153	0.455064810378391	0.316306510410796	0.999797384021062	0.984383226809254	0.851713140228095
Methanomicrobiaceae	0.950657942794142	0.976155118093033	0.965010710113821	0.999797384021062	0.999089634071041	0.987374507654033
Methanopyraceae	0.52822526912756	0.980396853712968	0.765385234558672	0.999797384021062	0.999089634071041	0.967006457902882
Methanoregulaceae	0.952136379866679	0.814433992418172	0.8097820742683	0.999797384021062	0.988260314000875	0.978815629394601
Methanosarcinaceae	0.907400580727649	0.782495731743792	0.642470933070003	0.999797384021062	0.988260314000875	0.95423487950643
Methanospirillaceae	0.102189605095616	0.0069408949825274	0.100247114234368	0.999797384021062	0.246273643249519	0.645089032663942
Methanothermaceae	0.784857911966866	0.00919560839553478	0.106815035418971	0.999797384021062	0.281998657463067	0.645089032663942
Methanotrichaceae	0.581507058322751	0.329740253049493	0.37436786739117	0.999797384021062	0.914656380318192	0.911353514759385
Methylacidiphilaceae	0.402029529634462	0.867710669095303	0.667228281260877	0.999797384021062	0.997998585699999	0.95423487950643
Methylobacteriaceae	0.921991019738545	0.727492517068567	0.646668111899537	0.999797384021062	0.988260314000875	0.95423487950643
Methylococcaceae	0.591948540711761	0.520982054477359	0.475113616714815	0.999797384021062	0.984383226809254	0.943391066282653
Methylocystaceae	0.578846495519943	0.784777195626558	0.853678634800484	0.999797384021062	0.988260314000875	0.981730430020556
Methylophilaceae	0.924007489420384	0.282849440472968	0.465135534951657	0.999797384021062	0.882421759325394	0.938798527298994
Microbacteriaceae	0.908390713921426	0.797756204553237	0.728759592887791	0.999797384021062	0.988260314000875	0.96627033788902
Microbulbiferaceae	0.941789141049565	0.798369342259104	0.893349110411134	0.999797384021062	0.988260314000875	0.985785588731941
Micrococcaceae	0.489209437427812	0.689991775880292	0.439162894129539	0.999797384021062	0.988260314000875	0.923210766153815
Microcoleaceae	0.441571744620433	0.705372518075072	0.87443475783309	0.999797384021062	0.988260314000875	0.985785588731941
Microcystaceae	0.9883776115029	0.40551490953837	0.77340698937503	0.999797384021062	0.948671822253351	0.967006457902882
Micromonosporaceae	0.770783574408725	0.637723438859212	0.625720515181083	0.999797384021062	0.988260314000875	0.95423487950643
Moraxellaceae	0.813752443124939	0.124878911188298	0.0971052828718617	0.999797384021062	0.700134086235011	0.645089032663942
Morganellaceae	0.854942698741576	0.593678899613819	0.52028633865364	0.999797384021062	0.988260314000875	0.953842596398808
Moritellaceae	0.986193172393347	0.0791085392102579	0.0730649471520507	0.999797384021062	0.605940015042874	0.593906936025235
Muribaculaceae	0.0074711257228693	0.00363783472801933	0.00154686524634928	0.542680354362805	0.200808476986667	0.121981373712115
Mycobacteriaceae	0.860464608283499	0.635396376156822	0.643043363786254	0.999797384021062	0.988260314000875	0.95423487950643
Mycoplasmataceae	0.576586588328801	0.068227427335461	0.0788134196025875	0.999797384021062	0.587502718168339	0.593906936025235
Mycosphaerellaceae	0.955280390011621	0.650395328847539	0.668084488112054	0.999797384021062	0.988260314000875	0.95423487950643
Myxococcaceae	0.999797384021062	0.577097862237841	0.545991261420325	0.999797384021062	0.988260314000875	0.95423487950643
Nairoviridae	0.94185953082898	0.390020306052429	0.148380883734889	0.999797384021062	0.948419422647315	0.680484216779742
Nakamurellaceae	0.971754828165947	0.414874281713447	0.438019896424584	0.999797384021062	0.948671822253351	0.923210766153815
Natranaerobiaceae	0.499215128968265	0.010697397995242	0.00837337045303526	0.999797384021062	0.310787562809137	0.308140032671698
Natrialbaceae	0.771635792300459	0.775555683928399	0.678938991706715	0.999797384021062	0.988260314000875	0.95423487950643
Nautiliaceae	0.736603365111643	0.261973558546217	0.293273477099952	0.999797384021062	0.859433653803538	0.838384391676676
Nectriaceae	0.603859812782287	0.750398712588647	0.522724294038186	0.999797384021062	0.988260314000875	0.953842596398808
Neisseriaceae	0.922082300083678	0.991778551405001	0.835380132775886	0.999797384021062	0.999089634071041	0.981730430020556
Nitrosomonadaceae	0.637180044314765	0.527061614621639	0.360413260614969	0.999797384021062	0.984383226809254	0.904309635724832
Nitrosopumilaceae	0.823493195428221	0.0469149332406166	0.0672077643119334	0.999797384021062	0.561435901664345	0.593906936025235
Nitrososphaeraceae	0.517197007836287	0.38816659010358	0.378079628405614	0.999797384021062	0.948088308571577	0.911353514759385
Nitrospiraceae	0.645115672542127	0.806710042064811	0.631613492202133	0.999797384021062	0.988260314000875	0.95423487950643
Nocardiaceae	0.716992743489942	0.523286525973625	0.61637230623767	0.999797384021062	0.984383226809254	0.95423487950643
Nocardioidaceae	0.894785246063521	0.435202726947055	0.417714752432025	0.999797384021062	0.957099224202288	0.923210766153815
Nocardiopsaceae	0.969884524169011	0.974664541130225	0.868144641584236	0.999797384021062	0.999089634071041	0.985785588731941
Nostocaceae	0.748917392818143	0.418144319473078	0.239300523224815	0.999797384021062	0.948671822253351	0.783311024663876
Oceanospirillaceae	0.746445129102323	0.758813049756817	0.412466686077821	0.999797384021062	0.988260314000875	0.923210766153815
Odoribacteraceae	0.00329986568207737	2.33568885127962e-05	1.3347949467274e-05	0.416331660146375	0.0128930024590635	0.00736806810593522
Oleiphilaceae	0.859642764542481	0.0160966416535631	0.0095660867484072	0.999797384021062	0.403879372398492	0.330029992820048
Opitutaceae	0.575978469634647	0.793524931583706	0.613790095117522	0.999797384021062	0.988260314000875	0.95423487950643
Orbaceae	0.851726576365057	0.476479783226828	0.158076736989929	0.999797384021062	0.984383226809254	0.684549307288663
Oscillatoriaceae	0.922887178572399	0.0416947244668976	0.0509580315320966	0.999797384021062	0.561353363554329	0.575242880979638
Oscillospiraceae	0.0530648581195065	0.26587293785808	0.62622057309287	0.999797384021062	0.863305068809766	0.95423487950643
Oxalobacteraceae	0.843770790995944	0.939330362419096	0.939428019215506	0.999797384021062	0.999056570434183	0.987374507654033
Paenibacillaceae	0.774877537292189	0.80948301416999	0.594575819450735	0.999797384021062	0.988260314000875	0.95423487950643
Paludibacteraceae	0.0445514212431896	0.0390221960274284	0.0196742551232222	0.999797384021062	0.561353363554329	0.403108596062086
Parachlamydiaceae	0.343222086421903	0.0213415081511444	0.0406617336693459	0.999797384021062	0.447044371931796	0.547445780133633
Paramyxoviridae	0.202695014497099	0.149865436894007	0.0977582259003544	0.999797384021062	0.758951570325615	0.645089032663942
Parvularculaceae	0.343701837750302	0.0789017515795051	0.267231956756794	0.999797384021062	0.605940015042874	0.796559167702576
Pasteurellaceae	0.91078979642492	0.32202529203792	0.211429538845275	0.999797384021062	0.909570945854354	0.773900457910226
Pectobacteriaceae	0.699447463935595	0.827130914978993	0.659701798126531	0.999797384021062	0.988260314000875	0.95423487950643
Pelagibacteraceae	0.624007989056693	0.201579507962029	0.159308335524951	0.999797384021062	0.821677358672233	0.684549307288663
Peptococcaceae	0.851379470678307	0.527597929134374	0.390445513626704	0.999797384021062	0.984383226809254	0.917131589455066
Peptoniphilaceae	0.846707922499102	0.459121097121303	0.412012267953511	0.999797384021062	0.984383226809254	0.923210766153815
Peptostreptococcaceae	0.421614541913861	0.108209788815699	0.0778966288313205	0.999797384021062	0.671143858722088	0.593906936025235
Peribunyaviridae	0.252163526878304	0.0878173934844745	0.13619865398301	0.999797384021062	0.605940015042874	0.680484216779742
Petrotogaceae	0.956585078503675	0.349810217849486	0.221518326986544	0.999797384021062	0.918521907641651	0.778286077340115
Phaffomycetaceae	0.321157429624198	0.0463190749101454	0.0656508451938791	0.999797384021062	0.561435901664345	0.593906936025235
Phenuiviridae	0.00102572203323721	0.0226761637936418	0.0232657481355891	0.188732854115647	0.447044371931796	0.425325139897346
Phycisphaeraceae	0.742470448750243	0.248764677883017	0.100881129505706	0.999797384021062	0.852907467027488	0.645089032663942
Phyllobacteriaceae	0.961566650516676	0.922477040951007	0.965332572946106	0.999797384021062	0.997998585699999	0.987374507654033
Pichiaceae	0.811177345636281	0.17024703735739	0.115725439600747	0.999797384021062	0.793751689269842	0.652450888800499
Picrophilaceae	0.917520210241863	0.741411241804989	0.647297903518811	0.999797384021062	0.988260314000875	0.95423487950643
Pirellulaceae	0.738564332960009	0.801214108568866	0.641127502053808	0.999797384021062	0.988260314000875	0.95423487950643
Piscirickettsiaceae	0.901783380653652	0.314532124536389	0.214260085969189	0.999797384021062	0.899594470176614	0.777358062572286
Planctomycetaceae	0.849809741195792	0.787805523974054	0.886317598207984	0.999797384021062	0.988260314000875	0.985785588731941
Planococcaceae	0.994223094979753	0.292832957603259	0.225590167344961	0.999797384021062	0.882421759325394	0.778286077340115
Polyangiaceae	0.649726479636382	0.667341856562649	0.721834770891642	0.999797384021062	0.988260314000875	0.96627033788902
Porphyromonadaceae	0.0555656980591502	0.0264885345209645	0.0139397167125417	0.999797384021062	0.487389035185747	0.366415410729667
Prevotellaceae	0.171054345083845	0.046610881500136	0.00245534415694205	0.999797384021062	0.561435901664345	0.134459201211966
Prochloraceae	0.452375566909363	0.0429461644729597	0.0322619168675111	0.999797384021062	0.561435901664345	0.508816517453319
Prochlorotrichaceae	0.494338189155069	0.895579743530018	0.61342696837436	0.999797384021062	0.997998585699999	0.95423487950643
Prolixibacteraceae	0.171969626017373	0.00758451437543808	0.00410486500143304	0.999797384021062	0.246273643249519	0.174298883137772
Promicromonosporaceae	0.81831172499253	0.582937002614303	0.482755502433025	0.999797384021062	0.988260314000875	0.948331093747438
Propionibacteriaceae	0.509974318705388	0.18096707707746	0.267438697536315	0.999797384021062	0.801608591579627	0.796559167702576
Pseudanabaenaceae	0.643697992033638	0.276852040044862	0.0662945575552318	0.999797384021062	0.882421759325394	0.593906936025235
Pseudoalteromonadaceae	0.520428757362419	0.351101671218095	0.224472457380736	0.999797384021062	0.918521907641651	0.778286077340115
Pseudomonadaceae	0.969120430907419	0.366494649411752	0.408607897387777	0.999797384021062	0.931105831798964	0.923210766153815
Pseudonocardiaceae	0.921353856011277	0.602330035973988	0.597533479282857	0.999797384021062	0.988260314000875	0.95423487950643
Psychromonadaceae	0.882299862184691	0.500406781186977	0.46652673139851	0.999797384021062	0.984383226809254	0.938798527298994
Puniceicoccaceae	0.403457280789663	0.0386469896456054	0.0128745512564771	0.999797384021062	0.561353363554329	0.366415410729667
Pyriculariaceae	0.826430066902464	0.822039520628868	0.679021540653694	0.999797384021062	0.988260314000875	0.95423487950643
Pyrodictiaceae	0.738118439774865	0.0775156126101512	0.340150402861484	0.999797384021062	0.605940015042874	0.881516536993141
Rhabdoviridae	0.551955130791726	0.0939104678517051	0.192734392506542	0.999797384021062	0.613374069094411	0.759645610057288
Rhizobiaceae	0.821933541788109	0.881227466982413	0.954914012882786	0.999797384021062	0.997998585699999	0.987374507654033
Rhodanobacteraceae	0.669044767798769	0.549455947452518	0.523823567436819	0.999797384021062	0.988260314000875	0.953842596398808
Rhodobacteraceae	0.77239183936648	0.69736756027979	0.726523060912204	0.999797384021062	0.988260314000875	0.96627033788902
Rhodobiaceae	0.943769890730408	0.482630350189049	0.513646260605492	0.999797384021062	0.984383226809254	0.953842596398808
Rhodocyclaceae	0.954183763362913	0.982786387628392	0.655653247676353	0.999797384021062	0.999089634071041	0.95423487950643
Rhodospirillaceae	0.713196367839865	0.475137689163034	0.481324054861709	0.999797384021062	0.984383226809254	0.948331093747438
Rhodothermaceae	0.937663750329373	0.694640302281282	0.790072305279347	0.999797384021062	0.988260314000875	0.967006457902882
Rickettsiaceae	0.595579448999402	0.0594967465909769	0.104121318452709	0.999797384021062	0.586467930682486	0.645089032663942
Rikenellaceae	0.0448069660358974	0.020979191556704	0.0471029729831102	0.999797384021062	0.447044371931796	0.573941760489816
Rivulariaceae	0.417449047764014	0.487789324090367	0.471099985619242	0.999797384021062	0.984383226809254	0.938798527298994
Roseiflexaceae	0.538302141050278	0.870877728626618	0.943324716469953	0.999797384021062	0.997998585699999	0.987374507654033
Ruaniaceae	0.363889004891244	0.371978315951252	0.353502622830303	0.999797384021062	0.931105831798964	0.89923247835174
Rubrobacteraceae	0.704282093554085	0.978923609147304	0.913138686579667	0.999797384021062	0.999089634071041	0.986864267314441
Ruminococcaceae	0.0265034205297953	0.619741271279282	0.847966270221792	0.999797384021062	0.988260314000875	0.981730430020556
Saccharomycetaceae	0.970905177373812	0.764663080135617	0.306875200008846	0.999797384021062	0.988260314000875	0.851713140228095
Saccharospirillaceae	0.994407373301382	0.214938856588772	0.105249206207224	0.999797384021062	0.82488173721059	0.645089032663942
Salinisphaeraceae	0.953742892226898	0.600814329451219	0.853388966951448	0.999797384021062	0.988260314000875	0.981730430020556
Salinivirgaceae	0.857412984709591	0.145925370450631	0.136057638861231	0.999797384021062	0.753561216830667	0.680484216779742
Sandaracinaceae	0.490702082184947	0.924908997416617	0.915224166739424	0.999797384021062	0.997998585699999	0.986864267314441
Sanguibacteraceae	0.666485536256776	0.583974148504462	0.419827014667532	0.999797384021062	0.988260314000875	0.923210766153815
Saprospiraceae	0.976124620634561	0.368028229579803	0.236214735184337	0.999797384021062	0.931105831798964	0.783311024663876
Schizosaccharomycetaceae	0.928831885573972	0.121684077754666	0.108683478329251	0.999797384021062	0.700134086235011	0.645089032663942
Sclerotiniaceae	0.443032983102104	0.0679356841108014	0.0472606202938937	0.999797384021062	0.587502718168339	0.573941760489816
Scytonemataceae	0.720927863240869	0.888272973774126	0.759385220628755	0.999797384021062	0.997998585699999	0.967006457902882
Sedimentisphaeraceae	0.78712116386451	0.260920889712364	0.175446357628474	0.999797384021062	0.859433653803538	0.722734249335205
Segniliparaceae	0.993625883148284	0.901815856858139	0.850667132409633	0.999797384021062	0.997998585699999	0.981730430020556
Selenomonadaceae	0.268362675342156	0.882881953021062	0.780930217698636	0.999797384021062	0.997998585699999	0.967006457902882
Shewanellaceae	0.980314398544234	0.83916055391312	0.599982087497296	0.999797384021062	0.992518222336684	0.95423487950643
Silvanigrellaceae	0.626582929414983	0.0234872448198187	0.0393478760245362	0.999797384021062	0.447067556570342	0.546174207977757
Simkaniaceae	0.534780518643055	0.312005616149047	0.155303638162104	0.999797384021062	0.898778682283044	0.684549307288663
Sinobacteraceae	0.886815597609778	0.847292753879651	0.756643044428236	0.999797384021062	0.995123727166455	0.967006457902882
Solibacteraceae	0.8638963473202	0.536121180024717	0.903710967161061	0.999797384021062	0.988260314000875	0.985785588731941
Sordariaceae	0.743200439385587	0.383041195271795	0.58021999473415	0.999797384021062	0.943922945491209	0.95423487950643
Sphaerobacteraceae	0.743023067786457	0.784647899182267	0.866045233384529	0.999797384021062	0.988260314000875	0.985785588731941
Sphingobacteriaceae	0.44564949426805	0.0862514463483727	0.0395778411578085	0.999797384021062	0.605940015042874	0.546174207977757
Sphingomonadaceae	0.90959628135363	0.776068183777251	0.813368218471182	0.999797384021062	0.988260314000875	0.978815629394601
Spirochaetaceae	0.950764618599857	0.520903479493509	0.541305380932436	0.999797384021062	0.984383226809254	0.95423487950643
Spiroplasmataceae	0.415682865524214	0.0548849368585747	0.0483844934531253	0.999797384021062	0.58262471434487	0.573941760489816
Spongiibacteraceae	0.848453314295417	0.629118339896128	0.824413673917445	0.999797384021062	0.988260314000875	0.978815629394601
Sporichthyaceae	0.934384543631325	0.797549718057231	0.682725925879328	0.999797384021062	0.988260314000875	0.95423487950643
Sporolactobacillaceae	0.719431789965693	0.708337989726393	0.58823178879403	0.999797384021062	0.988260314000875	0.95423487950643
Sporomusaceae	0.899025655121203	0.555539775828923	0.444171088956632	0.999797384021062	0.988260314000875	0.923210766153815
Staphylococcaceae	0.936587434328669	0.176404067679457	0.20504926793213	0.999797384021062	0.800653688565137	0.759645610057288
Steroidobacteraceae	0.374752242227229	0.47406499988756	0.326236899094389	0.999797384021062	0.984383226809254	0.869965064251703
Sterolibacteriaceae	0.858974694092664	0.725674007311756	0.624009651279037	0.999797384021062	0.988260314000875	0.95423487950643
Streptococcaceae	0.892803194062864	0.359951753516053	0.449172291366966	0.999797384021062	0.930111191650063	0.923210766153815
Streptomycetaceae	0.802050577559359	0.504625064693764	0.488128171518518	0.999797384021062	0.984383226809254	0.948419532547355
Streptosporangiaceae	0.958715370500877	0.884809085841596	0.877904042875035	0.999797384021062	0.997998585699999	0.985785588731941
Succinivibrionaceae	0.600255400835393	0.645822301865624	0.66268868461997	0.999797384021062	0.988260314000875	0.95423487950643
Sulfolobaceae	0.729479125499727	0.996924131187813	0.661582785930725	0.999797384021062	0.999089634071041	0.95423487950643
Sutterellaceae	0.786201178369325	0.312106731051557	0.451570483444801	0.999797384021062	0.898778682283044	0.923210766153815
Symbiobacteriaceae	0.763860893642867	0.676439073102589	0.573647886740901	0.999797384021062	0.988260314000875	0.95423487950643
Synechococcaceae	0.97540658870017	0.589247843285589	0.681738844668544	0.999797384021062	0.988260314000875	0.95423487950643
Synergistaceae	0.665958640660643	0.526942341986113	0.934777883910473	0.999797384021062	0.984383226809254	0.987374507654033
Syntrophaceae	0.786795041574764	0.654124575694606	0.743879180988685	0.999797384021062	0.988260314000875	0.967006457902882
Syntrophobacteraceae	0.871931377876589	0.706058147797708	0.574774233404688	0.999797384021062	0.988260314000875	0.95423487950643
Syntrophomonadaceae	0.929596508801129	0.49060818037763	0.282686827920622	0.999797384021062	0.984383226809254	0.821279626379912
Tannerellaceae	0.00377112011002151	0.0173566434377641	0.0304225772603257	0.416331660146375	0.416559442506338	0.49391948963823
Tepidiformaceae	0.497372500463446	0.621379699449651	0.994690811915256	0.999797384021062	0.988260314000875	0.996496058397861
Thermaceae	0.992650063614874	0.764160314392628	0.685967790822685	0.999797384021062	0.988260314000875	0.95423487950643
Thermoactinomycetaceae	0.927967812538181	0.649471870863607	0.527032594024704	0.999797384021062	0.988260314000875	0.953842596398808
Thermoanaerobacteraceae	0.675710100623816	0.629050407367488	0.537682179783066	0.999797384021062	0.988260314000875	0.95423487950643
Thermoanaerobacterales Family III. Incertae Sedis	0.808505208380576	0.327944227183268	0.301212160129813	0.999797384021062	0.914268754571534	0.848311797916615
Thermoanaerobacterales Family IV. Incertae Sedis	0.972905274791205	0.825112303083914	0.583687921278635	0.999797384021062	0.988260314000875	0.95423487950643
Thermococcaceae	0.934240613264277	0.500266680019818	0.543383172680536	0.999797384021062	0.984383226809254	0.95423487950643
Thermodesulfobacteriaceae	0.931130458862809	0.921439130585255	0.954645915484158	0.999797384021062	0.997998585699999	0.987374507654033
Thermodesulfobiaceae	0.977808387660183	0.220006672952941	0.450470255465361	0.999797384021062	0.82488173721059	0.923210766153815
Thermofilaceae	0.612992708659862	0.578423813758562	0.58473630171353	0.999797384021062	0.988260314000875	0.95423487950643
Thermoguttaceae	0.579824838899534	0.376715131091256	0.337920799652363	0.999797384021062	0.932496647364902	0.881207280971627
Thermomicrobiaceae	0.403313164361942	0.178406528430275	0.313807177871217	0.999797384021062	0.800653688565137	0.851713140228095
Thermomonosporaceae	0.815798374123119	0.64366573580376	0.693203236742896	0.999797384021062	0.988260314000875	0.95423487950643
Thermoplasmataceae	0.0390507126375297	0.0835321927646722	0.267415971171869	0.999797384021062	0.605940015042874	0.796559167702576
Thermoproteaceae	0.918671291472335	0.763775009689839	0.879388075319041	0.999797384021062	0.988260314000875	0.985785588731941
Thermotogaceae	0.909915874466147	0.722914060727912	0.895705737176942	0.999797384021062	0.988260314000875	0.985785588731941
Thioalkalibacteraceae	0.875820318912267	0.689753156572185	0.701383595503372	0.999797384021062	0.988260314000875	0.958326100786786
Thioalkalispiraceae	0.801817347940318	0.425886176032722	0.442827060460659	0.999797384021062	0.949131166352217	0.923210766153815
Thiobacillaceae	0.893238249993067	0.385166557760047	0.511499212596998	0.999797384021062	0.944941955037982	0.953842596398808
Thiotrichaceae	0.877620941521597	0.499339880113534	0.647108889047976	0.999797384021062	0.984383226809254	0.95423487950643
Tissierellaceae	0.721648915658796	0.0582862679442013	0.0571408908624852	0.999797384021062	0.586467930682486	0.584106884372071
Tolypothrichaceae	0.444044287945496	0.866171071998514	0.915352363885859	0.999797384021062	0.997998585699999	0.986864267314441
Tospoviridae	0.811278746381714	0.514079266708374	0.735869178413268	0.999797384021062	0.984383226809254	0.96627033788902
Trichocomaceae	0.835385650218243	0.269647994853368	0.42521594868432	0.999797384021062	0.870442650052977	0.923210766153815
Trichomonascaceae	0.69201533263524	0.17209655187905	0.252930096787668	0.999797384021062	0.793751689269842	0.796559167702576
Trueperaceae	0.882477955870842	0.580931129667933	0.996635547094515	0.999797384021062	0.988260314000875	0.996635547094515
Tsukamurellaceae	0.972622821126833	0.886704967020884	0.800810034926809	0.999797384021062	0.997998585699999	0.97798039663628
Unclassified Acidobacteria Phylum	0.772142560470391	0.578072738338742	0.953849087180906	0.999797384021062	0.988260314000875	0.987374507654033
Unclassified Acidobacteriia Class	0.158581394678792	0.344944228440593	0.133989602070468	0.999797384021062	0.918521907641651	0.680484216779742
Unclassified Actinobacteria Class	0.77350086357393	0.683048274052733	0.687715711737206	0.999797384021062	0.988260314000875	0.95423487950643
Unclassified Actinobacteria Phylum	0.943437067716714	0.374466475832192	0.526133327691189	0.999797384021062	0.931105831798964	0.953842596398808
Unclassified Alphaproteobacteria Class	0.981091656062258	0.815794500476153	0.736263919360932	0.999797384021062	0.988260314000875	0.96627033788902
Unclassified Alteromonadales Order	0.973637656918709	0.433691304791767	0.22736769027353	0.999797384021062	0.957099224202288	0.779546366652101
Unclassified Aquificales Order	0.868125976741725	0.00313669969361889	0.0119508806547393	0.999797384021062	0.192384247875292	0.366415410729667
Unclassified Armatimonadetes Phylum	0.286346199113204	0.756896298763211	0.867246826539183	0.999797384021062	0.988260314000875	0.985785588731941
Unclassified Ascomycota Phylum	0.80356092604546	0.323492218309423	0.0228616697243707	0.999797384021062	0.909570945854354	0.425325139897346
Unclassified Bacillales Order	0.974317391831908	0.472217414450586	0.345807113095779	0.999797384021062	0.984383226809254	0.890179805583987
Unclassified Bacilli Class	0.973252199039043	0.0726934274328093	0.07764114413254	0.999797384021062	0.59890704392404	0.593906936025235
Unclassified Bacteriovoracales Order	0.0940796615051309	0.495007940559226	0.143479404974645	0.999797384021062	0.984383226809254	0.680484216779742
Unclassified Bacteroidales Order	0.00028905991176379	0.00304798526305609	0.00134606108926695	0.159561071293612	0.192384247875292	0.121981373712115
Unclassified Bacteroidetes Phylum	0.00786493267192471	0.00293530667761857	0.00111632597892572	0.542680354362805	0.192384247875292	0.121981373712115
Unclassified Bacteroidia Class	0.0052688924874444	0.00015193744979758	7.19137781904797e-05	0.484738108844885	0.0419347361441321	0.0198482027805724
Unclassified Balneolaeota Phylum	0.868683045118894	0.614032905399912	0.555292091251932	0.999797384021062	0.988260314000875	0.95423487950643
Unclassified Basidiomycota Phylum	0.186251073088238	0.96162659736525	0.889898101648123	0.999797384021062	0.999089634071041	0.985785588731941
Unclassified Betaproteobacteria Class	0.781886147074345	0.920639525292503	0.982947980616751	0.999797384021062	0.997998585699999	0.989201727709679
Unclassified Blastocatellia Class	0.904826620291363	0.51469495737457	0.850860562160688	0.999797384021062	0.984383226809254	0.981730430020556
Unclassified Bradymonadales Order	0.464851128104359	0.340317685214881	0.389677660125512	0.999797384021062	0.918521907641651	0.917131589455066
Unclassified Burkholderiales Order	0.925805518534436	0.993787657401068	0.85101580249237	0.999797384021062	0.999089634071041	0.981730430020556
Unclassified Campylobacterales Order	0.684816063641914	0.516536877362863	0.442950347529445	0.999797384021062	0.984383226809254	0.923210766153815
Unclassified Candidatus Bipolaricaulota Phylum	0.851632681473543	0.615431235920181	0.968660894828979	0.999797384021062	0.988260314000875	0.987374507654033
Unclassified Candidatus Cloacimonetes Phylum	0.185073345768115	0.0650702836512871	0.0689657390330841	0.999797384021062	0.587502718168339	0.593906936025235
Unclassified Candidatus Gracilibacteria Phylum	0.972098234685455	0.338632997512913	0.446336863816489	0.999797384021062	0.918521907641651	0.923210766153815
Unclassified Candidatus Korarchaeota Phylum	0.608285914569246	0.254937507042238	0.135672072277335	0.999797384021062	0.858082340776314	0.680484216779742
Unclassified Candidatus Micrarchaeota Phylum	0.11564994223753	0.958596057703886	0.905422633128794	0.999797384021062	0.999089634071041	0.985785588731941
Unclassified Candidatus Saccharibacteria Phylum	0.740726648792562	0.603159115283822	0.56906483827673	0.999797384021062	0.988260314000875	0.95423487950643
Unclassified Cellvibrionales Order	0.485155068227027	0.627258388990024	0.438588078540864	0.999797384021062	0.988260314000875	0.923210766153815
Unclassified Chlamydiia Class	0.0935066074608193	0.765175346379387	0.765972300598664	0.999797384021062	0.988260314000875	0.967006457902882
Unclassified Chloroflexi Phylum	0.36337549804858	0.124583037441325	0.294649586929846	0.999797384021062	0.700134086235011	0.838384391676676
Unclassified Chromatiales Order	0.92347650322211	0.689412014756185	0.673460016482648	0.999797384021062	0.988260314000875	0.95423487950643
Unclassified Chroococcales Order	0.118746689470489	0.125567526335627	0.235854809111336	0.999797384021062	0.700134086235011	0.783311024663876
Unclassified Clostridia Class	0.751497600225687	0.416453548657775	0.336329949087494	0.999797384021062	0.948671822253351	0.881207280971627
Unclassified Clostridiales Order	0.869329778669562	0.225814419897844	0.237269109402653	0.999797384021062	0.82488173721059	0.783311024663876
Unclassified Coriobacteriales Order	0.561739943731524	0.132522005613459	0.202826945107039	0.999797384021062	0.717177912731659	0.759645610057288
Unclassified Coriobacteriia Class	0.598844173456796	0.615166651107111	0.704925329594051	0.999797384021062	0.988260314000875	0.960787115891151
Unclassified Corynebacteriales Order	0.886993421798458	0.689791337482788	0.836170089762533	0.999797384021062	0.988260314000875	0.981730430020556
Unclassified Cyanobacteria Phylum	0.476643718198258	0.286191910957349	0.423306406004047	0.999797384021062	0.882421759325394	0.923210766153815
Unclassified Cytophagales Order	0.171660479293238	0.0365741431081677	0.0121349098959437	0.999797384021062	0.561353363554329	0.366415410729667
Unclassified Dehalococcoidia Class	0.441117875674965	0.716267558507362	0.650430314377014	0.999797384021062	0.988260314000875	0.95423487950643
Unclassified Deinococcales Order	0.518073166140431	0.75207714113312	0.449234551427532	0.999797384021062	0.988260314000875	0.923210766153815
Unclassified Deinococci Class	0.766914801847221	0.31261867209845	0.553748363582732	0.999797384021062	0.898778682283044	0.95423487950643
Unclassified Deltaproteobacteria Class	0.701211277805587	0.98392981879849	0.692303863856378	0.999797384021062	0.999089634071041	0.95423487950643
Unclassified Desulfobacterales Order	0.706221762969612	0.844488206122966	0.518730337678683	0.999797384021062	0.995123727166455	0.953842596398808
Unclassified Desulfovibrionales Order	0.605547776195272	0.345971268351285	0.0907281370653113	0.999797384021062	0.918521907641651	0.642076046923741
Unclassified Desulfuromonadales Order	0.759619213619164	0.659070373687625	0.977783019927968	0.999797384021062	0.988260314000875	0.989201727709679
Unclassified Elusimicrobia Phylum	0.24232049999538	0.252232476295665	0.102520657233935	0.999797384021062	0.854186054694523	0.645089032663942
Unclassified Enterobacterales Order	0.280313668379485	0.735972064541641	0.766449701715921	0.999797384021062	0.988260314000875	0.967006457902882
Unclassified Entomoplasmatales Order	0.446067141789428	0.0852485347453102	0.142931282504992	0.999797384021062	0.605940015042874	0.680484216779742
Unclassified Epsilonproteobacteria Class	0.589333327906815	0.0860382204372966	0.140073446102241	0.999797384021062	0.605940015042874	0.680484216779742
Unclassified Euryarchaeota Phylum	0.947892371264894	0.590494440667722	0.567774846591802	0.999797384021062	0.988260314000875	0.95423487950643
Unclassified Firmicutes Phylum	0.897657180988785	0.177449141450604	0.144675974314905	0.999797384021062	0.800653688565137	0.680484216779742
Unclassified Flavobacteriales Order	0.0353878223884153	0.00200118944645231	0.00260085659693352	0.999797384021062	0.192384247875292	0.134459201211966
Unclassified Frankiales Order	0.520101669514487	0.459474387947308	0.346718583696662	0.999797384021062	0.984383226809254	0.890179805583987
Unclassified Fusobacteriales Order	0.935083160591679	0.172554715058661	0.381411007152126	0.999797384021062	0.793751689269842	0.911423705402484
Unclassified Gammaproteobacteria Class	0.851574613867383	0.99347281155718	0.905125285705375	0.999797384021062	0.999089634071041	0.985785588731941
Unclassified Halanaerobiales Order	0.765564769813537	0.166531047129258	0.161917201103575	0.999797384021062	0.793751689269842	0.684549307288663
Unclassified Halobacteria Class	0.739703098091059	0.426387923993064	0.717382755775106	0.999797384021062	0.949131166352217	0.96584214923868
Unclassified Halobacteriales Order	0.146682587831887	0.0955619020690568	0.266291806821061	0.999797384021062	0.613374069094411	0.796559167702576
Unclassified Haloferacales Order	0.728133661150847	0.208799055184361	0.780940027930802	0.999797384021062	0.82488173721059	0.967006457902882
Unclassified Ignavibacteriales Order	0.296856258271811	0.158179479637469	0.179641985465158	0.999797384021062	0.786622277116063	0.72913511747623
Unclassified Kiritimatiellaeota Phylum	0.76013018962904	0.712712268155591	0.676790104276104	0.999797384021062	0.988260314000875	0.95423487950643
Unclassified Lactobacillales Order	0.311476518755408	0.0360821265634614	0.0567471098125484	0.999797384021062	0.561353363554329	0.584106884372071
Unclassified Legionellales Order	0.910215589768921	0.501997081481096	0.32876317723847	0.999797384021062	0.984383226809254	0.872486893440555
Unclassified Marinilabiliales Order	0.257646875304069	0.19877372665428	0.260012273134464	0.999797384021062	0.821677358672233	0.796559167702576
Unclassified Methanococcales Order	0.495293049552264	0.052371433275098	0.107827109967077	0.999797384021062	0.566843748389296	0.645089032663942
Unclassified Methanomassiliicoccales Order	0.532373763530692	0.628539651468435	0.517149507411561	0.999797384021062	0.988260314000875	0.953842596398808
Unclassified Methanomicrobia Class	0.683703111782958	0.259684107140927	0.920945306499929	0.999797384021062	0.859433653803538	0.987374507654033
Unclassified Methanomicrobiales Order	0.856218286706584	0.131657463064134	0.432228296847341	0.999797384021062	0.717177912731659	0.923210766153815
Unclassified Micrococcales Order	0.957726683701337	0.231779099948976	0.324587106654702	0.999797384021062	0.82488173721059	0.869767392589298
Unclassified Mollicutes Class	0.463846035534077	0.0299928635848252	0.0155249746627256	0.999797384021062	0.534066474155598	0.376247208700014
Unclassified Myxococcales Order	0.831811044113872	0.974594893661328	0.860248259048189	0.999797384021062	0.999089634071041	0.985180578826972
Unclassified Negativicutes Class	0.722844770782066	0.061204713313403	0.0622871020093916	0.999797384021062	0.587502718168339	0.593906936025235
Unclassified Neisseriales Order	0.591468537395673	0.0676705190102884	0.0834057393319198	0.999797384021062	0.587502718168339	0.597921663782075
Unclassified Nitriliruptoria Class	0.136598863288679	0.492412552045473	0.764535388225561	0.999797384021062	0.984383226809254	0.967006457902882
Unclassified Nitrosomonadales Order	0.797512755033996	0.287852229935858	0.235751332767421	0.999797384021062	0.882421759325394	0.783311024663876
Unclassified Nostocales Order	0.70311297933646	0.820303008499267	0.7491650902858	0.999797384021062	0.988260314000875	0.967006457902882
Unclassified Oceanospirillales Order	0.407658222808596	0.833898496791806	0.632334971468489	0.999797384021062	0.992518222336684	0.95423487950643
Unclassified Opitutae Class	0.485112692372963	0.421059051543607	0.681050975872609	0.999797384021062	0.948671822253351	0.95423487950643
Unclassified Oscillatoriales Order	0.835491861652508	0.0416239255725518	0.0817165794659538	0.999797384021062	0.561353363554329	0.593906936025235
Unclassified Parachlamydiales Order	0.751628853471597	0.701976945162676	0.519760753489241	0.999797384021062	0.988260314000875	0.953842596398808
Unclassified Phycisphaerae Class	0.648197387216236	0.797080590744375	0.98382563136343	0.999797384021062	0.988260314000875	0.989201727709679
Unclassified Planctomycetales Order	0.959640678370278	0.869208980152257	0.763645899956549	0.999797384021062	0.997998585699999	0.967006457902882
Unclassified Planctomycetes Phylum	0.958996082525851	0.919780920995735	0.966213407837319	0.999797384021062	0.997998585699999	0.987374507654033
Unclassified Planctomycetia Class	0.349868301662911	0.958480642797666	0.596639439892287	0.999797384021062	0.999089634071041	0.95423487950643
Unclassified Propionibacteriales Order	0.798892431602114	0.699146208300639	0.974565543141239	0.999797384021062	0.988260314000875	0.988897389363904
Unclassified Proteobacteria Phylum	0.877157547737837	0.788262693201903	0.729128948756594	0.999797384021062	0.988260314000875	0.96627033788902
Unclassified Pseudomonadales Order	0.0502567375196181	0.0824124259240952	0.03721948763031	0.999797384021062	0.605940015042874	0.540662030840292
Unclassified Rhizobiales Order	0.98702177164574	0.94871511336638	0.773243438341786	0.999797384021062	0.999089634071041	0.967006457902882
Unclassified Rhodobacterales Order	0.290587126737323	0.33928384694674	0.187781632729588	0.999797384021062	0.918521907641651	0.745722742926132
Unclassified Rhodocyclales Order	0.842062869228739	0.997279689081782	0.842457598995766	0.999797384021062	0.999089634071041	0.981730430020556
Unclassified Rhodospirillales Order	0.911302185837534	0.904157005737766	0.879613715354956	0.999797384021062	0.997998585699999	0.985785588731941
Unclassified Rickettsiales Order	0.956699333829431	0.103429601523189	0.103715759463264	0.999797384021062	0.648785682281823	0.645089032663942
Unclassified Saccharomycetales Order	0.78668346921415	0.324611370169036	0.879184463363318	0.999797384021062	0.909570945854354	0.985785588731941
Unclassified Sedimentisphaerales Order	0.836131548378789	0.774846076993272	0.652625109137306	0.999797384021062	0.988260314000875	0.95423487950643
Unclassified Selenomonadales Order	0.382669702252674	0.139248869038416	0.116379002333611	0.999797384021062	0.739090151050054	0.652450888800499
Unclassified Silvanigrellales Order	0.568296578326859	0.169540217712512	0.184197939673263	0.999797384021062	0.793751689269842	0.742169800727308
Unclassified Sordariales Order	0.261701372389517	0.0585231661786354	0.0248571425897491	0.999797384021062	0.586467930682486	0.428785709673172
Unclassified Sordariomycetes Class	0.235267945189643	0.0498376072129582	0.0800046273076592	0.999797384021062	0.561435901664345	0.593906936025235
Unclassified Spartobacteria Class	0.619817005081819	0.228010864974883	0.248310849305191	0.999797384021062	0.82488173721059	0.796559167702576
Unclassified Sphingomonadales Order	0.382966427504314	0.75641842047816	0.766284819196425	0.999797384021062	0.988260314000875	0.967006457902882
Unclassified Spirochaetales Order	0.848475756869406	0.283240063457337	0.781747432828829	0.999797384021062	0.882421759325394	0.967006457902882
Unclassified Spirochaetia Class	0.53013344859273	0.573139484558454	0.558608610863155	0.999797384021062	0.988260314000875	0.95423487950643
Unclassified Streptosporangiales Order	0.369632755969103	0.306431534770142	0.196644051635565	0.999797384021062	0.898778682283044	0.759645610057288
Unclassified Synechococcales Order	0.553278312527375	0.734062630749421	0.900755630961872	0.999797384021062	0.988260314000875	0.985785588731941
Unclassified Tenericutes Phylum	0.377471909160201	0.0515731550471904	0.0754515435318513	0.999797384021062	0.566843748389296	0.593906936025235
Unclassified Thaumarchaeota Phylum	0.411183796021427	0.0702448902157797	0.0510632267536273	0.999797384021062	0.587502718168339	0.575242880979638
Unclassified Thermoanaerobacterales Order	0.411556029293867	0.42814068916975	0.150396873998421	0.999797384021062	0.949131166352217	0.680484216779742
Unclassified Thermomicrobia Class	0.655630039218235	0.110444999541324	0.108455006810259	0.999797384021062	0.677395997186786	0.645089032663942
Unclassified Thermoplasmata Class	0.578847390197358	0.353776877692859	0.0656688453988422	0.999797384021062	0.921154889087066	0.593906936025235
Unclassified Thermoplasmatales Order	0.633750631214856	0.619858009515164	0.370567757230449	0.999797384021062	0.988260314000875	0.911353514759385
Unclassified Thermotogae Class	0.315660219464759	0.324390006397292	0.252703222419515	0.999797384021062	0.909570945854354	0.796559167702576
Unclassified Thermotogales Order	0.285303100423951	0.339692051033629	0.787688058919697	0.999797384021062	0.918521907641651	0.967006457902882
Unclassified Tissierellales Order	0.309122352458935	0.032961896553069	0.111727521439904	0.999797384021062	0.561353363554329	0.647483833774512
Unclassified Tissierellia Class	0.737924286564594	0.118922618208031	0.222663750607755	0.999797384021062	0.700134086235011	0.778286077340115
Unclassified Verrucomicrobia Phylum	0.556971095440515	0.577494759476931	0.899940723792877	0.999797384021062	0.988260314000875	0.985785588731941
Unclassified Verrucomicrobiales Order	0.53909148422686	0.190301276575493	0.380904920613967	0.999797384021062	0.810556624117285	0.911423705402484
Unclassified Victivallales Order	0.917778024542671	0.094399125296159	0.16937719010929	0.999797384021062	0.613374069094411	0.708304613184304
Unclassified Xanthomonadales Order	0.713438387292073	0.968617127839941	0.570325930349043	0.999797384021062	0.999089634071041	0.95423487950643
Unclassified candidate division Zixibacteria Phylum	0.6642961526254	0.703682376770836	0.522628612629947	0.999797384021062	0.988260314000875	0.953842596398808
Unikaryonidae	0.280486719866218	0.611182960228906	0.92639640690734	0.999797384021062	0.988260314000875	0.987374507654033
Ustilaginaceae	0.714669661540919	0.540582262614864	0.521888006641499	0.999797384021062	0.988260314000875	0.953842596398808
Vallitaleaceae	0.990782719912595	0.0405186456479319	0.0716191558138898	0.999797384021062	0.561353363554329	0.593906936025235
Veillonellaceae	0.338058242883818	0.468157464752924	0.939439942551547	0.999797384021062	0.984383226809254	0.987374507654033
Verrucomicrobiaceae	0.708280849330829	0.485028529085833	0.900231208404634	0.999797384021062	0.984383226809254	0.985785588731941
Vibrionaceae	0.927828403806312	0.405138916778384	0.278026629936853	0.999797384021062	0.948671822253351	0.816333509176291
Vicinamibacteraceae	0.653489364329015	0.870295672424247	0.588999386271186	0.999797384021062	0.997998585699999	0.95423487950643
Vulgatibacteraceae	0.755337642347778	0.0896104331846317	0.127069715516693	0.999797384021062	0.610678507628602	0.680484216779742
Waddliaceae	0.520434315947557	0.40591141129059	0.313030769217784	0.999797384021062	0.948671822253351	0.851713140228095
Wenzhouxiangellaceae	0.500387466332216	0.782384833768819	0.486405014173482	0.999797384021062	0.988260314000875	0.948419532547355
Woeseiaceae	0.390374234068195	0.294140586441798	0.281316472269099	0.999797384021062	0.882421759325394	0.821279626379912
Xanthobacteraceae	0.917409162769001	0.792006587760438	0.636493190036606	0.999797384021062	0.988260314000875	0.95423487950643
Xanthomonadaceae	0.737813584299912	0.697400053709289	0.712079199121825	0.999797384021062	0.988260314000875	0.96584214923868
Yersiniaceae	0.491140681125911	0.775519683354136	0.778954990235794	0.999797384021062	0.988260314000875	0.967006457902882
Zoogloeaceae	0.807047545670567	0.576966766969824	0.494973689008366	0.999797384021062	0.988260314000875	0.948419532547355
