p-variable	p-treatment	p-interaction	adjusted.p-variable	adjusted.p-treatment	adjusted.p-interaction
Acaryochloridaceae	0.0587233881990433	0.5412746000676	0.851217064630671	0.150768885050567	0.875913252065034	0.996366266286063
Acetobacteraceae	0.033214657836171	0.133867044688647	0.238512161474824	0.100738962228387	0.682616068974161	0.993134403308466
Acholeplasmataceae	0.977840042713179	0.972992763361952	0.663139250476838	0.986778251513116	0.997554475853497	0.996366266286063
Acidaminococcaceae	0.0069216769459604	0.80940558411782	0.538230121632322	0.0416926033889465	0.956727799642477	0.996366266286063
Acidiferrobacteraceae	0.011066763213809	0.333545378466716	0.725665483546587	0.0519366317752541	0.754322950756705	0.996366266286063
Acidilobaceae	0.8068536196296	0.33654452725473	0.520019789442765	0.901351547943428	0.754322950756705	0.993255791600021
Acidimicrobiaceae	0.613162103732609	0.367720552502588	0.408947967263437	0.753820670958575	0.777511701718191	0.993134403308466
Acidithiobacillaceae	0.171915158089443	0.338250356669131	0.636130403778823	0.329504053004767	0.754322950756705	0.996366266286063
Acidobacteriaceae	0.0299305337864928	0.318802136813305	0.475841774087793	0.0938730377849093	0.754322950756705	0.993134403308466
Acidothermaceae	0.0899277073636958	0.657535991601179	0.927499263669914	0.205317423307159	0.926290469280533	0.996366266286063
Actinomycetaceae	0.533687843769965	0.124617085359557	0.185911469408512	0.688307686357524	0.682616068974161	0.993134403308466
Actinopolysporaceae	0.00573154265222581	0.198897430064303	0.222778265525341	0.0381182113738391	0.69779580375333	0.993134403308466
Aerococcaceae	0.889443766151491	0.814694450168658	0.711493824046303	0.955616360105016	0.960119558286416	0.996366266286063
Aeromonadaceae	0.0379097547869901	0.179815489746552	0.3703670595888	0.110996016808615	0.682616068974161	0.993134403308466
Akkermansiaceae	0.120242800708156	0.58141006765032	0.596368045089916	0.250468022607178	0.919594147114546	0.996366266286063
Alcaligenaceae	0.00656531207043094	0.0806746323080578	0.172517146340881	0.0407196883469424	0.682616068974161	0.993134403308466
Alcanivoracaceae	0.00262327219919963	0.00626421821278015	0.0253066747143805	0.0284399232666595	0.419237437786496	0.993134403308466
Alicyclobacillaceae	0.0334921054210749	0.186730120317207	0.420545846117481	0.101025367171767	0.682616068974161	0.993134403308466
Alteromonadaceae	0.365333603256657	0.535124028105305	0.772682859952438	0.530695128941249	0.873635478299717	0.996366266286063
Amoebophilaceae	0.544554782549833	0.113194629096898	0.206747428039313	0.697434431479136	0.682616068974161	0.993134403308466
Anaerohalosphaeraceae	0.207075219541175	0.593463235166531	0.94293319578589	0.368727487699124	0.921985085262786	0.996366266286063
Anaerolineaceae	0.00984861020401413	0.148046948331501	0.356712845545855	0.0498755305744569	0.682616068974161	0.993134403308466
Anaeromyxobacteraceae	0.0218341120157793	0.238316090448715	0.468826244472934	0.0748834636532476	0.722804845756542	0.993134403308466
Anaplasmataceae	0.854732693525104	0.827594662688063	0.955033472356528	0.929833426809046	0.962402872289934	0.996366266286063
Aphanizomenonaceae	0.384380304328016	0.853585036393821	0.972823980589336	0.546850329868724	0.973510206796259	0.996366266286063
Aphanothecaceae	0.964308597944568	0.983980930192373	0.95525566552523	0.981543252424052	0.997554475853497	0.996366266286063
Aquificaceae	0.469251365170617	0.512246345343992	0.40815971594825	0.631772569693124	0.862996781934527	0.993134403308466
Archaeoglobaceae	0.624811801998969	0.967123457546763	0.691170832484909	0.759683072033989	0.997554475853497	0.996366266286063
Archangiaceae	0.00702790418696051	0.176804342170896	0.327628502225691	0.0416926033889465	0.682616068974161	0.993134403308466
Ardenticatenaceae	0.00209129113745756	0.0745672059664584	0.136906678401482	0.0270969407846283	0.682616068974161	0.993134403308466
Arenaviridae	0.10308121929478	0.0989304721530367	0.21254586787059	0.226696546018799	0.682616068974161	0.993134403308466
Aspergillaceae	0.0609291546595204	0.184338426578188	0.206130309648231	0.154990292037121	0.682616068974161	0.993134403308466
Aspiviridae	0.526283304594058	0.452080934016275	0.476770114730543	0.681944563699343	0.826320117804582	0.993134403308466
Atopobiaceae	0.961655659496294	0.15591231972858	0.401177061803249	0.981543252424052	0.682616068974161	0.993134403308466
Aurantimonadaceae	0.00122923784693359	0.0680135866441255	0.153698332472425	0.0218883642421724	0.682616068974161	0.993134403308466
Azonexaceae	0.109930142626944	0.164826401466958	0.370321571813306	0.237966426392443	0.682616068974161	0.993134403308466
Bacillaceae	0.650698219654364	0.938840627401358	0.907885666731943	0.780837863585236	0.993667337989468	0.996366266286063
Bacteriovoracaceae	0.676040808686993	0.921765661923365	0.852733767174628	0.804255444817284	0.99184141399941	0.996366266286063
Bacteroidaceae	0.00155497768177466	0.953052267794646	0.244752301237343	0.0231985859551247	0.996372825421675	0.993134403308466
Baekduiaceae	0.00414587383265323	0.0671964050347627	0.156556609951543	0.0326931765089226	0.682616068974161	0.993134403308466
Barnesiellaceae	0.013388415747908	0.66683392109901	0.298042334990453	0.0573014696856977	0.926290469280533	0.993134403308466
Bartonellaceae	0.808277203318835	0.542895525035526	0.527571277135281	0.901351547943428	0.875913252065034	0.996366266286063
Bdellovibrionaceae	0.312992109860638	0.217024771764359	0.268972483779556	0.485313608547956	0.707951342734575	0.993134403308466
Beijerinckiaceae	0.244754665070527	0.24390039039044	0.57431126500352	0.410850073437086	0.727746029705528	0.996366266286063
Bernardetiaceae	0.482684737724091	0.442775602112571	0.762874119527339	0.642028855960719	0.812000439754616	0.996366266286063
Beutenbergiaceae	0.0134417733836999	0.218065902063554	0.492440645451146	0.0573014696856977	0.707951342734575	0.993134403308466
Bifidobacteriaceae	0.0516376553698408	0.264227375962083	0.208535172623808	0.139043832995864	0.738696932001746	0.993134403308466
Blattabacteriaceae	0.583952752857003	0.985996851178855	0.384776287691183	0.732595271766058	0.997554475853497	0.993134403308466
Bogoriellaceae	0.00240534438124418	0.121713900838118	0.267966683741878	0.0270969407846283	0.682616068974161	0.993134403308466
Borreliaceae	0.891597692251204	0.817493102164159	0.617295128337914	0.955654225480902	0.960119558286416	0.996366266286063
Brachyspiraceae	0.588212434129491	0.622456759359791	0.990773545928122	0.734600143980721	0.922479244669037	0.996777812433279
Bradymonadaceae	0.000207263854401124	0.0806243168950193	0.119764595277565	0.0104470789178544	0.682616068974161	0.993134403308466
Bradyrhizobiaceae	0.0112695065238115	0.333416750754942	0.588872294937053	0.0519366317752541	0.754322950756705	0.996366266286063
Brevibacteriaceae	0.0295062742849077	0.227934319764581	0.400769983513378	0.0933361395132234	0.722804845756542	0.993134403308466
Brucellaceae	0.255232252735474	0.318022218772216	0.536278908330191	0.424212730990028	0.754322950756705	0.996366266286063
Budviciaceae	0.0412278901621444	0.128804418853555	0.44534276722422	0.118142501712237	0.682616068974161	0.993134403308466
Burkholderiaceae	0.0226209789774449	0.174282632012238	0.414971589671349	0.0766060146966233	0.682616068974161	0.993134403308466
Caedimonadaceae	0.694977556818039	0.674038753810202	0.82745539344779	0.8197171182982	0.927235235849086	0.996366266286063
Caldilineaceae	0.186415022992128	0.525004321221748	0.964647223506813	0.346468325561126	0.873635478299717	0.996366266286063
Caldisphaeraceae	0.195142587924586	0.243671437118701	0.392379679524298	0.353715248845524	0.727746029705528	0.993134403308466
Calditrichaceae	0.19403180868736	0.515725458485795	0.348802602019385	0.353715248845524	0.865290130954891	0.993134403308466
Calotrichaceae	0.998860732339182	0.988125570851433	0.811771570073592	0.998860732339182	0.997554475853497	0.996366266286063
Campylobacteraceae	0.783364297810348	0.91903505325135	0.970147222565735	0.894513904464453	0.991440850294732	0.996366266286063
Candidatus Brocadiaceae	0.420885397355802	0.781809356637759	0.552413373794709	0.588138544790543	0.955493140858892	0.996366266286063
Candidatus Deianiraeaceae	0.567786582571017	0.40922541553195	0.602639551901774	0.720501594434946	0.787047311590742	0.996366266286063
Candidatus Methanomethylophilaceae	0.000831432797485073	0.0722695892090478	0.123945957115121	0.0191229543421567	0.682616068974161	0.993134403308466
Candidatus Midichloriaceae	0.672347436838879	0.737246020346526	0.833554370143191	0.803324210249051	0.950840661755333	0.996366266286063
Candidatus Nanopelagicaceae	0.973483047480338	0.385105800992353	0.406251118442159	0.984180663386715	0.779899294146558	0.993134403308466
Candidatus Nitrosocaldaceae	0.919721602186128	0.0831743162296766	0.263490715393092	0.966128380695829	0.682616068974161	0.993134403308466
Candidatus Paracaedibacteraceae	0.794793390999088	0.535173769101807	0.8170310180156	0.897389356506336	0.873635478299717	0.996366266286063
Cardiobacteriaceae	0.0138866788751975	0.257872861011226	0.71113574482782	0.0580715662053713	0.738696932001746	0.996366266286063
Carnobacteriaceae	0.367138275930744	0.959143238374097	0.648273469137316	0.531916872214621	0.997109350362201	0.996366266286063
Casimicrobiaceae	0.0112445779402793	0.0987057868715585	0.312123554495955	0.0519366317752541	0.682616068974161	0.993134403308466
Catenulisporaceae	0.00144053311315751	0.012911297902845	0.0683964673798638	0.0224314350054192	0.419237437786496	0.993134403308466
Caulobacteraceae	0.00484095773357144	0.129458222385597	0.310168707952308	0.0355268566893606	0.682616068974161	0.993134403308466
Cellulomonadaceae	0.034414098611429	0.306254380649418	0.467544456932477	0.103242295834287	0.754322950756705	0.993134403308466
Cellvibrionaceae	0.296769721094528	0.700508912441456	0.78640097369206	0.466714775054642	0.943012589984152	0.996366266286063
Chaetomiaceae	0.0966585706023461	0.621110063626289	0.874929395871544	0.216892402327216	0.922479244669037	0.996366266286063
Chamaesiphonaceae	0.266714055572777	0.731070873160489	0.353253217332846	0.43174826591253	0.950840661755333	0.993134403308466
Chelatococcaceae	0.000241724155602982	0.234778309387067	0.425645853051549	0.0104470789178544	0.722804845756542	0.993134403308466
Chitinophagaceae	0.807447356403832	0.963017323395443	0.89997820018285	0.901351547943428	0.997346271133742	0.996366266286063
Chlamydiaceae	0.295113381436815	0.353282906809181	0.427881550744286	0.465435961580348	0.770411862618509	0.993134403308466
Chlorobiaceae	0.114684165181995	0.598878887490736	0.937540711066532	0.244585322380745	0.921985085262786	0.996366266286063
Chloroflexaceae	0.269364414364837	0.778632960650105	0.805413770237574	0.434763616167807	0.955493140858892	0.996366266286063
Christensenellaceae	0.198995740059795	0.861525385054059	0.435627414297844	0.355487535640799	0.974451362807295	0.993134403308466
Chromatiaceae	0.0566659355268943	0.366880406478373	0.497458138987919	0.148244532752823	0.777511701718191	0.993134403308466
Chromobacteriaceae	0.0075232971606867	0.16035993078695	0.351045521230703	0.0427746493597151	0.682616068974161	0.993134403308466
Chroococcaceae	0.431167931356436	0.528927636418981	0.250297712356821	0.596503002778829	0.873635478299717	0.993134403308466
Chroococcidiopsidaceae	0.380838316961713	0.602468523574376	0.917158000653651	0.543211242798102	0.921985085262786	0.996366266286063
Chrysiogenaceae	0.0541394391738954	0.100933683843623	0.19748515388392	0.142990289110001	0.682616068974161	0.993134403308466
Chthonomonadaceae	0.0359918745666999	0.431959902836422	0.617017770830529	0.106976281498408	0.802834566887896	0.996366266286063
Clavicipitaceae	0.192212841866037	0.858189579442964	0.975706680408129	0.353671629033508	0.974451362807295	0.996366266286063
Clostridiaceae	0.0926432012899182	0.356428720498183	0.451754479076913	0.208730804538918	0.770411862618509	0.993134403308466
Clostridiales Family XIII. Incertae Sedis	0.928215561648913	0.877359288614539	0.853358646371338	0.966128380695829	0.974451362807295	0.996366266286063
Clostridiales Family XVI. Incertae Sedis	0.185988774496382	0.484580513327434	0.614744597508816	0.346468325561126	0.844104331625733	0.996366266286063
Clostridiales Family XVII. Incertae Sedis	6.41887480510877e-05	0.0124029595881913	0.0310448510810589	0.00878301985220866	0.419237437786496	0.993134403308466
Cohaesibacteraceae	0.0204400456618843	0.322153370305471	0.401120835647866	0.0737421263884619	0.754322950756705	0.993134403308466
Coleofasciculaceae	0.00146291967426647	0.0295665218548213	0.180875042460376	0.0224314350054192	0.611209089049125	0.993134403308466
Colwelliaceae	0.5733631305913	0.471904477387328	0.444800449691105	0.722594630334241	0.835556253849919	0.993134403308466
Comamonadaceae	0.0034519519150613	0.142738351724335	0.2456491939458	0.0306194552982593	0.682616068974161	0.993134403308466
Conexibacteraceae	0.00526881490156164	0.325765519257268	0.700651642246399	0.036815010451418	0.754322950756705	0.996366266286063
Coprothermobacteraceae	0.209235386083882	0.716274209505145	0.921839157027649	0.369676528615058	0.947099322113781	0.996366266286063
Coriobacteriaceae	0.101238310071478	0.417304913738492	0.45068119132454	0.225336883707483	0.791588702349304	0.993134403308466
Corynebacteriaceae	0.0520612147431065	0.265096183567492	0.534424897977485	0.139503837564052	0.738696932001746	0.996366266286063
Coxiellaceae	0.816074540734652	0.779152602959355	0.943886693335705	0.906384600574503	0.955493140858892	0.996366266286063
Crocinitomicaceae	0.61088957953702	0.336592609954507	0.316380005172299	0.752703231929542	0.754322950756705	0.993134403308466
Cryomorphaceae	0.458526971452969	0.609645935001661	0.895166397697401	0.623415980891721	0.921985085262786	0.996366266286063
Cryptococcaceae	0.772558925118448	0.919597310418302	0.99118973197322	0.892160097626325	0.991440850294732	0.996777812433279
Cuniculiplasmataceae	0.244872598117394	0.92420037003752	0.771269638646199	0.410850073437086	0.99252646743329	0.996366266286063
Cyanobacteriaceae	0.781996737504693	0.748101725779714	0.688581839781445	0.894513904464453	0.954620870861765	0.996366266286063
Cyanothecaceae	0.0494678634435768	0.00423160227251269	0.0059942645520008	0.135852042889823	0.419237437786496	0.82720850817611
Cyclobacteriaceae	0.790250678471931	0.899850971564874	0.760210974420847	0.895725615023626	0.982111397587261	0.996366266286063
Cytophagaceae	0.370862380113	0.717404980573921	0.518157079987026	0.533086864520965	0.947099322113781	0.993134403308466
Debaryomycetaceae	0.12938138869718	0.481535365109726	0.895080842118635	0.264513061336456	0.844063042656446	0.996366266286063
Deferribacteraceae	0.707259795229143	0.734713472518775	0.817335560253893	0.832425174768628	0.950840661755333	0.996366266286063
Dehalococcoidaceae	0.16065114072604	0.344129183300872	0.557272341833898	0.314001247890542	0.756809996741361	0.996366266286063
Deinococcaceae	0.00321916629806364	0.0446116630631253	0.0982958884621526	0.0301183016361208	0.617900648921926	0.993134403308466
Dermabacteraceae	0.0198916649694552	0.124705764503685	0.251789307562382	0.0737421263884619	0.682616068974161	0.993134403308466
Dermacoccaceae	0.00817931170982604	0.242589191218573	0.413384874834567	0.0434306668735145	0.727746029705528	0.993134403308466
Dermatophilaceae	0.114760142204009	0.104521939027494	0.232196965897433	0.244585322380745	0.682616068974161	0.993134403308466
Dermocarpellaceae	0.497735277564831	0.639729751392149	0.649864635371427	0.654166364799492	0.926290469280533	0.996366266286063
Desulfarculaceae	0.000557139634766162	0.109350550617312	0.188477729653592	0.0170856154661623	0.682616068974161	0.993134403308466
Desulfobacteraceae	0.00965629305228835	0.172675783708613	0.390053662943941	0.0498156426622726	0.682616068974161	0.993134403308466
Desulfobulbaceae	0.0748324153201422	0.290457950642159	0.354790957418762	0.181169032911092	0.754279697751641	0.993134403308466
Desulfohalobiaceae	0.00280653284393701	0.00251523508633569	0.0050345274427462	0.0292303043368534	0.419237437786496	0.82720850817611
Desulfomicrobiaceae	0.0128912859308482	0.437833425552174	0.512626338881838	0.0569279186706257	0.809520217099593	0.993134403308466
Desulfovibrionaceae	0.0319191383432033	0.369876592345744	0.429231771454045	0.0984322031589287	0.777511701718191	0.993134403308466
Desulfurellaceae	0.720548515688961	0.405403848239166	0.540636762990035	0.846261235447461	0.787047311590742	0.996366266286063
Desulfurobacteriaceae	0.614654637022101	0.566994415133505	0.745864734967694	0.75397635474711	0.899370451591078	0.996366266286063
Desulfurococcaceae	0.31434675863345	0.828471132883569	0.692729937844597	0.48604876965172	0.962402872289934	0.996366266286063
Desulfuromonadaceae	0.02959026162104	0.488742483080559	0.695986073437852	0.0933361395132234	0.844104331625733	0.996366266286063
Dictyoglomaceae	0.79824973079652	0.750171373895161	0.799403418679723	0.899252757958528	0.954620870861765	0.996366266286063
Dietziaceae	0.0882655524775068	0.889549790323289	0.927774700910316	0.204255283222682	0.976205734112237	0.996366266286063
Dipodascaceae	0.218051949908167	0.284219265681499	0.507773744893922	0.378797414552687	0.754279697751641	0.993134403308466
Dysgonamonadaceae	0.499605785176465	0.00375093308634415	0.0260350376913	0.655065067499784	0.419237437786496	0.993134403308466
Ectothiorhodospiraceae	0.00225246590205607	0.112515673380683	0.3119324722727	0.0270969407846283	0.682616068974161	0.993134403308466
Eggerthellaceae	0.0616508792139956	0.360867611221204	0.535033519603323	0.155456398541514	0.775093079354492	0.996366266286063
Egibacteraceae	0.196068124960494	0.29672744322682	0.462470069493589	0.353715248845524	0.754322950756705	0.993134403308466
Egicoccaceae	0.000908547490894562	0.112474106319991	0.305644508012048	0.0197593672739019	0.682616068974161	0.993134403308466
Elusimicrobiaceae	0.434300850880406	0.645522980105371	0.675231564466991	0.599144272396567	0.926290469280533	0.996366266286063
Emcibacteraceae	0.0437756382135695	0.34147125185611	0.467118840168432	0.122660671542591	0.754322950756705	0.993134403308466
Endomicrobiaceae	0.594903716039535	0.912598704479215	0.971692875652277	0.738221698873121	0.989694469297695	0.996366266286063
Endozoicomonadaceae	0.345086302851722	0.13443688994816	0.265382193722677	0.514831457227434	0.682616068974161	0.993134403308466
Enterobacteriaceae	0.333377712669733	0.930043953267104	0.21393650401999	0.508354965175947	0.992834158160408	0.993134403308466
Enterococcaceae	0.101153329958348	0.714458554038227	0.177081804379723	0.225336883707483	0.947099322113781	0.993134403308466
Entomoplasmataceae	0.262645261039853	0.667024708903978	0.936989851439277	0.430817411960935	0.926290469280533	0.996366266286063
Erwiniaceae	0.225593292836067	0.291042149800371	0.444352364702458	0.386731359147543	0.754279697751641	0.993134403308466
Erysipelotrichaceae	0.171594213381804	0.128863558613079	0.131810272997505	0.329504053004767	0.682616068974161	0.993134403308466
Erythrobacteraceae	0.0380040709725149	0.301460863983188	0.508545267006216	0.110996016808615	0.754322950756705	0.993134403308466
Eubacteriaceae	0.481662983583832	0.403217557725254	0.73745026945597	0.642028855960719	0.787047311590742	0.996366266286063
Euzebyaceae	0.000111378874937429	0.0852603961814468	0.0739360873242409	0.00878301985220866	0.682616068974161	0.993134403308466
Ferrimonadaceae	0.0508507460175079	0.764540414505574	0.792277678436146	0.138273949761893	0.954620870861765	0.996366266286063
Ferroplasmaceae	0.953036659274412	0.786689453319641	0.689294920816236	0.979098388103438	0.956503476282912	0.996366266286063
Fervidicoccaceae	0.43524792251997	0.204005735242314	0.899971816085503	0.599144272396567	0.69779580375333	0.996366266286063
Fervidobacteriaceae	0.377815383945155	0.675269139150965	0.716764798211616	0.540295574968201	0.927235235849086	0.996366266286063
Fibrobacteraceae	0.214772104349107	0.201290880068376	0.414856398008926	0.377546986921403	0.69779580375333	0.993134403308466
Fimbriimonadaceae	0.0434325422993038	0.283794067245067	0.827939822866815	0.122660671542591	0.754279697751641	0.996366266286063
Flammeovirgaceae	0.894125962251565	0.622838745788515	0.47385438465876	0.956429138552067	0.922479244669037	0.993134403308466
Flavobacteriaceae	0.467444085014834	0.329703890205567	0.628539899183573	0.630878080509018	0.754322950756705	0.996366266286063
Francisellaceae	0.741298745105093	0.606844692912576	0.666021580433219	0.866942600207651	0.921985085262786	0.996366266286063
Frankiaceae	0.0650014233916447	0.324289581248896	0.490172237986073	0.160182079072267	0.754322950756705	0.993134403308466
Fusobacteriaceae	0.0641984561459487	0.155444739711827	0.829290712765786	0.159517697992759	0.682616068974161	0.996366266286063
Gallionellaceae	0.0764986049905458	0.357292458025975	0.622088394413679	0.18359665197731	0.770411862618509	0.996366266286063
Gemmataceae	0.0124132759304342	0.301237023922612	0.428157273929417	0.0552590993032233	0.754322950756705	0.993134403308466
Gemmatimonadaceae	0.00272911283394456	0.0555616729722322	0.167498252744148	0.0289705823911038	0.652502003358788	0.993134403308466
Geobacteraceae	0.0167801543024177	0.217310075721886	0.493868968802683	0.0647737424820601	0.707951342734575	0.993134403308466
Geodermatophilaceae	0.00404414424924975	0.110438116458423	0.347125340208478	0.0326931765089226	0.682616068974161	0.993134403308466
Gloeobacteraceae	0.0108059756719619	0.139737778918458	0.208842691592452	0.0518686832254171	0.682616068974161	0.993134403308466
Gloeomargaritaceae	0.0167342118545476	0.281331467608808	0.318175856363711	0.0647737424820601	0.754279697751641	0.993134403308466
Glomerellaceae	0.014631488557389	0.1941648540637	0.327615201492381	0.0602729976393936	0.69779580375333	0.993134403308466
Glycomycetaceae	0.000110610115350371	0.0100369858287829	0.0170691322220422	0.00878301985220866	0.419237437786496	0.993134403308466
Gomontiellaceae	0.496519457292281	0.693608843312399	0.857580770147376	0.654125872136848	0.943012589984152	0.996366266286063
Gordoniaceae	0.00190169051053877	0.0579213734865591	0.212118695478633	0.0270969407846283	0.652502003358788	0.993134403308466
Gottschalkiaceae	0.939796774824084	0.910295463986701	0.527908713954181	0.975127480644538	0.989694469297695	0.996366266286063
Granulosicoccaceae	0.784320162610136	0.67460945656294	0.677309632679017	0.894513904464453	0.927235235849086	0.996366266286063
Hafniaceae	0.118763146876444	0.793692011721734	0.575795209132563	0.249267137170332	0.956616525487228	0.996366266286063
Hahellaceae	0.00361789163473945	0.0470163436957219	0.128298510253354	0.0312043153496278	0.617929088572345	0.993134403308466
Halanaerobiaceae	0.905456859309323	0.691647150916809	0.643235248088462	0.962534733615062	0.943012589984152	0.996366266286063
Halieaceae	0.0214265467005066	0.266305596862948	0.304623443419464	0.0743865017527022	0.738696932001746	0.993134403308466
Haliscomenobacteraceae	0.0506022395860928	0.46828964083559	0.401979185994989	0.138273949761893	0.835556253849919	0.993134403308466
Haloarculaceae	0.00136064692259602	0.0365396738018499	0.169244246850544	0.0224314350054192	0.611209089049125	0.993134403308466
Halobacteriaceae	0.0041071468545227	0.144660611755564	0.199287577496527	0.0326931765089226	0.682616068974161	0.993134403308466
Halobacteriovoraceae	0.349933442697022	0.873984309701488	0.683994847793733	0.515102027650017	0.974451362807295	0.996366266286063
Halobacteroidaceae	0.622170045904891	0.552009195704969	0.985556251477221	0.759683072033989	0.88066206944839	0.996777812433279
Haloferacaceae	0.319029229579396	0.367084167614794	0.721294055918792	0.491910990859851	0.777511701718191	0.996366266286063
Halomonadaceae	0.0308976795290734	0.174390785742151	0.319399004437083	0.0963588649720255	0.682616068974161	0.993134403308466
Halorubraceae	0.0122590105788159	0.262414220873443	0.546729519035055	0.0550160474756616	0.738696932001746	0.996366266286063
Halothiobacillaceae	0.0250811241265163	0.254544463392975	0.202708303532599	0.0829028773523174	0.738696932001746	0.993134403308466
Hapalosiphonaceae	0.948828327409567	0.554454786512364	0.177041490280715	0.978041326612142	0.882014530705548	0.993134403308466
Helicobacteraceae	0.879753746729051	0.868145292307172	0.850999380932822	0.948484508192258	0.974451362807295	0.996366266286063
Heliobacteriaceae	0.0210863269099677	0.0325335395326517	0.0879640725426261	0.0741966862061024	0.611209089049125	0.993134403308466
Holosporaceae	0.347264098577875	0.989619816456883	0.730216389357135	0.515102027650017	0.997554475853497	0.996366266286063
Hungateiclostridiaceae	0.822580902768088	0.773001503358137	0.959512258253837	0.909316736643993	0.955493140858892	0.996366266286063
Hydrogenophilaceae	0.504367424329699	0.664491928188598	0.708143753414183	0.659741275426526	0.926290469280533	0.996366266286063
Hydrogenothermaceae	0.242517546664181	0.974636936760856	0.879930881182786	0.409387418222103	0.997554475853497	0.996366266286063
Hyellaceae	0.827720533933366	0.767847222214898	0.912177687472047	0.911979510441553	0.954620870861765	0.996366266286063
Hymenobacteraceae	0.0219766686808444	0.287550046679558	0.371172686721669	0.0748834636532476	0.754279697751641	0.993134403308466
Hyphomicrobiaceae	0.0230729283311686	0.201397887894551	0.431885806010206	0.0776601002366161	0.69779580375333	0.993134403308466
Hyphomonadaceae	0.00953485541688826	0.143003835503362	0.256567908716735	0.0496532093407766	0.682616068974161	0.993134403308466
Iamiaceae	0.00468254408727613	0.219311013781906	0.384700620267107	0.0354077306325537	0.707951342734575	0.993134403308466
Ichthyobacteriaceae	0.122564097286905	0.38298994579733	0.958731952651458	0.25434354023448	0.779899294146558	0.996366266286063
Idiomarinaceae	0.445819583095761	0.861783530468513	0.786020472265191	0.609139628388268	0.974451362807295	0.996366266286063
Ignavibacteriaceae	0.87421258248375	0.424297988595732	0.420119471512344	0.944354883622367	0.796534563088635	0.993134403308466
Ilumatobacteraceae	0.00223766486607068	0.0620530912792642	0.192428409615785	0.0270969407846283	0.671633458552036	0.993134403308466
Immundisolibacteraceae	0.00309127919016334	0.215762750373153	0.546460141166315	0.0301183016361208	0.707951342734575	0.996366266286063
Intrasporangiaceae	0.0067538973189116	0.10904865074214	0.307028487913728	0.0414239035559911	0.682616068974161	0.993134403308466
Isosphaeraceae	0.00199427335413685	0.2051895629463	0.424800249790066	0.0270969407846283	0.69779580375333	0.993134403308466
Jiangellaceae	0.00338733614067621	0.180339327790487	0.486464393343686	0.0306194552982593	0.682616068974161	0.993134403308466
Jonesiaceae	0.0537422534257587	0.385629705796335	0.297311652100663	0.142623672552975	0.779899294146558	0.993134403308466
Kangiellaceae	0.441961557163483	0.695176054774423	0.292014260902753	0.605366698645763	0.943012589984152	0.993134403308466
Kineosporiaceae	0.00818258941095201	0.0799913872263152	0.288625487042955	0.0434306668735145	0.682616068974161	0.993134403308466
Kiritimatiellaceae	0.00105569170354978	0.0184259834680893	0.0598306836231291	0.0215830303836844	0.554503933806883	0.993134403308466
Kofleriaceae	0.0376000522904675	0.864758691659319	0.79382155602087	0.1109905286863	0.974451362807295	0.996366266286063
Kosmotogaceae	0.955434496685708	0.779163848726921	0.878692255059233	0.979098388103438	0.955493140858892	0.996366266286063
Ktedonosporobacteraceae	0.010778695643502	0.0447754093421686	0.108268071704658	0.0518686832254171	0.617900648921926	0.993134403308466
Labilitrichaceae	0.19661481594874	0.992987243673563	0.807608050947117	0.353715248845524	0.997554475853497	0.996366266286063
Lachnospiraceae	0.215448008841018	0.977632655498276	0.80789016738662	0.377546986921403	0.997554475853497	0.996366266286063
Lacipirellulaceae	0.00230527285929585	0.181011315080662	0.129030803414941	0.0270969407846283	0.682616068974161	0.993134403308466
Lactobacillaceae	0.00298239247543575	0.30327904499027	0.257197184756489	0.0301183016361208	0.754322950756705	0.993134403308466
Legionellaceae	0.789549872387645	0.797180437906023	0.925430800789236	0.895725615023626	0.956616525487228	0.996366266286063
Leptolyngbyaceae	0.39661257249994	0.330887927535585	0.546678004702988	0.558495255152976	0.754322950756705	0.996366266286063
Leptospiraceae	0.356064313166159	0.833354661606283	0.951288859645692	0.521346156147798	0.962402872289934	0.996366266286063
Leptotrichiaceae	0.272139500802284	0.609480868122902	0.678298301926099	0.437962112078311	0.921985085262786	0.996366266286063
Leuconostocaceae	0.130547592353855	0.664003362932629	0.56318474209587	0.264934819776941	0.926290469280533	0.996366266286063
Lichenihabitantaceae	0.0581028540112104	0.639315484358084	0.620277710320883	0.150007721536483	0.926290469280533	0.996366266286063
Limnochordaceae	0.0104421928962402	0.162408194783657	0.318772527567544	0.051792425383726	0.682616068974161	0.993134403308466
Listeriaceae	0.349337720045665	0.984968813861212	0.968553279501685	0.515102027650017	0.997554475853497	0.996366266286063
Litoricolaceae	0.109106926682312	0.0970750764874683	0.14047679361035	0.237114265860774	0.682616068974161	0.993134403308466
Magnetococcaceae	0.411813650580473	0.887009459412874	0.860213579360961	0.578425280204633	0.976205734112237	0.996366266286063
Malasseziaceae	0.0201216080053521	0.867997226293823	0.37336162979677	0.0737421263884619	0.974451362807295	0.993134403308466
Marinifilaceae	0.927260227042051	0.212828434967985	0.300527970273577	0.966128380695829	0.707951342734575	0.993134403308466
Marinilabiliaceae	0.991586597049089	0.586924553981728	0.915948512089018	0.997005103043892	0.921985085262786	0.996366266286063
Mariprofundaceae	0.191993937763061	0.146063311114254	0.420787811361591	0.353671629033508	0.682616068974161	0.993134403308466
Melioribacteraceae	0.336293768567993	0.413251017784579	0.368091088708281	0.510897305400521	0.787047311590742	0.993134403308466
Merismopediaceae	0.0105472684833798	0.274692179447392	0.400874694984095	0.051792425383726	0.754279697751641	0.993134403308466
Mesoaciditogaceae	0.916512683324312	0.763003024181748	0.603184071112713	0.966128380695829	0.954620870861765	0.996366266286063
Methanobacteriaceae	0.486316645523944	0.494483974948933	0.956594386178769	0.642217196959849	0.844104331625733	0.996366266286063
Methanocaldococcaceae	0.650055468874773	0.988232202359224	0.695283239336917	0.780837863585236	0.997554475853497	0.996366266286063
Methanocellaceae	0.0264970674609023	0.0718343345863765	0.157259621486625	0.086037536696577	0.682616068974161	0.993134403308466
Methanococcaceae	0.833724500566514	0.791811112939913	0.943667221089618	0.912325059701571	0.956616525487228	0.996366266286063
Methanocorpusculaceae	0.304255826122633	0.829602850090685	0.991333629393276	0.473096383154066	0.962402872289934	0.996777812433279
Methanomassiliicoccaceae	0.868420300766369	0.946191793987213	0.766378103540395	0.939937266711835	0.993667337989468	0.996366266286063
Methanomicrobiaceae	0.142517189339381	0.250033810729504	0.633520750014449	0.286511799815807	0.73588302606915	0.996366266286063
Methanopyraceae	0.263109577095723	0.952987444720338	0.247919125808491	0.430817411960935	0.996372825421675	0.993134403308466
Methanoregulaceae	0.142736856792295	0.338956956975471	0.222017321890536	0.286511799815807	0.754322950756705	0.993134403308466
Methanosarcinaceae	0.813203738357709	0.785220097204722	0.679151967806416	0.905017063656159	0.956503476282912	0.996366266286063
Methanospirillaceae	0.323920753799955	0.772553105303195	0.973573914272152	0.496678489159931	0.955493140858892	0.996366266286063
Methanothermaceae	0.195321357902006	0.825844913087411	0.375859979219578	0.353715248845524	0.962402872289934	0.993134403308466
Methanotrichaceae	7.54784427693991e-05	0.0126294094510133	0.02802247837451	0.00878301985220866	0.419237437786496	0.993134403308466
Methylacidiphilaceae	0.145053252708219	0.313555487535166	0.531599111173274	0.288019408255168	0.754322950756705	0.996366266286063
Methylobacteriaceae	0.00453071779095802	0.164437655689361	0.347603174725784	0.0347355030640115	0.682616068974161	0.993134403308466
Methylococcaceae	0.0581551674072598	0.490135611538395	0.87832096514444	0.150007721536483	0.844104331625733	0.996366266286063
Methylocystaceae	0.134863131868937	0.237896684212315	0.490525005003856	0.272690288614114	0.722804845756542	0.993134403308466
Methylophilaceae	0.555829614296497	0.370510709817663	0.599898891978186	0.708586482890685	0.777511701718191	0.996366266286063
Microbacteriaceae	0.0465443812962682	0.206052021760494	0.424144240846315	0.129108032540402	0.69779580375333	0.993134403308466
Microbulbiferaceae	0.0160323824296787	0.195823998544013	0.242592258897571	0.0641295297187148	0.69779580375333	0.993134403308466
Micrococcaceae	0.208831444479308	0.118631359890347	0.169098152321509	0.369676528615058	0.682616068974161	0.993134403308466
Microcoleaceae	0.365052382135708	0.602265052857011	0.812753645255837	0.530695128941249	0.921985085262786	0.996366266286063
Microcystaceae	0.929373496647618	0.800893322809549	0.957785110176714	0.966128380695829	0.956727799642477	0.996366266286063
Micromonosporaceae	0.00333293034491662	0.0990755493000934	0.234724770406946	0.0306194552982593	0.682616068974161	0.993134403308466
Moraxellaceae	0.915085694360518	0.44161004236146	0.431415601558804	0.966128380695829	0.812000439754616	0.993134403308466
Morganellaceae	0.92888659093909	0.824945847581219	0.816016079175791	0.966128380695829	0.962402872289934	0.996366266286063
Moritellaceae	0.608443075920488	0.95923584983016	0.953004816399891	0.751365946103153	0.997109350362201	0.996366266286063
Muribaculaceae	0.0734848231114726	0.4951340069046	0.794654625493646	0.178694371619087	0.844104331625733	0.996366266286063
Mycobacteriaceae	0.00804007332219587	0.171706104132603	0.392508648179017	0.0434306668735145	0.682616068974161	0.993134403308466
Mycoplasmataceae	0.90172773361516	0.939742586896626	0.690452052271841	0.960914496053221	0.993667337989468	0.996366266286063
Mycosphaerellaceae	0.275184725484918	0.392693380338385	0.630816161198673	0.441575489731613	0.7812072788452	0.996366266286063
Myxococcaceae	0.0011739038326527	0.051824300837438	0.124130290395299	0.0215998305208097	0.65015941050604	0.993134403308466
Nairoviridae	0.856605189591245	0.752473717355362	0.778889807414816	0.929833426809046	0.954620870861765	0.996366266286063
Nakamurellaceae	0.000773308560831275	0.00977853686935004	0.0755487734156796	0.0191229543421567	0.419237437786496	0.993134403308466
Natranaerobiaceae	0.801517608692116	0.631285483734866	0.838767906110486	0.899263658532618	0.926290469280533	0.996366266286063
Natrialbaceae	0.006016561128548	0.125289911863854	0.313023983998568	0.0390722557995117	0.682616068974161	0.993134403308466
Nautiliaceae	0.949692302652369	0.736756569747674	0.981909018299575	0.978041326612142	0.950840661755333	0.996777812433279
Nectriaceae	0.956039911572017	0.942213483377773	0.911480227041229	0.979098388103438	0.993667337989468	0.996366266286063
Neisseriaceae	0.0783383768976333	0.356612186284045	0.42542766900333	0.186391310549541	0.770411862618509	0.993134403308466
Nitrosomonadaceae	0.62403271208368	0.885537543826508	0.971286090067107	0.759683072033989	0.976205734112237	0.996366266286063
Nitrosopumilaceae	0.209617306986437	0.698376680206329	0.771386022483818	0.369676528615058	0.943012589984152	0.996366266286063
Nitrososphaeraceae	0.579585806623547	0.506691481559504	0.457155576141278	0.728773041585872	0.860595993294912	0.993134403308466
Nitrospiraceae	0.437204461125153	0.481666410211559	0.758166985555817	0.600340454082299	0.844063042656446	0.996366266286063
Nocardiaceae	0.00766926761339106	0.0940749120286565	0.241974342844943	0.0427746493597151	0.682616068974161	0.993134403308466
Nocardioidaceae	0.00749208248506394	0.131352652336656	0.270948217559451	0.0427746493597151	0.682616068974161	0.993134403308466
Nocardiopsaceae	0.00630670910506932	0.10478021739542	0.210034240694841	0.040014981908026	0.682616068974161	0.993134403308466
Nostocaceae	0.945530508881792	0.92965044387912	0.842039739548282	0.97740232378792	0.992834158160408	0.996366266286063
Oceanospirillaceae	0.42192547778452	0.523280085445596	0.662163621367158	0.588138544790543	0.873635478299717	0.996366266286063
Odoribacteraceae	0.0154565878124104	0.484780313482135	0.0884928752539726	0.0622776384850404	0.844104331625733	0.993134403308466
Oleiphilaceae	0.673964250279327	0.649653974916027	0.871934556325708	0.803516773551163	0.926290469280533	0.996366266286063
Opitutaceae	0.00318572493211951	0.107528801729012	0.17363855058456	0.0301183016361208	0.682616068974161	0.993134403308466
Orbaceae	0.34846929398961	0.999199940295707	0.730944144915606	0.515102027650017	0.999199940295707	0.996366266286063
Oscillatoriaceae	0.265358550845503	0.911368766674176	0.665547012631933	0.430817411960935	0.989694469297695	0.996366266286063
Oscillospiraceae	0.000930694835364946	0.0323393506889738	0.0268896340773039	0.0197593672739019	0.611209089049125	0.993134403308466
Oxalobacteraceae	0.0165666073262133	0.185737684741203	0.40043336936718	0.0647737424820601	0.682616068974161	0.993134403308466
Paenibacillaceae	0.430313850889779	0.330861158730129	0.755943346074047	0.596503002778829	0.754322950756705	0.996366266286063
Paludibacteraceae	0.524486371594388	0.0559100892504751	0.322054009420278	0.681944563699343	0.652502003358788	0.993134403308466
Parachlamydiaceae	0.943019472060585	0.884271108524026	0.67899575396493	0.976635550801957	0.976205734112237	0.996366266286063
Paramyxoviridae	0.789978219572813	0.766630364399947	0.653523529471758	0.895725615023626	0.954620870861765	0.996366266286063
Parvularculaceae	5.86415642875619e-05	0.025749765597548	0.0425521642446514	0.00878301985220866	0.611209089049125	0.993134403308466
Pasteurellaceae	0.455264295101378	0.609545497911341	0.599944346736801	0.620508372582619	0.921985085262786	0.996366266286063
Pectobacteriaceae	0.119697509183175	0.322583495995107	0.438208635997827	0.250276610110275	0.754322950756705	0.993134403308466
Pelagibacteraceae	0.371808773261905	0.588690515013193	0.991360541713533	0.533086864520965	0.921985085262786	0.996777812433279
Peptococcaceae	0.29861429358798	0.282362083110279	0.491668342230688	0.467218064404	0.754279697751641	0.993134403308466
Peptoniphilaceae	0.52562290924241	0.927616466921983	0.942479585005828	0.681944563699343	0.992834158160408	0.996366266286063
Peptostreptococcaceae	0.330871667764464	0.538146678913551	0.878179395149382	0.50593119281436	0.873696961059647	0.996366266286063
Peribunyaviridae	0.591634237145625	0.405662829191191	0.698216062475314	0.737205640867686	0.787047311590742	0.996366266286063
Petrotogaceae	0.465020189871183	0.841801325892879	0.928663821586533	0.629144962766895	0.967418447589769	0.996366266286063
Phaffomycetaceae	0.848059580945783	0.391207005188828	0.729981312698079	0.925155906486308	0.7812072788452	0.996366266286063
Phenuiviridae	0.833392104538998	0.512795189265443	0.552203565345255	0.912325059701571	0.862996781934527	0.996366266286063
Phycisphaeraceae	0.00979957762523902	0.425684232085412	0.45483204321103	0.0498755305744569	0.796534563088635	0.993134403308466
Phyllobacteriaceae	0.0136396160816626	0.146765413944101	0.371182787374529	0.0574738021150975	0.682616068974161	0.993134403308466
Pichiaceae	0.693192625539134	0.97210224148234	0.494945507135321	0.819419261155962	0.997554475853497	0.993134403308466
Picrophilaceae	0.265184752347517	0.194148588752871	0.676454071302954	0.430817411960935	0.69779580375333	0.996366266286063
Pirellulaceae	0.485653267021908	0.339219859297703	0.534387192376581	0.642217196959849	0.754322950756705	0.996366266286063
Piscirickettsiaceae	0.336896049213387	0.651425590005992	0.855103948770144	0.510897305400521	0.926290469280533	0.996366266286063
Planctomycetaceae	0.111925568000357	0.471332934430799	0.719584375149836	0.241339506000771	0.835556253849919	0.996366266286063
Planococcaceae	0.390701032656992	0.957919539282975	0.79560898784415	0.554413804695783	0.997109350362201	0.996366266286063
Polyangiaceae	0.0254611084082639	0.419533139768691	0.722684487363184	0.0836579276271528	0.793090045042184	0.996366266286063
Porphyromonadaceae	0.0834362438229099	0.495452542475973	0.513292829552848	0.196382901044791	0.844104331625733	0.993134403308466
Prevotellaceae	0.0331032606532967	0.766263830087048	0.870606822369789	0.100738962228387	0.954620870861765	0.996366266286063
Prochloraceae	0.996152580377499	0.991912287049516	0.792684545464147	0.998860732339182	0.997554475853497	0.996366266286063
Prochlorotrichaceae	0.918961826185057	0.530144136816537	0.845030252750329	0.966128380695829	0.873635478299717	0.996366266286063
Prolixibacteraceae	0.281893873849274	0.0973879740898609	0.492707748504745	0.44972664267283	0.682616068974161	0.993134403308466
Promicromonosporaceae	0.020048427749296	0.117224731458555	0.212933899154438	0.0737421263884619	0.682616068974161	0.993134403308466
Propionibacteriaceae	0.0630078719867933	0.00693734911649927	0.0957806343141995	0.157377128220407	0.419237437786496	0.993134403308466
Pseudanabaenaceae	0.371036062265237	0.346376645650854	0.494803553647159	0.533086864520965	0.758729795235205	0.993134403308466
Pseudoalteromonadaceae	0.344225259244795	0.667868852850819	0.568883359309515	0.514831457227434	0.926290469280533	0.996366266286063
Pseudomonadaceae	0.0131622112554817	0.112655713984813	0.308517781692373	0.0573014696856977	0.682616068974161	0.993134403308466
Pseudonocardiaceae	0.00552818745625181	0.159971918326834	0.335144415318598	0.0376735737759382	0.682616068974161	0.993134403308466
Psychromonadaceae	0.513192659439895	0.803656586937799	0.936213270471927	0.669698222247807	0.956727799642477	0.996366266286063
Puniceicoccaceae	0.354513263421737	0.546751174606496	0.756568426374251	0.520455642044678	0.876488382074541	0.996366266286063
Pyriculariaceae	0.160982523827941	0.131849685358498	0.388958889268844	0.314001247890542	0.682616068974161	0.993134403308466
Pyrodictiaceae	0.256900145890159	0.394380334256956	0.461360085998897	0.424212730990028	0.7812072788452	0.993134403308466
Rhabdoviridae	0.586929075628984	0.292420027751542	0.443978079459335	0.734600143980721	0.754279697751641	0.993134403308466
Rhizobiaceae	0.0513045547523224	0.318129924688619	0.605058630118475	0.138824089329813	0.754322950756705	0.996366266286063
Rhodanobacteraceae	0.0164098598067314	0.461774068026069	0.72753468806513	0.0647737424820601	0.835556253849919	0.996366266286063
Rhodobacteraceae	0.013399117202674	0.137832547956419	0.334860999459621	0.0573014696856977	0.682616068974161	0.993134403308466
Rhodobiaceae	0.0858873736136806	0.428657415038954	0.898209098158986	0.200889111164202	0.799388152369942	0.996366266286063
Rhodocyclaceae	0.000214911560937491	0.0275994172262768	0.0504717385562369	0.0104470789178544	0.611209089049125	0.993134403308466
Rhodospirillaceae	0.00349461174599699	0.149703531216206	0.337462315123081	0.0306194552982593	0.682616068974161	0.993134403308466
Rhodothermaceae	0.00407866183526143	0.175457822278819	0.307213583252542	0.0326931765089226	0.682616068974161	0.993134403308466
Rickettsiaceae	0.749723229643068	0.720619049434398	0.654932460408276	0.87309540667294	0.947099322113781	0.996366266286063
Rikenellaceae	0.0120341434189997	0.381219651533476	0.289317284889778	0.0544495669449824	0.779899294146558	0.993134403308466
Rivulariaceae	0.928085639855515	0.846305612346059	0.844507994239568	0.966128380695829	0.969213066421212	0.996366266286063
Roseiflexaceae	0.0241088517432604	0.237032178906805	0.435624596063094	0.0801691937486731	0.722804845756542	0.993134403308466
Ruaniaceae	0.0042386764201952	0.0397386645181662	0.168644702240849	0.0329542166753204	0.617900648921926	0.993134403308466
Rubrobacteraceae	0.00383187315675917	0.146499505655277	0.268894010093171	0.0325414458850933	0.682616068974161	0.993134403308466
Ruminococcaceae	0.124235749482532	0.102527014576991	0.514980573917173	0.256792658801072	0.682616068974161	0.993134403308466
Saccharomycetaceae	0.158710964759368	0.333851514747782	0.190300093667954	0.311773852481036	0.754322950756705	0.993134403308466
Saccharospirillaceae	0.278689030989579	0.108154758450821	0.137822296018795	0.445902449583327	0.682616068974161	0.993134403308466
Salinisphaeraceae	0.0050822393224656	0.337241441265442	0.512286404703489	0.0362094505364485	0.754322950756705	0.993134403308466
Salinivirgaceae	0.225205840234089	0.639099021227482	0.958999688867518	0.386731359147543	0.926290469280533	0.996366266286063
Sandaracinaceae	0.00262760160615876	0.051318858257252	0.0437705166965771	0.0284399232666595	0.65015941050604	0.993134403308466
Sanguibacteraceae	0.00511655279319381	0.0116902286721847	0.0373248576816954	0.0362094505364485	0.419237437786496	0.993134403308466
Saprospiraceae	0.322655308467646	0.474443045028044	0.327954695616272	0.496116240317941	0.836717446822621	0.993134403308466
Schizosaccharomycetaceae	0.185315230258983	0.806894439404765	0.822123840052698	0.346468325561126	0.956727799642477	0.996366266286063
Sclerotiniaceae	0.599531683726087	0.653787577657539	0.614170707825313	0.742021276719283	0.926290469280533	0.996366266286063
Scytonemataceae	0.834645208603792	0.875772250309132	0.803360605886577	0.912325059701571	0.974451362807295	0.996366266286063
Sedimentisphaeraceae	0.177918710755144	0.122345147838673	0.357971223464499	0.338659063230481	0.682616068974161	0.993134403308466
Segniliparaceae	0.00608908651673762	0.0256322383142966	0.0550422048744547	0.0390834390376647	0.611209089049125	0.993134403308466
Selenomonadaceae	0.369131741021586	0.466123233086212	0.885722283347941	0.533086864520965	0.835556253849919	0.996366266286063
Shewanellaceae	0.563615824436128	0.643729174543546	0.711001765929151	0.716856993292034	0.926290469280533	0.996366266286063
Silvanigrellaceae	0.393455142605842	0.408278378463854	0.974123062955548	0.556890355688269	0.787047311590742	0.996366266286063
Simkaniaceae	0.0751588922765218	0.599306232317204	0.90283104433734	0.181169032911092	0.921985085262786	0.996366266286063
Sinobacteraceae	0.0165455553046566	0.613151935605067	0.75575890289222	0.0647737424820601	0.922233973989092	0.996366266286063
Solibacteraceae	0.23411763059812	0.512705897154035	0.976553046769011	0.398867074352353	0.862996781934527	0.996366266286063
Sordariaceae	0.124674696664289	0.733497319521639	0.285390620175109	0.256792658801072	0.950840661755333	0.993134403308466
Sphaerobacteraceae	0.00114296811883164	0.207714058363822	0.341510739302523	0.0215998305208097	0.69913512327335	0.993134403308466
Sphingobacteriaceae	0.661149105969145	0.371853422560874	0.564050126184771	0.791657931659367	0.777511701718191	0.996366266286063
Sphingomonadaceae	0.00704754791028185	0.2134786744202	0.408961267614407	0.0416926033889465	0.707951342734575	0.993134403308466
Spirochaetaceae	0.338578312661044	0.413485000654557	0.651519639878262	0.51204172216136	0.787047311590742	0.996366266286063
Spiroplasmataceae	0.476336451037424	0.776473897011348	0.767480841194672	0.638198351875384	0.955493140858892	0.996366266286063
Spongiibacteraceae	0.823656464351443	0.491915424035776	0.843931619756536	0.909316736643993	0.844104331625733	0.996366266286063
Sporichthyaceae	0.00306447923160123	0.472270926089085	0.574684276625717	0.0301183016361208	0.835556253849919	0.996366266286063
Sporolactobacillaceae	0.743039427884347	0.641434785205337	0.903793536478949	0.867141150511965	0.926290469280533	0.996366266286063
Sporomusaceae	0.89578598665112	0.388536786033158	0.641405972045449	0.956429138552067	0.779899294146558	0.996366266286063
Staphylococcaceae	0.264253097828054	0.766153851882058	0.976251702613016	0.430817411960935	0.954620870861765	0.996366266286063
Steroidobacteraceae	0.0200964494506852	0.762251229058146	0.91396494542042	0.0737421263884619	0.954620870861765	0.996366266286063
Sterolibacteriaceae	0.00114046312858271	0.0342487108172801	0.137550806482536	0.0215998305208097	0.611209089049125	0.993134403308466
Streptococcaceae	0.529703419787554	0.935417877547639	0.968715487817399	0.684768823706627	0.993667337989468	0.996366266286063
Streptomycetaceae	0.00560452031779482	0.157000019859553	0.349613990490874	0.0377279904319846	0.682616068974161	0.993134403308466
Streptosporangiaceae	0.000483054916118078	0.0444772763761207	0.131379149240344	0.0156850772763047	0.617900648921926	0.993134403308466
Succinivibrionaceae	0.965093530041207	0.946864166272573	0.728572609923721	0.981543252424052	0.993667337989468	0.996366266286063
Sulfolobaceae	0.222966879904036	0.946598544924683	0.813888607838133	0.384617867834462	0.993667337989468	0.996366266286063
Sutterellaceae	0.00722154245330712	0.0856236596400869	0.0943302574343999	0.0419609624655319	0.682616068974161	0.993134403308466
Symbiobacteriaceae	0.000685768756200823	0.0659381838975419	0.194929630090135	0.0189272176711427	0.682616068974161	0.993134403308466
Synechococcaceae	0.0280724770643861	0.152012964141899	0.453554747670698	0.0906199259622287	0.682616068974161	0.993134403308466
Synergistaceae	0.0112905721250552	0.387016327274911	0.502797190574413	0.0519366317752541	0.779899294146558	0.993134403308466
Syntrophaceae	0.130020377087176	0.638085839268232	0.960018674131229	0.264838554066867	0.926290469280533	0.996366266286063
Syntrophobacteraceae	0.0285311936190591	0.976391055418564	0.779877896096267	0.0915652260332594	0.997554475853497	0.996366266286063
Syntrophomonadaceae	0.965539829830182	0.782396557369962	0.949457551884251	0.981543252424052	0.955493140858892	0.996366266286063
Tannerellaceae	0.00645996086043112	0.40375465246842	0.389829226132777	0.040521572669977	0.787047311590742	0.993134403308466
Tepidiformaceae	0.000422105828349257	0.0190861861274108	0.0753081166754891	0.0147527763290275	0.554503933806883	0.993134403308466
Thermaceae	0.0110690575450294	0.253902214322428	0.449559248676643	0.0519366317752541	0.738696932001746	0.993134403308466
Thermoactinomycetaceae	0.053612229204651	0.176947866408516	0.551114569906362	0.142623672552975	0.682616068974161	0.996366266286063
Thermoanaerobacteraceae	0.484025248448069	0.536526136129717	0.767955260963419	0.642217196959849	0.873635478299717	0.996366266286063
Thermoanaerobacterales Family III. Incertae Sedis	0.779017769634608	0.895443729215305	0.995995648136505	0.894513904464453	0.980724084378668	0.997803262742923
Thermoanaerobacterales Family IV. Incertae Sedis	0.463299832084546	0.387751150917872	0.60788988752119	0.628357511819826	0.779899294146558	0.996366266286063
Thermococcaceae	0.29878256654821	0.815825378343511	0.76075743480854	0.467218064404	0.960119558286416	0.996366266286063
Thermodesulfobacteriaceae	0.762082350488206	0.340033147900052	0.575513002252825	0.881906619432892	0.754322950756705	0.996366266286063
Thermodesulfobiaceae	0.181824621019118	0.876325226197608	0.429644034828297	0.34255013925786	0.974451362807295	0.993134403308466
Thermofilaceae	0.114056512884653	0.306769735978601	0.563948523513553	0.244585322380745	0.754322950756705	0.996366266286063
Thermoguttaceae	0.0900123486237907	0.412540230565963	0.423638982276005	0.205317423307159	0.787047311590742	0.993134403308466
Thermomicrobiaceae	0.0259935308436125	0.321605180794657	0.425613564876536	0.0849019468974799	0.754322950756705	0.993134403308466
Thermomonosporaceae	0.000159194014718131	0.00471163474147494	0.0220613638698508	0.0104470789178544	0.419237437786496	0.993134403308466
Thermoplasmataceae	0.115740113373497	0.611363405106099	0.270726158551245	0.245549766473866	0.922056283110838	0.993134403308466
Thermoproteaceae	0.344270212556159	0.533509810822003	0.446373701746553	0.514831457227434	0.873635478299717	0.993134403308466
Thermotogaceae	0.973267409469661	0.839998958787536	0.775470581592258	0.984180663386715	0.967418447589769	0.996366266286063
Thioalkalibacteraceae	0.00771940425753009	0.0843667380577083	0.22894519640877	0.0427746493597151	0.682616068974161	0.993134403308466
Thioalkalispiraceae	0.102162117074142	0.40799869572208	0.484534870961234	0.226479873995688	0.787047311590742	0.993134403308466
Thiobacillaceae	0.0424354279421875	0.766572383292161	0.895490593042073	0.120744104247874	0.954620870861765	0.996366266286063
Thiotrichaceae	0.22026956018541	0.974063859665766	0.864981728942634	0.381156104145287	0.997554475853497	0.996366266286063
Tissierellaceae	0.642733454163943	0.702134374064287	0.772783269575961	0.77804576030372	0.943012589984152	0.996366266286063
Tolypothrichaceae	0.420833694917608	0.985354387301427	0.598836943042531	0.588138544790543	0.997554475853497	0.996366266286063
Tospoviridae	0.478877277451338	0.405752834106418	0.344641057260476	0.640049048796946	0.787047311590742	0.993134403308466
Trichocomaceae	0.426917346926088	0.731165087129412	0.978316152766388	0.593597923181865	0.950840661755333	0.996366266286063
Trichomonascaceae	0.218220249687961	0.664153674048379	0.962840249291374	0.378797414552687	0.926290469280533	0.996366266286063
Trueperaceae	0.0360463557222896	0.865380265496393	0.677012353274439	0.106976281498408	0.974451362807295	0.996366266286063
Tsukamurellaceae	0.0120228396631415	0.17789352137854	0.366682327801587	0.0544495669449824	0.682616068974161	0.993134403308466
Unclassified Acidobacteria Phylum	0.128183024645478	0.645049237130689	0.604912154308025	0.263037284774364	0.926290469280533	0.996366266286063
Unclassified Acidobacteriia Class	0.241838359124757	0.700870561029014	0.904143832801792	0.409387418222103	0.943012589984152	0.996366266286063
Unclassified Actinobacteria Class	0.0904757315079917	0.234448146076989	0.49853018237549	0.20552511848729	0.722804845756542	0.993134403308466
Unclassified Actinobacteria Phylum	0.14329921491525	0.667794537857829	0.833027253346166	0.2865984298305	0.926290469280533	0.996366266286063
Unclassified Alphaproteobacteria Class	0.0106024349064512	0.296719642017419	0.516481434239727	0.051792425383726	0.754322950756705	0.993134403308466
Unclassified Alteromonadales Order	0.196996121483287	0.598335585587895	0.64695402883623	0.353715248845524	0.921985085262786	0.996366266286063
Unclassified Aquificales Order	0.020641716491376	0.456087930759604	0.302050008977332	0.0737421263884619	0.830892863958091	0.993134403308466
Unclassified Armatimonadetes Phylum	0.00551802090950486	0.0794869338299125	0.158280520108765	0.0376735737759382	0.682616068974161	0.993134403308466
Unclassified Ascomycota Phylum	0.0836050393940688	0.029271557769878	0.0206365214428721	0.196382901044791	0.611209089049125	0.993134403308466
Unclassified Bacillales Order	0.256259857251515	0.900268781121656	0.926136678767147	0.424212730990028	0.982111397587261	0.996366266286063
Unclassified Bacilli Class	0.216429297862416	0.889282458181123	0.837234284038171	0.37806636841789	0.976205734112237	0.996366266286063
Unclassified Bacteriovoracales Order	0.362999195463743	0.285833976991568	0.81992283803986	0.530094063216895	0.754279697751641	0.996366266286063
Unclassified Bacteroidales Order	0.00485366800911569	0.686202887118202	0.396553970909202	0.0355268566893606	0.93991065431575	0.993134403308466
Unclassified Bacteroidetes Phylum	0.0219170099562791	0.438490117595613	0.630056332645418	0.0748834636532476	0.809520217099593	0.996366266286063
Unclassified Bacteroidia Class	0.173080989139875	0.0349885989257151	0.604564075623394	0.330590678218723	0.611209089049125	0.996366266286063
Unclassified Balneolaeota Phylum	0.0576915009869355	0.333104692788328	0.479731621328037	0.150007721536483	0.754322950756705	0.993134403308466
Unclassified Basidiomycota Phylum	0.69324057057941	0.636816682037555	0.473188457900773	0.819419261155962	0.926290469280533	0.993134403308466
Unclassified Betaproteobacteria Class	0.0317620366694377	0.291663261054865	0.584770519191413	0.0984322031589287	0.754279697751641	0.996366266286063
Unclassified Blastocatellia Class	0.0409652514893264	0.917105578976036	0.955838013528912	0.118142501712237	0.991440850294732	0.996366266286063
Unclassified Bradymonadales Order	0.00850184560200406	0.184810648277907	0.425141412680719	0.044695416879107	0.682616068974161	0.993134403308466
Unclassified Burkholderiales Order	0.00211408446054333	0.108885330390913	0.225198476853642	0.0270969407846283	0.682616068974161	0.993134403308466
Unclassified Campylobacterales Order	0.648982173530223	0.995747311947966	0.889335460405818	0.780837863585236	0.997554475853497	0.996366266286063
Unclassified Candidatus Bipolaricaulota Phylum	0.00392101560467423	0.0595546959014939	0.189822902711088	0.0326931765089226	0.657483842752493	0.993134403308466
Unclassified Candidatus Cloacimonetes Phylum	0.624554327135064	0.656244560055008	0.37786042547056	0.759683072033989	0.926290469280533	0.993134403308466
Unclassified Candidatus Gracilibacteria Phylum	0.289263642763848	0.749063403737314	0.861527828528012	0.45883198507369	0.954620870861765	0.996366266286063
Unclassified Candidatus Korarchaeota Phylum	0.90847934096639	0.368836356171561	0.225663229505236	0.962534733615062	0.777511701718191	0.993134403308466
Unclassified Candidatus Micrarchaeota Phylum	0.0602228506163406	0.607053605067363	0.0998847045873059	0.153902840463982	0.921985085262786	0.993134403308466
Unclassified Candidatus Saccharibacteria Phylum	0.346444385383148	0.237525741755149	0.120101329857758	0.515102027650017	0.722804845756542	0.993134403308466
Unclassified Cellvibrionales Order	0.0661300936048328	0.376044665240334	0.438881648569619	0.161521290574636	0.779899294146558	0.993134403308466
Unclassified Chlamydiia Class	0.75509989818741	0.181706258387757	0.983177251157048	0.877505565893579	0.682616068974161	0.996777812433279
Unclassified Chloroflexi Phylum	0.0616756363778831	0.263655565285729	0.486487333762374	0.155456398541514	0.738696932001746	0.993134403308466
Unclassified Chromatiales Order	0.00010896261427477	0.0111820992544188	0.0358018343341544	0.00878301985220866	0.419237437786496	0.993134403308466
Unclassified Chroococcales Order	0.257447943626195	0.960982199986759	0.698682050529311	0.424212730990028	0.997109350362201	0.996366266286063
Unclassified Clostridia Class	0.535918356929287	0.466693124078638	0.680749218331115	0.689573270454467	0.835556253849919	0.996366266286063
Unclassified Clostridiales Order	0.301419092317008	0.47086381661828	0.80880250118813	0.470009432087538	0.835556253849919	0.996366266286063
Unclassified Coriobacteriales Order	0.164869779152404	0.765623591750323	0.999174495925338	0.319326730147814	0.954620870861765	0.999174495925338
Unclassified Coriobacteriia Class	0.0657002209167691	0.698741699413165	0.937754618572882	0.161184541982474	0.943012589984152	0.996366266286063
Unclassified Corynebacteriales Order	0.340353822769473	0.235523775938697	0.287612257784569	0.513320519586746	0.722804845756542	0.993134403308466
Unclassified Cyanobacteria Phylum	0.907895276428358	0.619582466029533	0.72594324860545	0.962534733615062	0.922479244669037	0.996366266286063
Unclassified Cytophagales Order	0.253457037281031	0.647216269856692	0.552350892892307	0.423964498724634	0.926290469280533	0.996366266286063
Unclassified Dehalococcoidia Class	0.0070998273886974	0.286258143629196	0.565885758321104	0.0416926033889465	0.754279697751641	0.996366266286063
Unclassified Deinococcales Order	0.0770611924250754	0.790422542748748	0.427463711822588	0.184146226054726	0.956616525487228	0.993134403308466
Unclassified Deinococci Class	0.0207065753445862	0.234505588875092	0.114378286006203	0.0737421263884619	0.722804845756542	0.993134403308466
Unclassified Deltaproteobacteria Class	0.000783994021615901	0.109346634006386	0.110556494459846	0.0191229543421567	0.682616068974161	0.993134403308466
Unclassified Desulfobacterales Order	0.239304831666785	0.145642559480375	0.241093674227212	0.406450052554047	0.682616068974161	0.993134403308466
Unclassified Desulfovibrionales Order	0.00782652098791888	0.385925669784953	0.541132903670596	0.0427746493597151	0.779899294146558	0.996366266286063
Unclassified Desulfuromonadales Order	0.0436350860370575	0.765139015132853	0.731194320339237	0.122660671542591	0.954620870861765	0.996366266286063
Unclassified Elusimicrobia Phylum	0.539827884444503	0.808388638753111	0.885206764614924	0.692988353984572	0.956727799642477	0.996366266286063
Unclassified Enterobacterales Order	0.151780936448904	0.0397716349277238	0.0124015465937116	0.299225274713553	0.617900648921926	0.993134403308466
Unclassified Entomoplasmatales Order	0.648198635942704	0.832347105840659	0.405348603465962	0.780837863585236	0.962402872289934	0.993134403308466
Unclassified Epsilonproteobacteria Class	0.794969919078983	0.467250564243407	0.296025964458348	0.897389356506336	0.835556253849919	0.993134403308466
Unclassified Euryarchaeota Phylum	0.0476107880848848	0.197898645314864	0.154645741961201	0.131405775114282	0.69779580375333	0.993134403308466
Unclassified Firmicutes Phylum	0.180313845579405	0.994329416287062	0.660574328865852	0.340867269725451	0.997554475853497	0.996366266286063
Unclassified Flavobacteriales Order	0.889831175894888	0.108346798303951	0.400921951285165	0.955616360105016	0.682616068974161	0.993134403308466
Unclassified Frankiales Order	0.0185943336631844	0.323480118112561	0.257129793011166	0.0707867047039847	0.754322950756705	0.993134403308466
Unclassified Fusobacteriales Order	0.68187197051894	0.527877940461929	0.936696193544001	0.809448016616031	0.873635478299717	0.996366266286063
Unclassified Gammaproteobacteria Class	0.0909242570126605	0.178686921933018	0.256535738212984	0.205697499471265	0.682616068974161	0.993134403308466
Unclassified Halanaerobiales Order	0.758353201438297	0.794094362610624	0.914244104419614	0.879434805029286	0.956616525487228	0.996366266286063
Unclassified Halobacteria Class	0.000272284993027581	0.0328086290741664	0.097209597228648	0.010735808296516	0.611209089049125	0.993134403308466
Unclassified Halobacteriales Order	0.0182707284112593	0.616190763940181	0.267064769106886	0.0700377922431605	0.922479244669037	0.993134403308466
Unclassified Haloferacales Order	7.95245845350186e-05	0.0111769394640984	0.0129998232856197	0.00878301985220866	0.419237437786496	0.993134403308466
Unclassified Ignavibacteriales Order	0.116102335234926	0.655615554582913	0.274139956492396	0.245549766473866	0.926290469280533	0.993134403308466
Unclassified Kiritimatiellaeota Phylum	0.000812725150951254	0.000664202561571398	0.00198348635084136	0.0191229543421567	0.366639813987412	0.82720850817611
Unclassified Lactobacillales Order	0.0204802127407752	0.759621667637113	0.901941098428974	0.0737421263884619	0.954620870861765	0.996366266286063
Unclassified Legionellales Order	0.800211984570622	0.135415983401652	0.513911308643511	0.899263658532618	0.682616068974161	0.993134403308466
Unclassified Marinilabiliales Order	0.857400750445298	0.0573440127234568	0.652269028182722	0.929833426809046	0.652502003358788	0.996366266286063
Unclassified Methanococcales Order	0.595124376808947	0.5353858532082	0.745264766784654	0.738221698873121	0.873635478299717	0.996366266286063
Unclassified Methanomassiliicoccales Order	0.571833708280082	0.376066102006996	0.5828483826132	0.722594630334241	0.779899294146558	0.996366266286063
Unclassified Methanomicrobia Class	0.0232309648296771	0.8013833705126	0.656534919608198	0.0777181368847379	0.956727799642477	0.996366266286063
Unclassified Methanomicrobiales Order	0.0211030429970255	0.724494378734228	0.274598382576365	0.0741966862061024	0.949930871879558	0.993134403308466
Unclassified Micrococcales Order	0.0384192115211458	0.285288469920374	0.620152952846618	0.11161791978775	0.754279697751641	0.996366266286063
Unclassified Mollicutes Class	0.983962651640958	0.807780578923775	0.510486019757115	0.991144860777023	0.956727799642477	0.993134403308466
Unclassified Myxococcales Order	0.000427616705189203	0.0420076505104052	0.0823609278540736	0.0147527763290275	0.617900648921926	0.993134403308466
Unclassified Negativicutes Class	0.0885412755348599	0.261849842157694	0.486889545326727	0.204255283222682	0.738696932001746	0.993134403308466
Unclassified Neisseriales Order	0.0200410012254811	0.0440562615146432	0.00826287715474218	0.0737421263884619	0.617900648921926	0.912221637883537
Unclassified Nitriliruptoria Class	0.162053050951588	0.601358766721591	0.8443607650134	0.31497635255379	0.921985085262786	0.996366266286063
Unclassified Nitrosomonadales Order	0.549351048790845	0.833385095932226	0.737636228158327	0.701948562343858	0.962402872289934	0.996366266286063
Unclassified Nostocales Order	0.821659639181926	0.288431962013247	0.759398913808023	0.909316736643993	0.754279697751641	0.996366266286063
Unclassified Oceanospirillales Order	0.144468240000121	0.547805238796588	0.131839891106599	0.287893388014682	0.876488382074541	0.993134403308466
Unclassified Opitutae Class	0.0322125615076346	0.669670866940526	0.232759246078457	0.0987851886234127	0.926461951256066	0.993134403308466
Unclassified Oscillatoriales Order	0.997359600726333	0.868613030535796	0.904414288667144	0.998860732339182	0.974451362807295	0.996366266286063
Unclassified Parachlamydiales Order	0.286868588170318	0.0463832319254771	0.0213437154466394	0.456344267060563	0.617929088572345	0.993134403308466
Unclassified Phycisphaerae Class	0.00142266036559071	0.0928712407513813	0.474133253331154	0.0224314350054192	0.682616068974161	0.993134403308466
Unclassified Planctomycetales Order	0.00779417946008422	0.24736098625559	0.426799659134581	0.0427746493597151	0.734103572113365	0.993134403308466
Unclassified Planctomycetes Phylum	0.0644428381383789	0.394849331155454	0.604270385466346	0.159517697992759	0.7812072788452	0.996366266286063
Unclassified Planctomycetia Class	0.00489137881954964	0.133221120016529	0.214544753842968	0.0355268566893606	0.682616068974161	0.993134403308466
Unclassified Propionibacteriales Order	0.00312617083795752	0.0540719827805456	0.288119703697338	0.0301183016361208	0.652502003358788	0.993134403308466
Unclassified Proteobacteria Phylum	0.0153527493851784	0.230272337850011	0.402720415850389	0.0622776384850404	0.722804845756542	0.993134403308466
Unclassified Pseudomonadales Order	0.0413070703450394	0.662933042058885	0.354429085768556	0.118142501712237	0.926290469280533	0.993134403308466
Unclassified Rhizobiales Order	0.0150570670804943	0.320527792842001	0.507992293927467	0.0615666742846879	0.754322950756705	0.993134403308466
Unclassified Rhodobacterales Order	0.013494911339023	0.71914602696295	0.815908863467063	0.0573014696856977	0.947099322113781	0.996366266286063
Unclassified Rhodocyclales Order	0.00127849521250346	0.156151385249243	0.444474836756432	0.0220540424156846	0.682616068974161	0.993134403308466
Unclassified Rhodospirillales Order	0.0101109654519121	0.250626827719203	0.442348159712043	0.0507386629950499	0.73588302606915	0.993134403308466
Unclassified Rickettsiales Order	0.0874216188354754	0.876574669960837	0.644587329798545	0.203614909692753	0.974451362807295	0.996366266286063
Unclassified Saccharomycetales Order	0.256990140208471	0.00829692583855803	0.044429178747343	0.424212730990028	0.419237437786496	0.993134403308466
Unclassified Sedimentisphaerales Order	0.343845932661685	0.0949290608846552	0.377472002402748	0.514831457227434	0.682616068974161	0.993134403308466
Unclassified Selenomonadales Order	0.107692914213641	0.84984794641018	0.73554614481062	0.234966358284308	0.971254795897349	0.996366266286063
Unclassified Silvanigrellales Order	0.178849695586341	0.388351202500505	0.309602399649081	0.339261278225637	0.779899294146558	0.993134403308466
Unclassified Sordariales Order	0.471727808084642	0.733011434306191	0.645126339914746	0.633561435675724	0.950840661755333	0.996366266286063
Unclassified Sordariomycetes Class	0.1967265057131	0.703966446829511	0.119459890186655	0.353715248845524	0.943178346237598	0.993134403308466
Unclassified Spartobacteria Class	0.197362856239894	0.17854898397795	0.709877463850462	0.353715248845524	0.682616068974161	0.996366266286063
Unclassified Sphingomonadales Order	0.0214132700736796	0.32350167427773	0.574993380301571	0.0743865017527022	0.754322950756705	0.996366266286063
Unclassified Spirochaetales Order	0.572190247439545	0.595828332607926	0.56741671983057	0.722594630334241	0.921985085262786	0.996366266286063
Unclassified Spirochaetia Class	0.0888066448794268	0.0243647698354163	0.0038542151736774	0.204255283222682	0.611209089049125	0.82720850817611
Unclassified Streptosporangiales Order	0.105254504611131	0.158357606488334	0.214083244583825	0.230557486291048	0.682616068974161	0.993134403308466
Unclassified Synechococcales Order	0.0553794718109471	0.745195774208672	0.601585183616788	0.145568897331632	0.954620870861765	0.996366266286063
Unclassified Tenericutes Phylum	0.782246199532892	0.706307238501925	0.283257840833581	0.894513904464453	0.944023234026786	0.993134403308466
Unclassified Thaumarchaeota Phylum	0.968324512389277	0.931681329578064	0.734604301187324	0.982564578747943	0.992834158160408	0.996366266286063
Unclassified Thermoanaerobacterales Order	0.189886386335195	0.291938347122875	0.453920197113436	0.351735856567206	0.754279697751641	0.993134403308466
Unclassified Thermomicrobia Class	0.725068917844854	0.842986002338186	0.890388074265994	0.849762298620721	0.967418447589769	0.996366266286063
Unclassified Thermoplasmata Class	0.045357528156682	0.265597272521064	0.667667268788799	0.126451290618629	0.738696932001746	0.996366266286063
Unclassified Thermoplasmatales Order	0.000237788648916515	0.0224457362567412	0.0920093669431728	0.0104470789178544	0.611209089049125	0.993134403308466
Unclassified Thermotogae Class	0.7753387202129	0.42190973539315	0.86022718840166	0.893500988637831	0.794860661901088	0.996366266286063
Unclassified Thermotogales Order	0.185510102267855	0.711495522643843	0.445736774213965	0.346468325561126	0.947099322113781	0.993134403308466
Unclassified Tissierellales Order	0.630670499626946	0.59283621610077	0.274912706817866	0.76512113361335	0.921985085262786	0.993134403308466
Unclassified Tissierellia Class	0.395595688523268	0.623341953372374	0.194406282657636	0.558488030856378	0.922479244669037	0.993134403308466
Unclassified Verrucomicrobia Phylum	0.00236738492234159	0.261002209217946	0.291594887037736	0.0270969407846283	0.738696932001746	0.993134403308466
Unclassified Verrucomicrobiales Order	0.151717382855053	0.341631771176044	0.509774458296408	0.299225274713553	0.754322950756705	0.993134403308466
Unclassified Victivallales Order	0.00235449829253389	0.137919399610939	0.165606903946452	0.0270969407846283	0.682616068974161	0.993134403308466
Unclassified Xanthomonadales Order	0.00598027664074285	0.20287700734618	0.394403138049206	0.0390722557995117	0.69779580375333	0.993134403308466
Unclassified candidate division Zixibacteria Phylum	0.166363974998649	0.544272183801281	0.58003543743811	0.321094105591799	0.875913252065034	0.996366266286063
Unikaryonidae	0.293876575319793	0.0926257836924244	0.397598874198739	0.464813379875433	0.682616068974161	0.993134403308466
Ustilaginaceae	0.102753001477199	0.887830497606582	0.728486984709411	0.226696546018799	0.976205734112237	0.996366266286063
Vallitaleaceae	0.230993282484364	0.719065750357301	0.858550575170465	0.394762513719408	0.947099322113781	0.996366266286063
Veillonellaceae	0.11824216033764	0.202442019993332	0.268998732804617	0.249120887428922	0.69779580375333	0.993134403308466
Verrucomicrobiaceae	0.00206419612470754	0.939482078583369	0.771056846956503	0.0270969407846283	0.993667337989468	0.996366266286063
Vibrionaceae	0.928106066161256	0.797008305583109	0.995512238964788	0.966128380695829	0.956616525487228	0.997803262742923
Vicinamibacteraceae	0.000664392650001975	0.00898323069753786	0.0375347882947801	0.0189272176711427	0.419237437786496	0.993134403308466
Vulgatibacteraceae	0.0204287430242342	0.117855521538218	0.221222796086402	0.0737421263884619	0.682616068974161	0.993134403308466
Waddliaceae	0.833527656538604	0.495220477954335	0.0887642679167103	0.912325059701571	0.844104331625733	0.993134403308466
Wenzhouxiangellaceae	0.000246036278862514	0.0360268331835539	0.103658375868787	0.0104470789178544	0.611209089049125	0.993134403308466
Woeseiaceae	0.0807233332140421	0.0894266806587213	0.0678800817472247	0.191241544781765	0.682616068974161	0.993134403308466
Xanthobacteraceae	0.00211256526496811	0.337941869896434	0.588829362244951	0.0270969407846283	0.754322950756705	0.996366266286063
Xanthomonadaceae	0.0293922453905671	0.183874402851897	0.39619861009334	0.0933361395132234	0.682616068974161	0.993134403308466
Yersiniaceae	0.0620519415975249	0.164811829563684	0.261984624284334	0.15569396255379	0.682616068974161	0.993134403308466
Zoogloeaceae	0.0142043957830431	0.237630876986626	0.450877064535601	0.0589535824980434	0.722804845756542	0.993134403308466
