p-variable	p-treatment	p-interaction	adjusted.p-variable	adjusted.p-treatment	adjusted.p-interaction
Acaryochloridaceae	0.798062015861025	0.34525441057476	0.158566478655149	0.875805631720251	0.998095549535311	0.999964951529915
Acetobacteraceae	0.196938899242289	0.652464263251781	0.95402106061871	0.658778458627496	0.998095549535311	0.999964951529915
Acholeplasmataceae	0.44700114088176	0.663894934801378	0.847792324927689	0.695316677237701	0.998095549535311	0.999964951529915
Acidaminococcaceae	0.01261371797718	0.687370467890313	0.328287979073223	0.658778458627496	0.998095549535311	0.999964951529915
Acidiferrobacteraceae	0.102387138295027	0.71900548408443	0.945169192208164	0.658778458627496	0.998095549535311	0.999964951529915
Acidilobaceae	0.175099218066845	0.737173652624664	0.483350862460307	0.658778458627496	0.998095549535311	0.999964951529915
Acidimicrobiaceae	0.679459685077232	0.526201569554845	0.663596194683155	0.804853532537837	0.998095549535311	0.999964951529915
Acidithiobacillaceae	0.226604040696082	0.478007354116296	0.496582489281892	0.658778458627496	0.998095549535311	0.999964951529915
Acidobacteriaceae	0.157939367220378	0.880741352239636	0.895680837184968	0.658778458627496	0.998095549535311	0.999964951529915
Acidothermaceae	0.979421854870372	0.585741096374016	0.565761126943191	0.990145355912	0.998095549535311	0.999964951529915
Actinomycetaceae	0.262699140578567	0.848834331175655	0.803187718196415	0.658778458627496	0.998095549535311	0.999964951529915
Actinopolysporaceae	0.201431549829913	0.759537752583112	0.968979465213091	0.658778458627496	0.998095549535311	0.999964951529915
Aerococcaceae	0.239400915541504	0.954512159882554	0.763850375839988	0.658778458627496	0.998095549535311	0.999964951529915
Aeromonadaceae	0.566065710118828	0.709047021316843	0.904422052797253	0.749324393250822	0.998095549535311	0.999964951529915
Akkermansiaceae	0.435180987567189	0.555006071678541	0.423769215009622	0.690608290333273	0.998095549535311	0.999964951529915
Alcaligenaceae	0.223954986765106	0.817208697024029	0.877408044167028	0.658778458627496	0.998095549535311	0.999964951529915
Alcanivoracaceae	0.0670385106786878	0.276487962827285	0.718371444999504	0.658778458627496	0.998095549535311	0.999964951529915
Alicyclobacillaceae	0.343450086129269	0.798780398738828	0.824049738564546	0.661158979122153	0.998095549535311	0.999964951529915
Alteromonadaceae	0.471432792444214	0.745375222243908	0.999726880496679	0.707149188666321	0.998095549535311	0.999964951529915
Amoebophilaceae	0.555879264995166	0.711685662335997	0.770058884455629	0.746212485865737	0.998095549535311	0.999964951529915
Anaerohalosphaeraceae	0.141649830910672	0.578105065838351	0.610462238294092	0.658778458627496	0.998095549535311	0.999964951529915
Anaerolineaceae	0.279071839136481	0.412322836097689	0.773464203860443	0.658778458627496	0.998095549535311	0.999964951529915
Anaeromyxobacteraceae	0.20959781212076	0.568466163721601	0.906690431717692	0.658778458627496	0.998095549535311	0.999964951529915
Anaplasmataceae	0.197764618105429	0.750584623011358	0.702437451530925	0.658778458627496	0.998095549535311	0.999964951529915
Aphanizomenonaceae	0.135507944815789	0.929578302493152	0.617183824420442	0.658778458627496	0.998095549535311	0.999964951529915
Aphanothecaceae	0.58027837680365	0.917000773774039	0.706194743611138	0.761104604565222	0.998095549535311	0.999964951529915
Aquificaceae	0.429190355122719	0.698484190685861	0.842990236915791	0.690608290333273	0.998095549535311	0.999964951529915
Archaeoglobaceae	0.0519901517864059	0.922864022501889	0.799827860983666	0.658778458627496	0.998095549535311	0.999964951529915
Archangiaceae	0.194867483024987	0.838485677678776	0.843518250244382	0.658778458627496	0.998095549535311	0.999964951529915
Ardenticatenaceae	0.436434469778966	0.976667650026209	0.696795458417142	0.690608290333273	0.998095549535311	0.999964951529915
Arenaviridae	0.00553056534345386	0.0595517617821342	0.0955314134904611	0.658778458627496	0.998095549535311	0.999964951529915
Aspergillaceae	0.117701298900655	0.551627356508495	0.655802183241285	0.658778458627496	0.998095549535311	0.999964951529915
Aspiviridae	0.855488137093317	0.56955507472773	0.652597950468864	0.916950391602933	0.998095549535311	0.999964951529915
Atopobiaceae	0.953221077538635	0.37640273709168	0.950385635619075	0.986923653070775	0.998095549535311	0.999964951529915
Aurantimonadaceae	0.225923662963993	0.509426115445802	0.833104184398033	0.658778458627496	0.998095549535311	0.999964951529915
Azonexaceae	0.921572509385958	0.465244771774243	0.955039967545935	0.961031362153809	0.998095549535311	0.999964951529915
Bacillaceae	0.455874895681376	0.897362138559399	0.871007859063359	0.704231557723836	0.998095549535311	0.999964951529915
Bacteriovoracaceae	0.563928229073825	0.366548153799035	0.453043047606044	0.748289380886422	0.998095549535311	0.999964951529915
Bacteroidaceae	0.792749145727494	0.687547137386594	0.736971017186162	0.871708223987205	0.998095549535311	0.999964951529915
Baekduiaceae	0.0634855622969799	0.517494938105065	0.779324313391598	0.658778458627496	0.998095549535311	0.999964951529915
Barnesiellaceae	0.465602296141738	0.642055939108984	0.572696270739846	0.706342971007342	0.998095549535311	0.999964951529915
Bartonellaceae	0.316297481472532	0.759123366746951	0.749448845392056	0.658778458627496	0.998095549535311	0.999964951529915
Bdellovibrionaceae	0.223433415737871	0.502050547350554	0.939904270384038	0.658778458627496	0.998095549535311	0.999964951529915
Beijerinckiaceae	0.0538301970804335	0.432869987134652	0.930866057237998	0.658778458627496	0.998095549535311	0.999964951529915
Bernardetiaceae	0.744324634868924	0.811650440711304	0.842970986548821	0.845405758122728	0.998095549535311	0.999964951529915
Beutenbergiaceae	0.180368741848065	0.431259265070525	0.997997393775981	0.658778458627496	0.998095549535311	0.999964951529915
Bifidobacteriaceae	0.50313124008562	0.99465437402358	0.600722840708173	0.725139541846637	0.998095549535311	0.999964951529915
Blattabacteriaceae	0.253257242872478	0.766622362401401	0.947247282506398	0.658778458627496	0.998095549535311	0.999964951529915
Bogoriellaceae	0.392658558183127	0.969414726344618	0.582625043594984	0.678867039041994	0.998095549535311	0.999964951529915
Borreliaceae	0.283321617610001	0.765031935842152	0.711917386561107	0.658778458627496	0.998095549535311	0.999964951529915
Brachyspiraceae	0.679281348285497	0.469479905285881	0.652364670709741	0.804853532537837	0.998095549535311	0.999964951529915
Bradymonadaceae	0.922729387575216	0.937419028657837	0.947175246068065	0.961031362153809	0.998095549535311	0.999964951529915
Bradyrhizobiaceae	0.221079442618421	0.83458308580493	0.872571784594853	0.658778458627496	0.998095549535311	0.999964951529915
Brevibacteriaceae	0.374840955394997	0.895198891752173	0.800403371334479	0.669310652266708	0.998095549535311	0.999964951529915
Brucellaceae	0.207967238548558	0.874034897640321	0.832324846438039	0.658778458627496	0.998095549535311	0.999964951529915
Budviciaceae	0.056320343274715	0.234611862085469	0.536553835479386	0.658778458627496	0.998095549535311	0.999964951529915
Burkholderiaceae	0.192616582847693	0.781357799480372	0.830928154686653	0.658778458627496	0.998095549535311	0.999964951529915
Caedimonadaceae	0.960353370503287	0.201396867914964	0.841389976353798	0.98902063529443	0.998095549535311	0.999964951529915
Caldilineaceae	0.403106056977984	0.562162296173331	0.668865040489507	0.681545007057556	0.998095549535311	0.999964951529915
Caldisphaeraceae	0.218697179812673	0.742996984596678	0.943018249129814	0.658778458627496	0.998095549535311	0.999964951529915
Calditrichaceae	0.387275265140672	0.540979887066164	0.470514660859682	0.676704558905319	0.998095549535311	0.999964951529915
Calotrichaceae	0.0462402405288464	0.438193475831718	0.630866967032521	0.658778458627496	0.998095549535311	0.999964951529915
Campylobacteraceae	0.600173449974543	0.620369503217896	0.353008835378554	0.777549063080596	0.998095549535311	0.999964951529915
Candidatus Brocadiaceae	0.561451161730725	0.0720075437711866	0.378496656415711	0.746797689820144	0.998095549535311	0.999964951529915
Candidatus Deianiraeaceae	0.285494756989996	0.131715913664578	0.510508282682981	0.658778458627496	0.998095549535311	0.999964951529915
Candidatus Methanomethylophilaceae	0.606525582589024	0.736833363340085	0.796616786281245	0.778363520484507	0.998095549535311	0.999964951529915
Candidatus Midichloriaceae	0.200250796116465	0.519780968625851	0.74916516234259	0.658778458627496	0.998095549535311	0.999964951529915
Candidatus Nanopelagicaceae	0.542466050637135	0.710495036345882	0.985498720077071	0.743030421716373	0.998095549535311	0.999964951529915
Candidatus Nitrosocaldaceae	0.306975143988771	0.877100942260221	0.662664447444485	0.658778458627496	0.998095549535311	0.999964951529915
Candidatus Paracaedibacteraceae	0.385596208372596	0.640515301299937	0.137548301250352	0.676704558905319	0.998095549535311	0.999964951529915
Cardiobacteriaceae	0.180589810947544	0.286287740350052	0.92513161932324	0.658778458627496	0.998095549535311	0.999964951529915
Carnobacteriaceae	0.88038930951741	0.594590650503406	0.794677229984889	0.929206307559484	0.998095549535311	0.999964951529915
Casimicrobiaceae	0.0470666970187048	0.181482793097757	0.381001276577886	0.658778458627496	0.998095549535311	0.999964951529915
Catenulisporaceae	0.133925772552005	0.403091162426311	0.908459273764519	0.658778458627496	0.998095549535311	0.999964951529915
Caulobacteraceae	0.107591235754529	0.588979812166999	0.991205511138166	0.658778458627496	0.998095549535311	0.999964951529915
Cellulomonadaceae	0.22368471396238	0.961519333622482	0.848392913152578	0.658778458627496	0.998095549535311	0.999964951529915
Cellvibrionaceae	0.302598464105643	0.741244787058905	0.948297288700797	0.658778458627496	0.998095549535311	0.999964951529915
Chaetomiaceae	0.17195046560764	0.489652631861303	0.872563932475137	0.658778458627496	0.998095549535311	0.999964951529915
Chamaesiphonaceae	0.10058194368841	0.839300790553151	0.559379975664444	0.658778458627496	0.998095549535311	0.999964951529915
Chelatococcaceae	0.130405970744495	0.874901409546382	0.849713906719282	0.658778458627496	0.998095549535311	0.999964951529915
Chitinophagaceae	0.520094585337896	0.945940496763796	0.879408390132741	0.734672628606874	0.998095549535311	0.999964951529915
Chlamydiaceae	0.782831513304394	0.176501706435481	0.304576067372209	0.868821659944012	0.998095549535311	0.999964951529915
Chlorobiaceae	0.234169068444566	0.732046314584376	0.851019984520058	0.658778458627496	0.998095549535311	0.999964951529915
Chloroflexaceae	0.34617861713271	0.948652433275659	0.614796901628515	0.661158979122153	0.998095549535311	0.999964951529915
Christensenellaceae	0.249097216494255	0.550806712452499	0.893583815917597	0.658778458627496	0.998095549535311	0.999964951529915
Chromatiaceae	0.178589829036895	0.947113406593613	0.779172916879064	0.658778458627496	0.998095549535311	0.999964951529915
Chromobacteriaceae	0.227236344134823	0.882693327420126	0.760248921800934	0.658778458627496	0.998095549535311	0.999964951529915
Chroococcaceae	0.964799085643859	0.804934437620796	0.681810893708353	0.989905381552807	0.998095549535311	0.999964951529915
Chroococcidiopsidaceae	0.788550093536141	0.255449015977401	0.543526816327397	0.868821659944012	0.998095549535311	0.999964951529915
Chrysiogenaceae	0.328892715138596	0.746021725836432	0.756166473488552	0.658778458627496	0.998095549535311	0.999964951529915
Chthonomonadaceae	0.494491021196066	0.871363869863944	0.555349025023728	0.718541586249613	0.998095549535311	0.999964951529915
Clavicipitaceae	0.110331949735758	0.804599382572775	0.557790692530692	0.658778458627496	0.998095549535311	0.999964951529915
Clostridiaceae	0.0934146653258652	0.458311529515769	0.952303039681364	0.658778458627496	0.998095549535311	0.999964951529915
Clostridiales Family XIII. Incertae Sedis	0.434046668144935	0.863329420624808	0.766800319367579	0.690608290333273	0.998095549535311	0.999964951529915
Clostridiales Family XVI. Incertae Sedis	0.977384037645383	0.927134290734371	0.724366451902451	0.990145355912	0.998095549535311	0.999964951529915
Clostridiales Family XVII. Incertae Sedis	0.317578039287494	0.560977351898365	0.723854661545165	0.658778458627496	0.998095549535311	0.999964951529915
Cohaesibacteraceae	0.146153967407891	0.910080169216962	0.957568743642995	0.658778458627496	0.998095549535311	0.999964951529915
Coleofasciculaceae	0.97336275229683	0.311752115395572	0.813394697388737	0.990145355912	0.998095549535311	0.999964951529915
Colwelliaceae	0.753281310384746	0.79804178132433	0.485714694685408	0.85165869155541	0.998095549535311	0.999964951529915
Comamonadaceae	0.152939342137429	0.950055956251542	0.860292844460735	0.658778458627496	0.998095549535311	0.999964951529915
Conexibacteraceae	0.332578068922924	0.537405631121479	0.960638539360545	0.658778458627496	0.998095549535311	0.999964951529915
Coprothermobacteraceae	0.0243659514563124	0.421523557272669	0.474844602593349	0.658778458627496	0.998095549535311	0.999964951529915
Coriobacteriaceae	0.690455692140215	0.781217585064625	0.738328648947807	0.813139981659315	0.998095549535311	0.999964951529915
Corynebacteriaceae	0.324123364286767	0.798595793889951	0.778241043940904	0.658778458627496	0.998095549535311	0.999964951529915
Coxiellaceae	0.758265826595615	0.680239571292426	0.905393568652519	0.852469931325416	0.998095549535311	0.999964951529915
Crocinitomicaceae	0.0423626333683158	0.522337675399703	0.430679249421089	0.658778458627496	0.998095549535311	0.999964951529915
Cryomorphaceae	0.542125459338992	0.735813833298909	0.781490341774634	0.743030421716373	0.998095549535311	0.999964951529915
Cryptococcaceae	0.671985819543714	0.854409998949024	0.674441100902248	0.804853532537837	0.998095549535311	0.999964951529915
Cuniculiplasmataceae	0.329274926714527	0.64162942637255	0.82269965318033	0.658778458627496	0.998095549535311	0.999964951529915
Cyanobacteriaceae	0.674160029321762	0.648391368090942	0.523430414278599	0.804853532537837	0.998095549535311	0.999964951529915
Cyanothecaceae	0.660843848380594	0.613381689364836	0.339254989368095	0.804853532537837	0.998095549535311	0.999964951529915
Cyclobacteriaceae	0.16535592453873	0.673288840396534	0.463983736917528	0.658778458627496	0.998095549535311	0.999964951529915
Cytophagaceae	0.525737411088434	0.925428345760448	0.910116488098943	0.734968493143319	0.998095549535311	0.999964951529915
Debaryomycetaceae	0.273726729561674	0.567620101078247	0.92481894074936	0.658778458627496	0.998095549535311	0.999964951529915
Deferribacteraceae	0.43575631529817	0.880007087931351	0.875770145944979	0.690608290333273	0.998095549535311	0.999964951529915
Dehalococcoidaceae	0.628478918225408	0.867529597629579	0.848924930017738	0.792055622969007	0.998095549535311	0.999964951529915
Deinococcaceae	0.226122068028985	0.767033908272487	0.913877516945037	0.658778458627496	0.998095549535311	0.999964951529915
Dermabacteraceae	0.347348014393885	0.861382286440132	0.992861583953371	0.661158979122153	0.998095549535311	0.999964951529915
Dermacoccaceae	0.0869483482724244	0.764415240136182	0.958489176700544	0.658778458627496	0.998095549535311	0.999964951529915
Dermatophilaceae	0.464092010650569	0.844653098759803	0.572796880521868	0.706342971007342	0.998095549535311	0.999964951529915
Dermocarpellaceae	0.370286061461896	0.809813846708475	0.825645575642328	0.669310652266708	0.998095549535311	0.999964951529915
Desulfarculaceae	0.393546109589561	0.506961313534311	0.712174080436549	0.678867039041994	0.998095549535311	0.999964951529915
Desulfobacteraceae	0.329388047391395	0.664308260330528	0.98466301624716	0.658778458627496	0.998095549535311	0.999964951529915
Desulfobulbaceae	0.34423117083238	0.768579588904257	0.615706666708704	0.661158979122153	0.998095549535311	0.999964951529915
Desulfohalobiaceae	0.608535651346011	0.791433776635968	0.694148992737133	0.778363520484507	0.998095549535311	0.999964951529915
Desulfomicrobiaceae	0.235333243090177	0.575136019917888	0.608557147452856	0.658778458627496	0.998095549535311	0.999964951529915
Desulfovibrionaceae	0.547832014724811	0.838215325026876	0.634983942511329	0.743380462631742	0.998095549535311	0.999964951529915
Desulfurellaceae	0.988310238130643	0.758445456053588	0.838609572708392	0.9937108405248	0.998095549535311	0.999964951529915
Desulfurobacteriaceae	0.173575616611546	0.674541677436279	0.938871189120698	0.658778458627496	0.998095549535311	0.999964951529915
Desulfurococcaceae	0.769719044766073	0.652478908563049	0.853976378912542	0.86035058614871	0.998095549535311	0.999964951529915
Desulfuromonadaceae	0.251655093351569	0.89719033498881	0.975714620230099	0.658778458627496	0.998095549535311	0.999964951529915
Dictyoglomaceae	0.494648193432705	0.614460016175832	0.948030868250805	0.718541586249613	0.998095549535311	0.999964951529915
Dietziaceae	0.271727935828594	0.867780517679183	0.859417386080644	0.658778458627496	0.998095549535311	0.999964951529915
Dipodascaceae	0.199602460250646	0.31434786168673	0.550807709505442	0.658778458627496	0.998095549535311	0.999964951529915
Dysgonamonadaceae	0.196053716917444	0.677773774260994	0.701125748301019	0.658778458627496	0.998095549535311	0.999964951529915
Ectothiorhodospiraceae	0.072109931741396	0.602365277837828	0.891739705348496	0.658778458627496	0.998095549535311	0.999964951529915
Eggerthellaceae	0.281383054062269	0.213483403298511	0.0747759093083795	0.658778458627496	0.998095549535311	0.999964951529915
Egibacteraceae	0.185546759811082	0.79443731513389	0.847096605260263	0.658778458627496	0.998095549535311	0.999964951529915
Egicoccaceae	0.153043868120245	0.925834190537995	0.659562468740559	0.658778458627496	0.998095549535311	0.999964951529915
Elusimicrobiaceae	0.679129166902237	0.783866479459725	0.930521039887246	0.804853532537837	0.998095549535311	0.999964951529915
Emcibacteraceae	0.162285425171593	0.734038274813491	0.757334107988537	0.658778458627496	0.998095549535311	0.999964951529915
Endomicrobiaceae	0.520692857012261	0.861472585500565	0.535624866270569	0.734672628606874	0.998095549535311	0.999964951529915
Endozoicomonadaceae	0.333034501802357	0.939139467792647	0.562226864618716	0.658778458627496	0.998095549535311	0.999964951529915
Enterobacteriaceae	0.521724040604882	0.191188029546685	0.0794687651147683	0.734672628606874	0.998095549535311	0.999964951529915
Enterococcaceae	0.821481312045705	0.205116192268644	0.775814796035343	0.889132714214175	0.998095549535311	0.999964951529915
Entomoplasmataceae	0.689881364387191	0.385908445726887	0.715315576186555	0.813139981659315	0.998095549535311	0.999964951529915
Erwiniaceae	0.329725885463646	0.873527160712471	0.696913050210573	0.658778458627496	0.998095549535311	0.999964951529915
Erysipelotrichaceae	0.446488976490142	0.997871940700783	0.911492427480794	0.695316677237701	0.998095549535311	0.999964951529915
Erythrobacteraceae	0.192277824781438	0.914703964268714	0.833635217238102	0.658778458627496	0.998095549535311	0.999964951529915
Eubacteriaceae	0.354144297728887	0.733615128289666	0.56363442719721	0.669310652266708	0.998095549535311	0.999964951529915
Euzebyaceae	0.17747473897164	0.819228165433252	0.958367925764329	0.658778458627496	0.998095549535311	0.999964951529915
Ferrimonadaceae	0.347183466378536	0.971169209621685	0.945871361899882	0.661158979122153	0.998095549535311	0.999964951529915
Ferroplasmaceae	0.167166365164715	0.98516408061379	0.803235743598346	0.658778458627496	0.998095549535311	0.999964951529915
Fervidicoccaceae	0.735605007309258	0.0104677493049875	0.307275328486206	0.840691436924866	0.998095549535311	0.999964951529915
Fervidobacteriaceae	0.404616913263499	0.835653266468539	0.897335483118785	0.681545007057556	0.998095549535311	0.999964951529915
Fibrobacteraceae	0.0830790783125358	0.565630953276068	0.859085043203066	0.658778458627496	0.998095549535311	0.999964951529915
Fimbriimonadaceae	0.291495311503425	0.505322153799884	0.826746729860284	0.658778458627496	0.998095549535311	0.999964951529915
Flammeovirgaceae	0.263459352733943	0.498668169775429	0.602642738679493	0.658778458627496	0.998095549535311	0.999964951529915
Flavobacteriaceae	0.459977932282599	0.921362448834046	0.975399447789884	0.704231557723836	0.998095549535311	0.999964951529915
Francisellaceae	0.458535297686721	0.969812352340382	0.916285111034062	0.704231557723836	0.998095549535311	0.999964951529915
Frankiaceae	0.521618563941043	0.880474090589594	0.70797949497054	0.734672628606874	0.998095549535311	0.999964951529915
Fusobacteriaceae	0.827276860802147	0.0777443464063577	0.614609907301934	0.891907865552314	0.998095549535311	0.999964951529915
Gallionellaceae	0.30496141273655	0.718495738118287	0.822536098240128	0.658778458627496	0.998095549535311	0.999964951529915
Gemmataceae	0.248510531536796	0.960197335591333	0.959421783139633	0.658778458627496	0.998095549535311	0.999964951529915
Gemmatimonadaceae	0.121391119397355	0.378116436159888	0.688845812192718	0.658778458627496	0.998095549535311	0.999964951529915
Geobacteraceae	0.275056104795636	0.682670530650336	0.782449958297332	0.658778458627496	0.998095549535311	0.999964951529915
Geodermatophilaceae	0.375857971895902	0.384379850225345	0.786730048165779	0.669310652266708	0.998095549535311	0.999964951529915
Gloeobacteraceae	0.186739492165304	0.685408587203382	0.870463125312049	0.658778458627496	0.998095549535311	0.999964951529915
Gloeomargaritaceae	0.279385511530917	0.593704840645209	0.678742058353606	0.658778458627496	0.998095549535311	0.999964951529915
Glomerellaceae	0.104610139096661	0.718784869681434	0.960504008669943	0.658778458627496	0.998095549535311	0.999964951529915
Glycomycetaceae	0.187565994604307	0.608547609615675	0.659404125623863	0.658778458627496	0.998095549535311	0.999964951529915
Gomontiellaceae	0.395606842068554	0.514143963825296	0.942665407243711	0.680295877949664	0.998095549535311	0.999964951529915
Gordoniaceae	0.265941327801889	0.455082528552392	0.852176769164391	0.658778458627496	0.998095549535311	0.999964951529915
Gottschalkiaceae	0.28702413181118	0.646643628063789	0.848240256485431	0.658778458627496	0.998095549535311	0.999964951529915
Granulosicoccaceae	0.901604938203931	0.806443919856883	0.564167070363855	0.946170961765342	0.998095549535311	0.999964951529915
Hafniaceae	0.539640904762721	0.372531225441329	0.815941402754237	0.743030421716373	0.998095549535311	0.999964951529915
Hahellaceae	0.25303671203285	0.669568336151628	0.795864514957841	0.658778458627496	0.998095549535311	0.999964951529915
Halanaerobiaceae	0.609154059509614	0.828247064800465	0.684321310382546	0.778363520484507	0.998095549535311	0.999964951529915
Halieaceae	0.460557232496929	0.891744864486198	0.900555719976892	0.704231557723836	0.998095549535311	0.999964951529915
Haliscomenobacteraceae	0.581858954939355	0.658556480636484	0.672687435574154	0.761104604565222	0.998095549535311	0.999964951529915
Haloarculaceae	0.100582413276683	0.295400036712131	0.691690315852467	0.658778458627496	0.998095549535311	0.999964951529915
Halobacteriaceae	0.229818436287544	0.891010804626544	0.743028661609525	0.658778458627496	0.998095549535311	0.999964951529915
Halobacteriovoraceae	0.809486694933246	0.414859442767164	0.346367930287263	0.879599715754236	0.998095549535311	0.999964951529915
Halobacteroidaceae	0.787758786789373	0.186224342822721	0.32839081161711	0.868821659944012	0.998095549535311	0.999964951529915
Haloferacaceae	0.523550922606988	0.470089787406753	0.954910532234437	0.734968493143319	0.998095549535311	0.999964951529915
Halomonadaceae	0.414019925821024	0.981360249115707	0.61863375045421	0.681545007057556	0.998095549535311	0.999964951529915
Halorubraceae	0.118946931621704	0.743332639006269	0.789655342992248	0.658778458627496	0.998095549535311	0.999964951529915
Halothiobacillaceae	0.187540337652567	0.631056875120418	0.610124526006402	0.658778458627496	0.998095549535311	0.999964951529915
Hapalosiphonaceae	0.634196545900469	0.32249058869161	0.618298221405205	0.795628393947861	0.998095549535311	0.999964951529915
Helicobacteraceae	0.36487117815965	0.975814424046886	0.904601537360601	0.669310652266708	0.998095549535311	0.999964951529915
Heliobacteriaceae	0.45758959675953	0.485241447446688	0.911375733323868	0.704231557723836	0.998095549535311	0.999964951529915
Holosporaceae	0.0309237186176561	0.225760255785202	0.486841107560449	0.658778458627496	0.998095549535311	0.999964951529915
Hungateiclostridiaceae	0.227109786333025	0.82549669540491	0.938039856298835	0.658778458627496	0.998095549535311	0.999964951529915
Hydrogenophilaceae	0.648933763096421	0.870637407431192	0.88441611740264	0.799579100958091	0.998095549535311	0.999964951529915
Hydrogenothermaceae	0.469745047567495	0.648837757300883	0.710072386193696	0.707112536750742	0.998095549535311	0.999964951529915
Hyellaceae	0.648055906614708	0.541483282926361	0.494285269314365	0.799579100958091	0.998095549535311	0.999964951529915
Hymenobacteraceae	0.219159145576569	0.654061263333936	0.924027749973115	0.658778458627496	0.998095549535311	0.999964951529915
Hyphomicrobiaceae	0.172031791616656	0.770785103190627	0.922401695711079	0.658778458627496	0.998095549535311	0.999964951529915
Hyphomonadaceae	0.0995617304997405	0.618490985906694	0.730701134762467	0.658778458627496	0.998095549535311	0.999964951529915
Iamiaceae	0.202991956187407	0.723183591962863	0.972212839337478	0.658778458627496	0.998095549535311	0.999964951529915
Ichthyobacteriaceae	0.994555209637009	0.850009189009345	0.498319288822382	0.994555209637009	0.998095549535311	0.999964951529915
Idiomarinaceae	0.633216667448668	0.748591115467152	0.495541543972836	0.795628393947861	0.998095549535311	0.999964951529915
Ignavibacteriaceae	0.205612403625064	0.740734358902172	0.961984049013525	0.658778458627496	0.998095549535311	0.999964951529915
Ilumatobacteraceae	0.0771290969952447	0.351853584090326	0.639103009198741	0.658778458627496	0.998095549535311	0.999964951529915
Immundisolibacteraceae	0.184416924910402	0.57189090837939	0.939401287455993	0.658778458627496	0.998095549535311	0.999964951529915
Intrasporangiaceae	0.313950315589681	0.64828590590814	0.984945566854569	0.658778458627496	0.998095549535311	0.999964951529915
Isosphaeraceae	0.208180647955043	0.921503263343143	0.778219983174886	0.658778458627496	0.998095549535311	0.999964951529915
Jiangellaceae	0.37501953041562	0.92351656656927	0.508376460213464	0.669310652266708	0.998095549535311	0.999964951529915
Jonesiaceae	0.661772423685886	0.371144549456417	0.990093676390953	0.804853532537837	0.998095549535311	0.999964951529915
Kangiellaceae	0.343129674933134	0.43561994027583	0.89125557813558	0.661158979122153	0.998095549535311	0.999964951529915
Kineosporiaceae	0.113202667933647	0.530176018938646	0.904509819601774	0.658778458627496	0.998095549535311	0.999964951529915
Kiritimatiellaceae	0.171033821578093	0.393059549354933	0.554966718570291	0.658778458627496	0.998095549535311	0.999964951529915
Kofleriaceae	0.106513679935467	0.746875990949216	0.717153089761051	0.658778458627496	0.998095549535311	0.999964951529915
Kosmotogaceae	0.0382728733639786	0.708282486164029	0.545727445181005	0.658778458627496	0.998095549535311	0.999964951529915
Ktedonosporobacteraceae	0.203190802420617	0.365080058172919	0.765921379381887	0.658778458627496	0.998095549535311	0.999964951529915
Labilitrichaceae	0.679146831245989	0.354407871084127	0.675417902146938	0.804853532537837	0.998095549535311	0.999964951529915
Lachnospiraceae	0.410626802962446	0.95238469053371	0.326135596154864	0.681545007057556	0.998095549535311	0.999964951529915
Lacipirellulaceae	0.383496431486162	0.965158579941556	0.79780526965496	0.67632597501713	0.998095549535311	0.999964951529915
Lactobacillaceae	0.284883656343305	0.767391786768573	0.680062532073731	0.658778458627496	0.998095549535311	0.999964951529915
Legionellaceae	0.244120127738933	0.599363504700995	0.632964483628909	0.658778458627496	0.998095549535311	0.999964951529915
Leptolyngbyaceae	0.365891107614662	0.878509041070027	0.793111624939652	0.669310652266708	0.998095549535311	0.999964951529915
Leptospiraceae	0.370691103807845	0.824906746222085	0.734941112159519	0.669310652266708	0.998095549535311	0.999964951529915
Leptotrichiaceae	0.375880982251231	0.854036786916572	0.900295455208194	0.669310652266708	0.998095549535311	0.999964951529915
Leuconostocaceae	0.0211220523009514	0.44042882350275	0.212763814406393	0.658778458627496	0.998095549535311	0.999964951529915
Lichenihabitantaceae	0.465776886678755	0.29610445837013	0.262934870558755	0.706342971007342	0.998095549535311	0.999964951529915
Limnochordaceae	0.47767543593671	0.521944323766942	0.728247212853059	0.710897529858205	0.998095549535311	0.999964951529915
Listeriaceae	0.537530073616359	0.854730411559923	0.825177266630958	0.743030421716373	0.998095549535311	0.999964951529915
Litoricolaceae	0.974975067584759	0.660823182161582	0.670228287854545	0.990145355912	0.998095549535311	0.999964951529915
Magnetococcaceae	0.433965268327844	0.493605028790758	0.594801008476109	0.690608290333273	0.998095549535311	0.999964951529915
Malasseziaceae	0.0471067934585969	0.244342214761109	0.646225602178328	0.658778458627496	0.998095549535311	0.999964951529915
Marinifilaceae	0.501565524598901	0.675819930240862	0.73109687694056	0.724775313032967	0.998095549535311	0.999964951529915
Marinilabiliaceae	0.64823683766038	0.993220093768073	0.337662006543084	0.799579100958091	0.998095549535311	0.999964951529915
Mariprofundaceae	0.413164582334265	0.475688015242976	0.901048566705687	0.681545007057556	0.998095549535311	0.999964951529915
Melioribacteraceae	0.278587985364878	0.54016170582516	0.547208920957574	0.658778458627496	0.998095549535311	0.999964951529915
Merismopediaceae	0.201256703193556	0.785442722445844	0.581136731072689	0.658778458627496	0.998095549535311	0.999964951529915
Mesoaciditogaceae	0.21879946364183	0.874912957619203	0.936127761458543	0.658778458627496	0.998095549535311	0.999964951529915
Methanobacteriaceae	0.122897862893388	0.190926998429756	0.47106765076923	0.658778458627496	0.998095549535311	0.999964951529915
Methanocaldococcaceae	0.34070173921451	0.601636025343877	0.67645654485568	0.661158979122153	0.998095549535311	0.999964951529915
Methanocellaceae	0.992192758441633	0.546769322006165	0.765821760702994	0.993993471251871	0.998095549535311	0.999964951529915
Methanococcaceae	0.355582629452375	0.970968221237384	0.938762122142776	0.669310652266708	0.998095549535311	0.999964951529915
Methanocorpusculaceae	0.130007053283493	0.551523606405284	0.556729484328608	0.658778458627496	0.998095549535311	0.999964951529915
Methanomassiliicoccaceae	0.667218592790014	0.831847332053348	0.74724034850214	0.804853532537837	0.998095549535311	0.999964951529915
Methanomicrobiaceae	0.982667315220648	0.593656049303939	0.921846252979561	0.990145355912	0.998095549535311	0.999964951529915
Methanopyraceae	0.270447678316619	0.0887942513524042	0.673005600219079	0.658778458627496	0.998095549535311	0.999964951529915
Methanoregulaceae	0.470127356861454	0.706803674668574	0.946178577210411	0.707112536750742	0.998095549535311	0.999964951529915
Methanosarcinaceae	0.847222945245641	0.877786410245181	0.795883197933022	0.909858104621778	0.998095549535311	0.999964951529915
Methanospirillaceae	0.728551565266954	0.089946790934149	0.693344223572628	0.83631149729386	0.998095549535311	0.999964951529915
Methanothermaceae	0.131125560215503	0.128280523371239	0.462401877081686	0.658778458627496	0.998095549535311	0.999964951529915
Methanotrichaceae	0.556955695972253	0.817617455833328	0.603825068551498	0.746212485865737	0.998095549535311	0.999964951529915
Methylacidiphilaceae	0.509884827042174	0.718226465992711	0.692875078616882	0.72727758275783	0.998095549535311	0.999964951529915
Methylobacteriaceae	0.257510792714281	0.816904593011904	0.898396081398998	0.658778458627496	0.998095549535311	0.999964951529915
Methylococcaceae	0.293707710337812	0.779614710518812	0.848359941297231	0.658778458627496	0.998095549535311	0.999964951529915
Methylocystaceae	0.290676147254245	0.74250164446086	0.960239529164557	0.658778458627496	0.998095549535311	0.999964951529915
Methylophilaceae	0.40443888162612	0.890225202779614	0.825597841700127	0.681545007057556	0.998095549535311	0.999964951529915
Microbacteriaceae	0.283034794548859	0.912085079439444	0.805330156745264	0.658778458627496	0.998095549535311	0.999964951529915
Microbulbiferaceae	0.264789559597595	0.701437298770876	0.667713372278705	0.658778458627496	0.998095549535311	0.999964951529915
Micrococcaceae	0.145562519870686	0.898497006608716	0.856376162559297	0.658778458627496	0.998095549535311	0.999964951529915
Microcoleaceae	0.138367130330244	0.531315436047589	0.549051133399966	0.658778458627496	0.998095549535311	0.999964951529915
Microcystaceae	0.53644425726451	0.240172909667637	0.175677361045668	0.743030421716373	0.998095549535311	0.999964951529915
Micromonosporaceae	0.34199565464485	0.718805234572057	0.925659139323284	0.661158979122153	0.998095549535311	0.999964951529915
Moraxellaceae	0.304295673436916	0.846190743745809	0.962248616662174	0.658778458627496	0.998095549535311	0.999964951529915
Morganellaceae	0.409777439704663	0.672385782584561	0.914697448583471	0.681545007057556	0.998095549535311	0.999964951529915
Moritellaceae	0.640090877829335	0.655513899766888	0.54679113824134	0.797585021584182	0.998095549535311	0.999964951529915
Muribaculaceae	0.53542982171202	0.810868297699273	0.36903937682954	0.743030421716373	0.998095549535311	0.999964951529915
Mycobacteriaceae	0.276157962509565	0.758328562335959	0.847143610069312	0.658778458627496	0.998095549535311	0.999964951529915
Mycoplasmataceae	0.60489727534116	0.643027316074619	0.967933489631196	0.778363520484507	0.998095549535311	0.999964951529915
Mycosphaerellaceae	0.293695747452076	0.73481316429472	0.927971006437953	0.658778458627496	0.998095549535311	0.999964951529915
Myxococcaceae	0.246148303956753	0.596100211385068	0.86786005641678	0.658778458627496	0.998095549535311	0.999964951529915
Nairoviridae	0.756442272222056	0.263263895416719	0.681056011590529	0.852155376054235	0.998095549535311	0.999964951529915
Nakamurellaceae	0.389840669804151	0.353591439494159	0.983334359850517	0.676704558905319	0.998095549535311	0.999964951529915
Natranaerobiaceae	0.703704861582874	0.141467017610312	0.199102499945815	0.819504395767398	0.998095549535311	0.999964951529915
Natrialbaceae	0.32719590199049	0.547997709908254	0.977334924801764	0.658778458627496	0.998095549535311	0.999964951529915
Nautiliaceae	0.305661609499516	0.789707429970898	0.954689888481278	0.658778458627496	0.998095549535311	0.999964951529915
Nectriaceae	0.261379063349447	0.851716059495981	0.976298825835458	0.658778458627496	0.998095549535311	0.999964951529915
Neisseriaceae	0.142160227400988	0.852441554820285	0.610266439482314	0.658778458627496	0.998095549535311	0.999964951529915
Nitrosomonadaceae	0.551024139265984	0.767196060593653	0.618605092966935	0.743380462631742	0.998095549535311	0.999964951529915
Nitrosopumilaceae	0.322312279931155	0.821102210624414	0.442003238284501	0.658778458627496	0.998095549535311	0.999964951529915
Nitrososphaeraceae	0.787062797801011	0.566759797170554	0.625620101896698	0.868821659944012	0.998095549535311	0.999964951529915
Nitrospiraceae	0.663724539652718	0.799872494965723	0.819082555216661	0.804853532537837	0.998095549535311	0.999964951529915
Nocardiaceae	0.168233370860972	0.686514868367804	0.80221776146343	0.658778458627496	0.998095549535311	0.999964951529915
Nocardioidaceae	0.256621046562186	0.830175829247249	0.837313544617172	0.658778458627496	0.998095549535311	0.999964951529915
Nocardiopsaceae	0.402554346620714	0.923719740798018	0.912139467738546	0.681545007057556	0.998095549535311	0.999964951529915
Nostocaceae	0.134991973615124	0.960765694907055	0.751487848136491	0.658778458627496	0.998095549535311	0.999964951529915
Oceanospirillaceae	0.54971705497925	0.664125530355846	0.886000395430595	0.743380462631742	0.998095549535311	0.999964951529915
Odoribacteraceae	0.698761655584342	0.866233973585377	0.595302438286762	0.818025281634083	0.998095549535311	0.999964951529915
Oleiphilaceae	0.897828631114318	0.597947807539717	0.89735847908086	0.944659116486439	0.998095549535311	0.999964951529915
Opitutaceae	0.0940658115131376	0.76486129034787	0.875794683943738	0.658778458627496	0.998095549535311	0.999964951529915
Orbaceae	0.625001405171316	0.923991321913064	0.449346169567915	0.791746813131271	0.998095549535311	0.999964951529915
Oscillatoriaceae	0.601473641187345	0.454491566296811	0.719517047885537	0.777549063080596	0.998095549535311	0.999964951529915
Oscillospiraceae	0.22260482410032	0.655499562750982	0.212213775279294	0.658778458627496	0.998095549535311	0.999964951529915
Oxalobacteraceae	0.140696620009027	0.645652386483645	0.751335347733345	0.658778458627496	0.998095549535311	0.999964951529915
Paenibacillaceae	0.294830214476698	0.499797118233817	0.875080137344803	0.658778458627496	0.998095549535311	0.999964951529915
Paludibacteraceae	0.279733832021074	0.685612836582004	0.314147809922169	0.658778458627496	0.998095549535311	0.999964951529915
Parachlamydiaceae	0.291415478804064	0.363429966974878	0.240268553283563	0.658778458627496	0.998095549535311	0.999964951529915
Paramyxoviridae	0.752076249523788	0.407670832747477	0.262795658252647	0.85165869155541	0.998095549535311	0.999964951529915
Parvularculaceae	0.230567636177813	0.964039483743877	0.56345902319145	0.658778458627496	0.998095549535311	0.999964951529915
Pasteurellaceae	0.325710031923122	0.976045124153783	0.834550931294473	0.658778458627496	0.998095549535311	0.999964951529915
Pectobacteriaceae	0.313392811078389	0.867797208396197	0.848895479213185	0.658778458627496	0.998095549535311	0.999964951529915
Pelagibacteraceae	0.635647812224048	0.661268067035055	0.904627861124086	0.795640798974319	0.998095549535311	0.999964951529915
Peptococcaceae	0.552148532027199	0.708485250213942	0.924944144187959	0.743380462631742	0.998095549535311	0.999964951529915
Peptoniphilaceae	0.739665037823305	0.761413683136776	0.805905822794226	0.842459466440899	0.998095549535311	0.999964951529915
Peptostreptococcaceae	0.421669242682046	0.792424335831402	0.776444132263888	0.684592417530851	0.998095549535311	0.999964951529915
Peribunyaviridae	0.804065189367736	0.222879735275148	0.813091412805967	0.879599715754236	0.998095549535311	0.999964951529915
Petrotogaceae	0.374810402523055	0.967089962728858	0.800858435208998	0.669310652266708	0.998095549535311	0.999964951529915
Phaffomycetaceae	0.16916731572427	0.415154554221962	0.60406313751969	0.658778458627496	0.998095549535311	0.999964951529915
Phenuiviridae	0.403373241869717	0.204599805822405	0.893963966426367	0.681545007057556	0.998095549535311	0.999964951529915
Phycisphaeraceae	0.249143941449151	0.413593422931597	0.520093939012029	0.658778458627496	0.998095549535311	0.999964951529915
Phyllobacteriaceae	0.143003507158486	0.681607220988909	0.998091307187204	0.658778458627496	0.998095549535311	0.999964951529915
Pichiaceae	0.201669596228982	0.542813688164177	0.869841682760768	0.658778458627496	0.998095549535311	0.999964951529915
Picrophilaceae	0.48545865079392	0.253782950502821	0.772233960342134	0.71459513396865	0.998095549535311	0.999964951529915
Pirellulaceae	0.561387704142263	0.826124489397931	0.789723310189458	0.746797689820144	0.998095549535311	0.999964951529915
Piscirickettsiaceae	0.341088406230343	0.930510715923987	0.55926481242089	0.661158979122153	0.998095549535311	0.999964951529915
Planctomycetaceae	0.436510013015568	0.884827266992293	0.555703784402735	0.690608290333273	0.998095549535311	0.999964951529915
Planococcaceae	0.309196115655317	0.777358158406461	0.970574908735084	0.658778458627496	0.998095549535311	0.999964951529915
Polyangiaceae	0.414853482556773	0.998095549535311	0.814738776367686	0.681545007057556	0.998095549535311	0.999964951529915
Porphyromonadaceae	0.411430321878776	0.430345356319965	0.846089717351584	0.681545007057556	0.998095549535311	0.999964951529915
Prevotellaceae	0.202262724523815	0.292262210080414	0.826974193007279	0.658778458627496	0.998095549535311	0.999964951529915
Prochloraceae	0.407038205196204	0.852287821713001	0.960868087437617	0.681545007057556	0.998095549535311	0.999964951529915
Prochlorotrichaceae	0.550544208894978	0.753760413066463	0.739331262776665	0.743380462631742	0.998095549535311	0.999964951529915
Prolixibacteraceae	0.334162986260324	0.638507311748965	0.86349943825994	0.658778458627496	0.998095549535311	0.999964951529915
Promicromonosporaceae	0.243362595341234	0.997448861848026	0.755823966376479	0.658778458627496	0.998095549535311	0.999964951529915
Propionibacteriaceae	0.501351174683784	0.566652364242139	0.308203986291217	0.724775313032967	0.998095549535311	0.999964951529915
Pseudanabaenaceae	0.172320659217243	0.743424794328072	0.608005130738582	0.658778458627496	0.998095549535311	0.999964951529915
Pseudoalteromonadaceae	0.324493727420161	0.897735784184197	0.855316040933648	0.658778458627496	0.998095549535311	0.999964951529915
Pseudomonadaceae	0.28049733547795	0.495570140418952	0.936143396210762	0.658778458627496	0.998095549535311	0.999964951529915
Pseudonocardiaceae	0.274995285198538	0.73153283791963	0.945644198833485	0.658778458627496	0.998095549535311	0.999964951529915
Psychromonadaceae	0.560225887770368	0.869419657762291	0.999181424782743	0.746797689820144	0.998095549535311	0.999964951529915
Puniceicoccaceae	0.571240503980433	0.993615546509974	0.518371499430104	0.754365450232534	0.998095549535311	0.999964951529915
Pyriculariaceae	0.480267605141609	0.488591652366503	0.870301742051699	0.712655156016581	0.998095549535311	0.999964951529915
Pyrodictiaceae	0.483614769157783	0.488347086141753	0.793945269448622	0.71459513396865	0.998095549535311	0.999964951529915
Rhabdoviridae	0.88007590284146	0.157116080863202	0.347396590399029	0.929206307559484	0.998095549535311	0.999964951529915
Rhizobiaceae	0.219485985817481	0.76764609278964	0.861235970115389	0.658778458627496	0.998095549535311	0.999964951529915
Rhodanobacteraceae	0.208158004269157	0.919261425752063	0.8395062576953	0.658778458627496	0.998095549535311	0.999964951529915
Rhodobacteraceae	0.181369480387087	0.628232640653724	0.988015876521053	0.658778458627496	0.998095549535311	0.999964951529915
Rhodobiaceae	0.171472901956148	0.394119503024164	0.562803488318375	0.658778458627496	0.998095549535311	0.999964951529915
Rhodocyclaceae	0.214528297900919	0.83398723519629	0.690143130838269	0.658778458627496	0.998095549535311	0.999964951529915
Rhodospirillaceae	0.150185007071812	0.612764382484595	0.932525210782031	0.658778458627496	0.998095549535311	0.999964951529915
Rhodothermaceae	0.186875279152891	0.580734546533053	0.970174794646301	0.658778458627496	0.998095549535311	0.999964951529915
Rickettsiaceae	0.127502777211461	0.831408379031904	0.840559375246427	0.658778458627496	0.998095549535311	0.999964951529915
Rikenellaceae	0.10740943616022	0.213147325483151	0.267826099716677	0.658778458627496	0.998095549535311	0.999964951529915
Rivulariaceae	0.488102223789713	0.982812013243821	0.604188349005295	0.715586653813314	0.998095549535311	0.999964951529915
Roseiflexaceae	0.273499042665542	0.692139980877012	0.994688424073761	0.658778458627496	0.998095549535311	0.999964951529915
Ruaniaceae	0.117439615798315	0.665404590171562	0.683476185596554	0.658778458627496	0.998095549535311	0.999964951529915
Rubrobacteraceae	0.477795260103975	0.866691703832675	0.980128461040178	0.710897529858205	0.998095549535311	0.999964951529915
Ruminococcaceae	0.204070469664732	0.197825777025636	0.860747548464338	0.658778458627496	0.998095549535311	0.999964951529915
Saccharomycetaceae	0.509722924969007	0.97778149139599	0.502021329234052	0.72727758275783	0.998095549535311	0.999964951529915
Saccharospirillaceae	0.115339910741483	0.333243700690108	0.693407327478444	0.658778458627496	0.998095549535311	0.999964951529915
Salinisphaeraceae	0.108549044665217	0.194444778958954	0.316456749105045	0.658778458627496	0.998095549535311	0.999964951529915
Salinivirgaceae	0.286846944537443	0.904032693432863	0.632315599708328	0.658778458627496	0.998095549535311	0.999964951529915
Sandaracinaceae	0.41642099420836	0.798863035102761	0.854269914134956	0.682090174489657	0.998095549535311	0.999964951529915
Sanguibacteraceae	0.0678718659114976	0.414346737078025	0.634196451271688	0.658778458627496	0.998095549535311	0.999964951529915
Saprospiraceae	0.845379985155584	0.612905461434206	0.592534550608657	0.909648638997821	0.998095549535311	0.999964951529915
Schizosaccharomycetaceae	0.769951430357723	0.449746656002122	0.352494145824665	0.86035058614871	0.998095549535311	0.999964951529915
Sclerotiniaceae	0.469345988136756	0.934237801344377	0.961425849945748	0.707112536750742	0.998095549535311	0.999964951529915
Scytonemataceae	0.369274019417515	0.587490146303432	0.758510685454987	0.669310652266708	0.998095549535311	0.999964951529915
Sedimentisphaeraceae	0.696004523149758	0.67290941139584	0.665137915950373	0.817435099529077	0.998095549535311	0.999964951529915
Segniliparaceae	0.019736696243649	0.379106953668158	0.660853312380268	0.658778458627496	0.998095549535311	0.999964951529915
Selenomonadaceae	0.389152663904824	0.551756935750059	0.772433448544381	0.676704558905319	0.998095549535311	0.999964951529915
Shewanellaceae	0.135798923109473	0.847129899274573	0.813822721215319	0.658778458627496	0.998095549535311	0.999964951529915
Silvanigrellaceae	0.781011008431485	0.406534304750765	0.803959994260858	0.868821659944012	0.998095549535311	0.999964951529915
Simkaniaceae	0.0694305876304378	0.740006035282959	0.748828669690425	0.658778458627496	0.998095549535311	0.999964951529915
Sinobacteraceae	0.715770298915472	0.572636664241333	0.549604007562173	0.828312798744949	0.998095549535311	0.999964951529915
Solibacteraceae	0.327268184137526	0.45140580022003	0.817114993643357	0.658778458627496	0.998095549535311	0.999964951529915
Sordariaceae	0.17484156883038	0.602409053801249	0.628126472490966	0.658778458627496	0.998095549535311	0.999964951529915
Sphaerobacteraceae	0.119191430619685	0.967118792462475	0.806593242445108	0.658778458627496	0.998095549535311	0.999964951529915
Sphingobacteriaceae	0.296858260243014	0.843830636405242	0.860312368003571	0.658778458627496	0.998095549535311	0.999964951529915
Sphingomonadaceae	0.181877047493724	0.760226718537392	0.91032998412919	0.658778458627496	0.998095549535311	0.999964951529915
Spirochaetaceae	0.506179586977326	0.878245565333523	0.869456923658669	0.725743200029829	0.998095549535311	0.999964951529915
Spiroplasmataceae	0.675957251564887	0.446676060536061	0.918895616579122	0.804853532537837	0.998095549535311	0.999964951529915
Spongiibacteraceae	0.325447749806014	0.739646914079326	0.860973769883433	0.658778458627496	0.998095549535311	0.999964951529915
Sporichthyaceae	0.0944268154222548	0.921662638473113	0.922200252743952	0.658778458627496	0.998095549535311	0.999964951529915
Sporolactobacillaceae	0.352346352324375	0.252165124784179	0.668649291648311	0.668368338429742	0.998095549535311	0.999964951529915
Sporomusaceae	0.618441182478653	0.882200863490406	0.638990509812314	0.786588785088056	0.998095549535311	0.999964951529915
Staphylococcaceae	0.284651664217895	0.764476415190481	0.879197173929909	0.658778458627496	0.998095549535311	0.999964951529915
Steroidobacteraceae	0.26494550368545	0.38098741538034	0.492329706792882	0.658778458627496	0.998095549535311	0.999964951529915
Sterolibacteriaceae	0.146128985688428	0.70654934661106	0.958591400452207	0.658778458627496	0.998095549535311	0.999964951529915
Streptococcaceae	0.148386533848193	0.690670976862704	0.373855955610074	0.658778458627496	0.998095549535311	0.999964951529915
Streptomycetaceae	0.257707232310212	0.762772417205816	0.890865307346198	0.658778458627496	0.998095549535311	0.999964951529915
Streptosporangiaceae	0.148128921204032	0.455934344835978	0.79172240648491	0.658778458627496	0.998095549535311	0.999964951529915
Succinivibrionaceae	0.0620959612056587	0.573413696920181	0.695019850781733	0.658778458627496	0.998095549535311	0.999964951529915
Sulfolobaceae	0.485053763884869	0.86560140018516	0.991365854716028	0.71459513396865	0.998095549535311	0.999964951529915
Sutterellaceae	0.0990631387661198	0.600190540924147	0.77052060992573	0.658778458627496	0.998095549535311	0.999964951529915
Symbiobacteriaceae	0.15821204250006	0.400398100744619	0.590309936773236	0.658778458627496	0.998095549535311	0.999964951529915
Synechococcaceae	0.388272135554044	0.489119366935344	0.988002437052472	0.676704558905319	0.998095549535311	0.999964951529915
Synergistaceae	0.285360117054527	0.970370167566723	0.400766537999533	0.658778458627496	0.998095549535311	0.999964951529915
Syntrophaceae	0.379378629498333	0.659628814625883	0.656588793358973	0.67120834449705	0.998095549535311	0.999964951529915
Syntrophobacteraceae	0.314003067642222	0.79521064056671	0.811075476136077	0.658778458627496	0.998095549535311	0.999964951529915
Syntrophomonadaceae	0.980974105608387	0.979040607357662	0.720634206819338	0.990145355912	0.998095549535311	0.999964951529915
Tannerellaceae	0.812108334149777	0.189011180865519	0.527583974539952	0.880714735659484	0.998095549535311	0.999964951529915
Tepidiformaceae	0.0450256027689891	0.137714981581873	0.585190038146336	0.658778458627496	0.998095549535311	0.999964951529915
Thermaceae	0.538919008796002	0.928894928296346	0.672221727066466	0.743030421716373	0.998095549535311	0.999964951529915
Thermoactinomycetaceae	0.60502869413867	0.459150594960471	0.950359760331719	0.778363520484507	0.998095549535311	0.999964951529915
Thermoanaerobacteraceae	0.418942912578579	0.85335232430104	0.885002201381604	0.684190792140164	0.998095549535311	0.999964951529915
Thermoanaerobacterales Family III. Incertae Sedis	0.337119021585485	0.831720366734201	0.908806962347829	0.661158979122153	0.998095549535311	0.999964951529915
Thermoanaerobacterales Family IV. Incertae Sedis	0.212072912454014	0.772539968739562	0.850323465580959	0.658778458627496	0.998095549535311	0.999964951529915
Thermococcaceae	0.253209242327037	0.559635065010237	0.715271722166922	0.658778458627496	0.998095549535311	0.999964951529915
Thermodesulfobacteriaceae	0.807488241554705	0.760099747870211	0.960703384753025	0.879599715754236	0.998095549535311	0.999964951529915
Thermodesulfobiaceae	0.359924367462183	0.409576372554497	0.768753063865554	0.669310652266708	0.998095549535311	0.999964951529915
Thermofilaceae	0.505182592009455	0.45317206362777	0.864813812352086	0.725743200029829	0.998095549535311	0.999964951529915
Thermoguttaceae	0.872088108370635	0.453831140534588	0.509221841930049	0.923978187755452	0.998095549535311	0.999964951529915
Thermomicrobiaceae	0.547029991335863	0.511732115361541	0.456848447403573	0.743380462631742	0.998095549535311	0.999964951529915
Thermomonosporaceae	0.0430122199911665	0.248815953229757	0.651664726944273	0.658778458627496	0.998095549535311	0.999964951529915
Thermoplasmataceae	0.956529265204465	0.346977380648952	0.874999999832958	0.986923653070775	0.998095549535311	0.999964951529915
Thermoproteaceae	0.614553267099935	0.243494066315087	0.362182348579312	0.783448968681673	0.998095549535311	0.999964951529915
Thermotogaceae	0.448428871551851	0.943476211197175	0.715108940289501	0.695316677237701	0.998095549535311	0.999964951529915
Thioalkalibacteraceae	0.0253294627065534	0.392821713574028	0.780296082649834	0.658778458627496	0.998095549535311	0.999964951529915
Thioalkalispiraceae	0.548016494263841	0.895021468429428	0.94143301804063	0.743380462631742	0.998095549535311	0.999964951529915
Thiobacillaceae	0.229446033467515	0.457115187310822	0.582334802018658	0.658778458627496	0.998095549535311	0.999964951529915
Thiotrichaceae	0.374197319706622	0.289986366789643	0.364519761324999	0.669310652266708	0.998095549535311	0.999964951529915
Tissierellaceae	0.859711796273364	0.717234241139752	0.68379141672528	0.91839451815763	0.998095549535311	0.999964951529915
Tolypothrichaceae	0.320631164895719	0.965102695381094	0.451633732979037	0.658778458627496	0.998095549535311	0.999964951529915
Tospoviridae	0.806779185282598	0.487692726486038	0.40996607993234	0.879599715754236	0.998095549535311	0.999964951529915
Trichocomaceae	0.172909955440086	0.562396574763034	0.980136632050218	0.658778458627496	0.998095549535311	0.999964951529915
Trichomonascaceae	0.374831570709858	0.834412420046073	0.456028730797162	0.669310652266708	0.998095549535311	0.999964951529915
Trueperaceae	0.161437377694691	0.766101984947141	0.831121483946617	0.658778458627496	0.998095549535311	0.999964951529915
Tsukamurellaceae	0.243893888989368	0.940425903208612	0.782981366898787	0.658778458627496	0.998095549535311	0.999964951529915
Unclassified Acidobacteria Phylum	0.170563760130574	0.716215192942058	0.986678641366553	0.658778458627496	0.998095549535311	0.999964951529915
Unclassified Acidobacteriia Class	0.373112600966451	0.310915008734496	0.301140086063755	0.669310652266708	0.998095549535311	0.999964951529915
Unclassified Actinobacteria Class	0.409485226448169	0.865091562604064	0.774537139694416	0.681545007057556	0.998095549535311	0.999964951529915
Unclassified Actinobacteria Phylum	0.769712455273713	0.48375614304636	0.0938712598193082	0.86035058614871	0.998095549535311	0.999964951529915
Unclassified Alphaproteobacteria Class	0.108444285382471	0.846451452438174	0.95190451660639	0.658778458627496	0.998095549535311	0.999964951529915
Unclassified Alteromonadales Order	0.0997974629624928	0.843409781141818	0.867145949342609	0.658778458627496	0.998095549535311	0.999964951529915
Unclassified Aquificales Order	0.292007402680342	0.492929568637242	0.861563017918956	0.658778458627496	0.998095549535311	0.999964951529915
Unclassified Armatimonadetes Phylum	0.638486229903939	0.783299606007042	0.911828765377322	0.797385517889082	0.998095549535311	0.999964951529915
Unclassified Ascomycota Phylum	0.784149991901028	0.206171216870679	0.990220821269204	0.868821659944012	0.998095549535311	0.999964951529915
Unclassified Bacillales Order	0.444619320660371	0.968876834028218	0.884497552166526	0.695316677237701	0.998095549535311	0.999964951529915
Unclassified Bacilli Class	0.667614839604521	0.768584582245424	0.956280924842503	0.804853532537837	0.998095549535311	0.999964951529915
Unclassified Bacteriovoracales Order	0.655064916857258	0.734557780462384	0.354402841362437	0.80354629801157	0.998095549535311	0.999964951529915
Unclassified Bacteroidales Order	0.645563868517397	0.58304228060866	0.789702829976382	0.799579100958091	0.998095549535311	0.999964951529915
Unclassified Bacteroidetes Phylum	0.862311265976882	0.710454818716391	0.791605319194822	0.918910847141388	0.998095549535311	0.999964951529915
Unclassified Bacteroidia Class	0.860162981680244	0.157045698504554	0.796140796480168	0.91839451815763	0.998095549535311	0.999964951529915
Unclassified Balneolaeota Phylum	0.67018218893437	0.906306228022223	0.610583553251284	0.804853532537837	0.998095549535311	0.999964951529915
Unclassified Basidiomycota Phylum	0.000376444590565125	0.946561136273672	0.570715844056059	0.207797413991949	0.998095549535311	0.999964951529915
Unclassified Betaproteobacteria Class	0.122543385245098	0.891499280112036	0.743392165203738	0.658778458627496	0.998095549535311	0.999964951529915
Unclassified Blastocatellia Class	0.599600607465393	0.447037172330393	0.778622739931755	0.777549063080596	0.998095549535311	0.999964951529915
Unclassified Bradymonadales Order	0.488724942912354	0.581052253427991	0.855481599019385	0.715586653813314	0.998095549535311	0.999964951529915
Unclassified Burkholderiales Order	0.071275191829207	0.865606117390375	0.913571320133583	0.658778458627496	0.998095549535311	0.999964951529915
Unclassified Campylobacterales Order	0.178504989669933	0.647713427586428	0.66728591147781	0.658778458627496	0.998095549535311	0.999964951529915
Unclassified Candidatus Bipolaricaulota Phylum	0.162287325533927	0.521058202145693	0.641870594403302	0.658778458627496	0.998095549535311	0.999964951529915
Unclassified Candidatus Cloacimonetes Phylum	0.158048572899397	0.810423248969568	0.412595715252773	0.658778458627496	0.998095549535311	0.999964951529915
Unclassified Candidatus Gracilibacteria Phylum	0.221925161290958	0.45357622272625	0.780921426752887	0.658778458627496	0.998095549535311	0.999964951529915
Unclassified Candidatus Korarchaeota Phylum	0.581064347993766	0.638010295874034	0.16758549112673	0.761104604565222	0.998095549535311	0.999964951529915
Unclassified Candidatus Micrarchaeota Phylum	0.982970389564811	0.79872023584495	0.35750057957797	0.990145355912	0.998095549535311	0.999964951529915
Unclassified Candidatus Saccharibacteria Phylum	0.436634589359261	0.925909791889952	0.889151085327101	0.690608290333273	0.998095549535311	0.999964951529915
Unclassified Cellvibrionales Order	0.626059738118962	0.747632194688406	0.998521457118327	0.791746813131271	0.998095549535311	0.999964951529915
Unclassified Chlamydiia Class	0.0902177669275452	0.0133390204468648	0.0890248504228992	0.658778458627496	0.998095549535311	0.999964951529915
Unclassified Chloroflexi Phylum	0.0722690182866921	0.987705987132679	0.792949648308029	0.658778458627496	0.998095549535311	0.999964951529915
Unclassified Chromatiales Order	0.0123475867165862	0.297128541967378	0.587083483910103	0.658778458627496	0.998095549535311	0.999964951529915
Unclassified Chroococcales Order	0.592554993898343	0.124266801354346	0.0421459399226163	0.771439520358221	0.998095549535311	0.999964951529915
Unclassified Clostridia Class	0.519574711164475	0.855306977505545	0.837311814394381	0.734672628606874	0.998095549535311	0.999964951529915
Unclassified Clostridiales Order	0.52592854128915	0.857532225959667	0.833422073231782	0.734968493143319	0.998095549535311	0.999964951529915
Unclassified Coriobacteriales Order	0.734766896432038	0.962882401704984	0.605624080189117	0.840691436924866	0.998095549535311	0.999964951529915
Unclassified Coriobacteriia Class	0.652734501705426	0.52299206555088	0.218372506401529	0.802470924145647	0.998095549535311	0.999964951529915
Unclassified Corynebacteriales Order	0.956084793182501	0.755859508077285	0.49668185292319	0.986923653070775	0.998095549535311	0.999964951529915
Unclassified Cyanobacteria Phylum	0.722307253235491	0.700926753496433	0.911011146040857	0.832747498108928	0.998095549535311	0.999964951529915
Unclassified Cytophagales Order	0.16852081456771	0.463801108168046	0.696150571726264	0.658778458627496	0.998095549535311	0.999964951529915
Unclassified Dehalococcoidia Class	0.287717011218666	0.995146607445753	0.674635503840678	0.658778458627496	0.998095549535311	0.999964951529915
Unclassified Deinococcales Order	0.402518239689768	0.0635219907126442	0.943952424389041	0.681545007057556	0.998095549535311	0.999964951529915
Unclassified Deinococci Class	0.659898559494992	0.309545490125916	0.838885533140818	0.804853532537837	0.998095549535311	0.999964951529915
Unclassified Deltaproteobacteria Class	0.201547652221608	0.852074691434248	0.900114498149847	0.658778458627496	0.998095549535311	0.999964951529915
Unclassified Desulfobacterales Order	0.679414937561529	0.0529719533991681	0.128603171626041	0.804853532537837	0.998095549535311	0.999964951529915
Unclassified Desulfovibrionales Order	0.702637973000908	0.598456882480633	0.79436892993295	0.819504395767398	0.998095549535311	0.999964951529915
Unclassified Desulfuromonadales Order	0.665513374289987	0.70690731514343	0.991499192303259	0.804853532537837	0.998095549535311	0.999964951529915
Unclassified Elusimicrobia Phylum	0.2134247032301	0.505315439588203	0.999964951529915	0.658778458627496	0.998095549535311	0.999964951529915
Unclassified Enterobacterales Order	0.0523115256959103	0.891185247210175	0.223099616237702	0.658778458627496	0.998095549535311	0.999964951529915
Unclassified Entomoplasmatales Order	0.740204422506949	0.463395454475144	0.877223905865366	0.842459466440899	0.998095549535311	0.999964951529915
Unclassified Epsilonproteobacteria Class	0.370057498355012	0.985872592545434	0.895859410111631	0.669310652266708	0.998095549535311	0.999964951529915
Unclassified Euryarchaeota Phylum	0.990489535714067	0.579067347148737	0.466897708692637	0.993993471251871	0.998095549535311	0.999964951529915
Unclassified Firmicutes Phylum	0.143698037149692	0.790193083195625	0.801339959747071	0.658778458627496	0.998095549535311	0.999964951529915
Unclassified Flavobacteriales Order	0.363875847640967	0.347750077290839	0.950203877815768	0.669310652266708	0.998095549535311	0.999964951529915
Unclassified Frankiales Order	0.378724545625684	0.440337959788035	0.463090999225774	0.67120834449705	0.998095549535311	0.999964951529915
Unclassified Fusobacteriales Order	0.304456062532348	0.548508462552346	0.427005093205644	0.658778458627496	0.998095549535311	0.999964951529915
Unclassified Gammaproteobacteria Class	0.258083240603372	0.833637827913668	0.921196305364942	0.658778458627496	0.998095549535311	0.999964951529915
Unclassified Halanaerobiales Order	0.427172806413194	0.647251437033265	0.705691390546628	0.690608290333273	0.998095549535311	0.999964951529915
Unclassified Halobacteria Class	0.0953549433375264	0.9326267203262	0.785228256769929	0.658778458627496	0.998095549535311	0.999964951529915
Unclassified Halobacteriales Order	0.256036150705571	0.0699520348179848	0.57830093286713	0.658778458627496	0.998095549535311	0.999964951529915
Unclassified Haloferacales Order	0.440734872733971	0.823904490609479	0.856932640739416	0.695101856426148	0.998095549535311	0.999964951529915
Unclassified Ignavibacteriales Order	0.0284526469678112	0.670424799774241	0.12987076682837	0.658778458627496	0.998095549535311	0.999964951529915
Unclassified Kiritimatiellaeota Phylum	0.200996430016501	0.369422080537102	0.728129959762034	0.658778458627496	0.998095549535311	0.999964951529915
Unclassified Lactobacillales Order	0.445662121150369	0.639961375298751	0.790825785322346	0.695316677237701	0.998095549535311	0.999964951529915
Unclassified Legionellales Order	0.714997194781892	0.0794136041238149	0.24783926501256	0.828312798744949	0.998095549535311	0.999964951529915
Unclassified Marinilabiliales Order	0.82479265132272	0.245079160131202	0.860595393195361	0.890969752505169	0.998095549535311	0.999964951529915
Unclassified Methanococcales Order	0.575104092713818	0.288480178075428	0.550613858127507	0.757655033837775	0.998095549535311	0.999964951529915
Unclassified Methanomassiliicoccales Order	0.722619658685103	0.551384626168076	0.934151391353817	0.832747498108928	0.998095549535311	0.999964951529915
Unclassified Methanomicrobia Class	0.715255659659897	0.191963554051329	0.407294691480988	0.828312798744949	0.998095549535311	0.999964951529915
Unclassified Methanomicrobiales Order	0.866800495237589	0.0121102725472533	0.526823026671011	0.921914977593736	0.998095549535311	0.999964951529915
Unclassified Micrococcales Order	0.300017728645883	0.570674471662625	0.96080890981985	0.658778458627496	0.998095549535311	0.999964951529915
Unclassified Mollicutes Class	0.585777228582656	0.592129871537393	0.687357576919184	0.764418511058218	0.998095549535311	0.999964951529915
Unclassified Myxococcales Order	0.252685516883447	0.803484936357752	0.951711641966473	0.658778458627496	0.998095549535311	0.999964951529915
Unclassified Negativicutes Class	0.754458514801803	0.21372009874131	0.228441520932594	0.85165869155541	0.998095549535311	0.999964951529915
Unclassified Neisseriales Order	0.233771024112924	0.81565115057356	0.679937953909263	0.658778458627496	0.998095549535311	0.999964951529915
Unclassified Nitriliruptoria Class	0.974494659045925	0.962483312231526	0.850709455998856	0.990145355912	0.998095549535311	0.999964951529915
Unclassified Nitrosomonadales Order	0.728742446011497	0.344518639209548	0.545221091617607	0.83631149729386	0.998095549535311	0.999964951529915
Unclassified Nostocales Order	0.26215252964976	0.356433233311688	0.889466686032659	0.658778458627496	0.998095549535311	0.999964951529915
Unclassified Oceanospirillales Order	0.331011436466588	0.105946717027066	0.31727088640972	0.658778458627496	0.998095549535311	0.999964951529915
Unclassified Opitutae Class	0.0464248358249834	0.213447367419312	0.169145667414389	0.658778458627496	0.998095549535311	0.999964951529915
Unclassified Oscillatoriales Order	0.147420774828423	0.826668373974523	0.860738221846504	0.658778458627496	0.998095549535311	0.999964951529915
Unclassified Parachlamydiales Order	0.277741752143092	0.651473084448972	0.129067482416004	0.658778458627496	0.998095549535311	0.999964951529915
Unclassified Phycisphaerae Class	0.26321848772507	0.288756429171101	0.915027045549732	0.658778458627496	0.998095549535311	0.999964951529915
Unclassified Planctomycetales Order	0.967006196268848	0.840432537320691	0.851752835118472	0.990145355912	0.998095549535311	0.999964951529915
Unclassified Planctomycetes Phylum	0.260377687639323	0.80165777612401	0.906113590935951	0.658778458627496	0.998095549535311	0.999964951529915
Unclassified Planctomycetia Class	0.808756938787144	0.56872699610716	0.872689738168821	0.879599715754236	0.998095549535311	0.999964951529915
Unclassified Propionibacteriales Order	0.0933958808689202	0.148536181329556	0.719952651196299	0.658778458627496	0.998095549535311	0.999964951529915
Unclassified Proteobacteria Phylum	0.165278564620603	0.814172865212509	0.974800366107234	0.658778458627496	0.998095549535311	0.999964951529915
Unclassified Pseudomonadales Order	0.898452964049602	0.399587772965313	0.457453309658767	0.944659116486439	0.998095549535311	0.999964951529915
Unclassified Rhizobiales Order	0.155639133063854	0.996900193063609	0.93340281460745	0.658778458627496	0.998095549535311	0.999964951529915
Unclassified Rhodobacterales Order	0.908985035489822	0.471668550246717	0.669488748943308	0.952105767723685	0.998095549535311	0.999964951529915
Unclassified Rhodocyclales Order	0.308742901789827	0.419982558797679	0.937590527107296	0.658778458627496	0.998095549535311	0.999964951529915
Unclassified Rhodospirillales Order	0.277972517001889	0.658744788900244	0.920360943051269	0.658778458627496	0.998095549535311	0.999964951529915
Unclassified Rickettsiales Order	0.540495955027002	0.557928418694719	0.936497847196075	0.743030421716373	0.998095549535311	0.999964951529915
Unclassified Saccharomycetales Order	0.00408307450553201	0.0298393888291241	0.444786157019626	0.658778458627496	0.998095549535311	0.999964951529915
Unclassified Sedimentisphaerales Order	0.0238123041815885	0.0118136847731959	0.0415632606172478	0.658778458627496	0.998095549535311	0.999964951529915
Unclassified Selenomonadales Order	0.297628686672573	0.361710323896228	0.605924858732746	0.658778458627496	0.998095549535311	0.999964951529915
Unclassified Silvanigrellales Order	0.780389342889836	0.555872756245703	0.396426398895842	0.868821659944012	0.998095549535311	0.999964951529915
Unclassified Sordariales Order	0.690874368475034	0.957605065157644	0.96180472124721	0.813139981659315	0.998095549535311	0.999964951529915
Unclassified Sordariomycetes Class	0.62679956039559	0.232265007551682	0.99474191362374	0.791746813131271	0.998095549535311	0.999964951529915
Unclassified Spartobacteria Class	0.94941731749993	0.022960742164279	0.474254578661512	0.986923653070775	0.998095549535311	0.999964951529915
Unclassified Sphingomonadales Order	0.0801594097942836	0.681311274672777	0.892078168006643	0.658778458627496	0.998095549535311	0.999964951529915
Unclassified Spirochaetales Order	0.951814488959513	0.185199400916603	0.41119272729228	0.986923653070775	0.998095549535311	0.999964951529915
Unclassified Spirochaetia Class	0.269342539267288	0.336468676823507	0.439658582196113	0.658778458627496	0.998095549535311	0.999964951529915
Unclassified Streptosporangiales Order	0.648614460936108	0.624441648908097	0.805128865787745	0.799579100958091	0.998095549535311	0.999964951529915
Unclassified Synechococcales Order	0.306118507886707	0.765348230035846	0.642973250041196	0.658778458627496	0.998095549535311	0.999964951529915
Unclassified Tenericutes Phylum	0.977407094960089	0.399226565612606	0.926908764508525	0.990145355912	0.998095549535311	0.999964951529915
Unclassified Thaumarchaeota Phylum	0.0703179299246514	0.758145615586873	0.568123183592262	0.658778458627496	0.998095549535311	0.999964951529915
Unclassified Thermoanaerobacterales Order	0.92247472491791	0.632087466396246	0.745065438561167	0.961031362153809	0.998095549535311	0.999964951529915
Unclassified Thermomicrobia Class	0.358456063289155	0.522618328249738	0.262442948905389	0.669310652266708	0.998095549535311	0.999964951529915
Unclassified Thermoplasmata Class	0.421585262777259	0.112155252506977	0.688126853551064	0.684592417530851	0.998095549535311	0.999964951529915
Unclassified Thermoplasmatales Order	0.0616726447953872	0.482720715464418	0.764123598377151	0.658778458627496	0.998095549535311	0.999964951529915
Unclassified Thermotogae Class	0.0581845707892849	0.876779389511784	0.27456085329813	0.658778458627496	0.998095549535311	0.999964951529915
Unclassified Thermotogales Order	0.0878385786861605	0.361249505746268	0.381228847891095	0.658778458627496	0.998095549535311	0.999964951529915
Unclassified Tissierellales Order	0.207067398727354	0.526171035959213	0.468350932744778	0.658778458627496	0.998095549535311	0.999964951529915
Unclassified Tissierellia Class	0.490773023191118	0.176922008378792	0.901597437007542	0.716684414818775	0.998095549535311	0.999964951529915
Unclassified Verrucomicrobia Phylum	0.157452641746255	0.953133358158073	0.536937971393658	0.658778458627496	0.998095549535311	0.999964951529915
Unclassified Verrucomicrobiales Order	0.475520374748381	0.160631773708452	0.310608669538253	0.710897529858205	0.998095549535311	0.999964951529915
Unclassified Victivallales Order	0.175736728971779	0.126517639922543	0.1516786057408	0.658778458627496	0.998095549535311	0.999964951529915
Unclassified Xanthomonadales Order	0.234262203404648	0.820271948987922	0.701680836353297	0.658778458627496	0.998095549535311	0.999964951529915
Unclassified candidate division Zixibacteria Phylum	0.871585815548076	0.552151706113117	0.849866365716117	0.923978187755452	0.998095549535311	0.999964951529915
Unikaryonidae	0.962698238083983	0.133718806131838	0.909506784194681	0.989589250320966	0.998095549535311	0.999964951529915
Ustilaginaceae	0.331282865077517	0.939983873285116	0.837958944175406	0.658778458627496	0.998095549535311	0.999964951529915
Vallitaleaceae	0.221582254815127	0.976945847821798	0.971315689719479	0.658778458627496	0.998095549535311	0.999964951529915
Veillonellaceae	0.699470892991462	0.63803490589694	0.397226540888283	0.818025281634083	0.998095549535311	0.999964951529915
Verrucomicrobiaceae	0.409786668844036	0.454136256312368	0.878322183909488	0.681545007057556	0.998095549535311	0.999964951529915
Vibrionaceae	0.281810862801686	0.67593355625053	0.984598744932478	0.658778458627496	0.998095549535311	0.999964951529915
Vicinamibacteraceae	0.0531891111177971	0.314644032484198	0.927149447093043	0.658778458627496	0.998095549535311	0.999964951529915
Vulgatibacteraceae	0.0703823024921589	0.624534895799089	0.990187256291271	0.658778458627496	0.998095549535311	0.999964951529915
Waddliaceae	0.0857273865433405	0.189118031850434	0.618745443042289	0.658778458627496	0.998095549535311	0.999964951529915
Wenzhouxiangellaceae	0.0446635321247644	0.267691885654263	0.249947626561664	0.658778458627496	0.998095549535311	0.999964951529915
Woeseiaceae	0.448171134619433	0.961134542467054	0.956376425860544	0.695316677237701	0.998095549535311	0.999964951529915
Xanthobacteraceae	0.145856620543724	0.643760874510354	0.642064981821673	0.658778458627496	0.998095549535311	0.999964951529915
Xanthomonadaceae	0.190927250597049	0.757631329309149	0.89257883554697	0.658778458627496	0.998095549535311	0.999964951529915
Yersiniaceae	0.218470404189018	0.824275636168909	0.943982165155759	0.658778458627496	0.998095549535311	0.999964951529915
Zoogloeaceae	0.135892096768003	0.887454409079899	0.874136061319256	0.658778458627496	0.998095549535311	0.999964951529915
