p-variable	p-treatment	p-interaction	adjusted.p-variable	adjusted.p-treatment	adjusted.p-interaction
Acaryochloridaceae	0.376171209887038	0.0162730226644612	0.0155173899140847	0.734469977145051	0.999897552173683	0.999361567218062
Acetobacteraceae	0.21390979365377	0.715561140907571	0.590162154013704	0.70107134961923	0.999897552173683	0.999361567218062
Acholeplasmataceae	0.154221033149981	0.20979558510764	0.208978736955389	0.70107134961923	0.999897552173683	0.999361567218062
Acidaminococcaceae	0.00179614596735405	0.769375731836071	0.603480362190766	0.70107134961923	0.999897552173683	0.999361567218062
Acidiferrobacteraceae	0.630910515504286	0.95075264257923	0.976128887843304	0.822464377446173	0.999897552173683	0.999361567218062
Acidilobaceae	0.301020348192455	0.0952895047590018	0.0658625702370662	0.728786106150155	0.999897552173683	0.999361567218062
Acidimicrobiaceae	0.864647820433703	0.821431872761537	0.785153336899981	0.941115548774171	0.999897552173683	0.999361567218062
Acidithiobacillaceae	0.818806720344354	0.599151804311542	0.64443919259046	0.916797788296315	0.999897552173683	0.999361567218062
Acidobacteriaceae	0.187920629313532	0.874150142003746	0.995390747355357	0.70107134961923	0.999897552173683	0.999361567218062
Acidothermaceae	0.439309099513714	0.919339254957421	0.83770495624032	0.734469977145051	0.999897552173683	0.999361567218062
Actinomycetaceae	0.895561031738999	0.896344735395314	0.903240207792052	0.951888308692999	0.999897552173683	0.999361567218062
Actinopolysporaceae	0.33899091155705	0.522122457173134	0.563290866356667	0.734469977145051	0.999897552173683	0.999361567218062
Aerococcaceae	0.197703469755911	0.238769970181662	0.20694785231121	0.70107134961923	0.999897552173683	0.999361567218062
Aeromonadaceae	0.520155593417027	0.93379560277073	0.959788932173861	0.751638449126175	0.999897552173683	0.999361567218062
Akkermansiaceae	0.0165721381519481	0.0914847997493054	0.0921004477987702	0.70107134961923	0.999897552173683	0.999361567218062
Alcaligenaceae	0.431496044180461	0.71627730890904	0.825348648640942	0.734469977145051	0.999897552173683	0.999361567218062
Alcanivoracaceae	0.0400150029758722	0.710753608147896	0.49879472974323	0.70107134961923	0.999897552173683	0.999361567218062
Alicyclobacillaceae	0.549058389396021	0.72202110865723	0.81377949591838	0.773097109634228	0.999897552173683	0.999361567218062
Alteromonadaceae	0.332170877554336	0.961380382634201	0.873575224588215	0.734469977145051	0.999897552173683	0.999361567218062
Amoebophilaceae	0.940673628852096	0.310978173538242	0.37010267038298	0.980577497291272	0.999897552173683	0.999361567218062
Anaerohalosphaeraceae	0.460205794845722	0.924534395304778	0.993769299492365	0.734469977145051	0.999897552173683	0.999361567218062
Anaerolineaceae	0.129632338045446	0.632262258987011	0.802037669143175	0.70107134961923	0.999897552173683	0.999361567218062
Anaeromyxobacteraceae	0.582089071015388	0.914822704465704	0.81239410889376	0.799286485573369	0.999897552173683	0.999361567218062
Anaplasmataceae	0.0694117496184719	0.0488760491565932	0.0444820973649497	0.70107134961923	0.999897552173683	0.999361567218062
Aphanizomenonaceae	0.16508299936405	0.993124698847144	0.994011402823258	0.70107134961923	0.999897552173683	0.999361567218062
Aphanothecaceae	0.0939286226030267	0.276716665692057	0.234008752761434	0.70107134961923	0.999897552173683	0.999361567218062
Aquificaceae	0.24164513993922	0.775586733923366	0.770253048362015	0.70107134961923	0.999897552173683	0.999361567218062
Archaeoglobaceae	0.199955837923539	0.67692575939529	0.753482457023273	0.70107134961923	0.999897552173683	0.999361567218062
Archangiaceae	0.327594099383023	0.916678109794382	0.965425508726061	0.734469977145051	0.999897552173683	0.999361567218062
Ardenticatenaceae	0.476243787484247	0.885586651397221	0.968953810369732	0.734469977145051	0.999897552173683	0.999361567218062
Arenaviridae	0.042928095190913	0.671069475524106	0.880695970211972	0.70107134961923	0.999897552173683	0.999361567218062
Aspergillaceae	0.0755029367385644	0.678258711274457	0.562091898814741	0.70107134961923	0.999897552173683	0.999361567218062
Aspiviridae	0.66336139543433	0.286537927308422	0.312012735859049	0.836747592992445	0.999897552173683	0.999361567218062
Atopobiaceae	0.871713427990492	0.626046536436282	0.748430174805818	0.943501592648532	0.999897552173683	0.999361567218062
Aurantimonadaceae	0.152196647976425	0.635778963577454	0.803528798984318	0.70107134961923	0.999897552173683	0.999361567218062
Azonexaceae	0.863010003198643	0.73258456037798	0.839851144860328	0.941115548774171	0.999897552173683	0.999361567218062
Bacillaceae	0.213424906032078	0.600893860881698	0.546296579985391	0.70107134961923	0.999897552173683	0.999361567218062
Bacteriovoracaceae	0.556985616084613	0.907377426141823	0.979388403190997	0.778369772351155	0.999897552173683	0.999361567218062
Bacteroidaceae	0.407640696867694	0.180128655097134	0.207872616953251	0.734469977145051	0.999897552173683	0.999361567218062
Baekduiaceae	0.20411809415116	0.988712462041405	0.874408322419308	0.70107134961923	0.999897552173683	0.999361567218062
Barnesiellaceae	0.760118989713135	0.124024629312587	0.159727983332903	0.884958976005378	0.999897552173683	0.999361567218062
Bartonellaceae	0.168332120693665	0.428198789809492	0.397455514006883	0.70107134961923	0.999897552173683	0.999361567218062
Bdellovibrionaceae	0.0507924587352356	0.597964278774113	0.453184759669058	0.70107134961923	0.999897552173683	0.999361567218062
Beijerinckiaceae	0.445436833862846	0.92448804516087	0.78325230287112	0.734469977145051	0.999897552173683	0.999361567218062
Bernardetiaceae	0.783842655609145	0.376979464134015	0.417550799354258	0.897620310500567	0.999897552173683	0.999361567218062
Beutenbergiaceae	0.370931798839256	0.801143138902775	0.97680159110177	0.734469977145051	0.999897552173683	0.999361567218062
Bifidobacteriaceae	0.108461425110656	0.690758021151586	0.75490879387494	0.70107134961923	0.999897552173683	0.999361567218062
Blattabacteriaceae	0.219557245584156	0.305132551928828	0.298441412665024	0.70107134961923	0.999897552173683	0.999361567218062
Bogoriellaceae	0.465350779371494	0.862524667598489	0.977782181448145	0.734469977145051	0.999897552173683	0.999361567218062
Borreliaceae	0.0181646671327872	0.188178987342537	0.190659148308252	0.70107134961923	0.999897552173683	0.999361567218062
Brachyspiraceae	0.0907031099746244	0.23755881097458	0.245206408083653	0.70107134961923	0.999897552173683	0.999361567218062
Bradymonadaceae	0.525364772906159	0.318948753009571	0.362388469229564	0.755211861052603	0.999897552173683	0.999361567218062
Bradyrhizobiaceae	0.364665028664722	0.914184107773848	0.974524357345133	0.734469977145051	0.999897552173683	0.999361567218062
Brevibacteriaceae	0.473621469507331	0.882132714239848	0.943967211521301	0.734469977145051	0.999897552173683	0.999361567218062
Brucellaceae	0.413583707435714	0.85631198506196	0.766398519099875	0.734469977145051	0.999897552173683	0.999361567218062
Budviciaceae	0.149284197851045	0.0924857488277118	0.149974453380672	0.70107134961923	0.999897552173683	0.999361567218062
Burkholderiaceae	0.504216644556534	0.768616062260251	0.881987108092677	0.739347075779207	0.999897552173683	0.999361567218062
Caedimonadaceae	0.801273656961402	0.78655019655491	0.957031159088436	0.908219832941877	0.999897552173683	0.999361567218062
Caldilineaceae	0.541319259025141	0.870904995778986	0.936580247006986	0.768144552652642	0.999897552173683	0.999361567218062
Caldisphaeraceae	0.45801172041711	0.2322200869071	0.252277961150595	0.734469977145051	0.999897552173683	0.999361567218062
Calditrichaceae	0.996624340916212	0.318759422191812	0.338190319547848	0.997890770546553	0.999897552173683	0.999361567218062
Calotrichaceae	0.0510003028933913	0.364568470007668	0.287008797988472	0.70107134961923	0.999897552173683	0.999361567218062
Campylobacteraceae	0.948074932690689	0.342981023725905	0.360743709826948	0.980577497291272	0.999897552173683	0.999361567218062
Candidatus Brocadiaceae	0.992399467947573	0.148006010614476	0.105103556349852	0.997890770546553	0.999897552173683	0.999361567218062
Candidatus Deianiraeaceae	0.417728995951652	0.037522334851977	0.0776235713341849	0.734469977145051	0.999897552173683	0.999361567218062
Candidatus Methanomethylophilaceae	0.223646269073128	0.506828174214173	0.395525952188817	0.70107134961923	0.999897552173683	0.999361567218062
Candidatus Midichloriaceae	0.0342593398993836	0.239913557748063	0.223736986533409	0.70107134961923	0.999897552173683	0.999361567218062
Candidatus Nanopelagicaceae	0.0501929472033183	0.415122817234424	0.334625466888861	0.70107134961923	0.999897552173683	0.999361567218062
Candidatus Nitrosocaldaceae	0.012115726409723	0.878380621727223	0.77834937262833	0.70107134961923	0.999897552173683	0.999361567218062
Candidatus Paracaedibacteraceae	0.0935159618686542	0.591095664368733	0.582719488978345	0.70107134961923	0.999897552173683	0.999361567218062
Cardiobacteriaceae	0.19374784836491	0.559246181566035	0.746826137916023	0.70107134961923	0.999897552173683	0.999361567218062
Carnobacteriaceae	0.162984444077997	0.188841227171555	0.199724666355211	0.70107134961923	0.999897552173683	0.999361567218062
Casimicrobiaceae	0.249031107471557	0.497109068267432	0.663317707023356	0.70107134961923	0.999897552173683	0.999361567218062
Catenulisporaceae	0.123209983305728	0.960153174007774	0.83599526549511	0.70107134961923	0.999897552173683	0.999361567218062
Caulobacteraceae	0.260647704936983	0.998558958321822	0.853840694241456	0.704097636296865	0.999897552173683	0.999361567218062
Cellulomonadaceae	0.43811811311843	0.982820411497773	0.947628397991912	0.734469977145051	0.999897552173683	0.999361567218062
Cellvibrionaceae	0.344831864803029	0.845038254151816	0.951893113700081	0.734469977145051	0.999897552173683	0.999361567218062
Chaetomiaceae	0.445805886643264	0.708896911570297	0.836021723249605	0.734469977145051	0.999897552173683	0.999361567218062
Chamaesiphonaceae	0.131120431690726	0.675923785340825	0.658504157264807	0.70107134961923	0.999897552173683	0.999361567218062
Chelatococcaceae	0.465350628657563	0.79032713245381	0.708549400255029	0.734469977145051	0.999897552173683	0.999361567218062
Chitinophagaceae	0.75259109105089	0.63029733734288	0.618232001747049	0.882017584416329	0.999897552173683	0.999361567218062
Chlamydiaceae	0.508786925821787	0.795481501303316	0.688778595624207	0.741030034442286	0.999897552173683	0.999361567218062
Chlorobiaceae	0.496173856783134	0.975565007925509	0.872628341036174	0.739347075779207	0.999897552173683	0.999361567218062
Chloroflexaceae	0.213270496936432	0.695413990490849	0.593494117266065	0.70107134961923	0.999897552173683	0.999361567218062
Christensenellaceae	0.448366911237821	0.570229323450278	0.655627961379954	0.734469977145051	0.999897552173683	0.999361567218062
Chromatiaceae	0.459979041942312	0.860011409348045	0.789608924115721	0.734469977145051	0.999897552173683	0.999361567218062
Chromobacteriaceae	0.39343216487544	0.610757893914976	0.723013616391805	0.734469977145051	0.999897552173683	0.999361567218062
Chroococcaceae	0.553959930750923	0.60301844158944	0.521008729964092	0.776106298920074	0.999897552173683	0.999361567218062
Chroococcidiopsidaceae	0.3254275935969	0.597943366495533	0.651885222902775	0.734469977145051	0.999897552173683	0.999361567218062
Chrysiogenaceae	0.600151584607744	0.667432235062182	0.708865616583422	0.813166402816052	0.999897552173683	0.999361567218062
Chthonomonadaceae	0.615073218100213	0.632386870922068	0.575828096516948	0.821294009526846	0.999897552173683	0.999361567218062
Clavicipitaceae	0.575831641558996	0.824276246784258	0.749384830084591	0.794647665351414	0.999897552173683	0.999361567218062
Clostridiaceae	0.314436966711089	0.425562917338318	0.484466387666005	0.729103387808189	0.999897552173683	0.999361567218062
Clostridiales Family XIII. Incertae Sedis	0.319947128811339	0.824604312717141	0.815070956734126	0.732824958937174	0.999897552173683	0.999361567218062
Clostridiales Family XVI. Incertae Sedis	0.750213693908656	0.42198998958133	0.39125974021961	0.882017584416329	0.999897552173683	0.999361567218062
Clostridiales Family XVII. Incertae Sedis	0.0812087461223258	0.861428701199194	0.971310621341392	0.70107134961923	0.999897552173683	0.999361567218062
Cohaesibacteraceae	0.290635309173232	0.512114667156655	0.452147824507567	0.727017934624001	0.999897552173683	0.999361567218062
Coleofasciculaceae	0.13196073511609	0.393333161157799	0.589594081053221	0.70107134961923	0.999897552173683	0.999361567218062
Colwelliaceae	0.251471244972115	0.171334744712885	0.154347724351261	0.70107134961923	0.999897552173683	0.999361567218062
Comamonadaceae	0.239172424344542	0.906841308938909	0.976888696141926	0.70107134961923	0.999897552173683	0.999361567218062
Conexibacteraceae	0.457278656336033	0.618510520070467	0.753580099202331	0.734469977145051	0.999897552173683	0.999361567218062
Coprothermobacteraceae	0.190165286029703	0.889789400304412	0.77780418593677	0.70107134961923	0.999897552173683	0.999361567218062
Coriobacteriaceae	0.820774359183128	0.571738416080487	0.564320271015986	0.917140579492078	0.999897552173683	0.999361567218062
Corynebacteriaceae	0.437199765649569	0.809262223302744	0.923071648294536	0.734469977145051	0.999897552173683	0.999361567218062
Coxiellaceae	0.306125090556164	0.203008130754864	0.175234124348153	0.729103387808189	0.999897552173683	0.999361567218062
Crocinitomicaceae	0.481994095264079	0.267147068656107	0.261532463869195	0.734469977145051	0.999897552173683	0.999361567218062
Cryomorphaceae	0.943294912846052	0.860312868385148	0.927365359941414	0.980577497291272	0.999897552173683	0.999361567218062
Cryptococcaceae	0.268865693484527	0.72724879787603	0.67413740302744	0.715439599548926	0.999897552173683	0.999361567218062
Cuniculiplasmataceae	0.399363802322846	0.20674574141187	0.248004465986393	0.734469977145051	0.999897552173683	0.999361567218062
Cyanobacteriaceae	0.443380934398881	0.130801785032326	0.126400058019824	0.734469977145051	0.999897552173683	0.999361567218062
Cyanothecaceae	0.175887480002734	0.428036853768345	0.364749485480687	0.70107134961923	0.999897552173683	0.999361567218062
Cyclobacteriaceae	0.106409958103654	0.626030748487349	0.593252179433804	0.70107134961923	0.999897552173683	0.999361567218062
Cytophagaceae	0.297679588331582	0.40649051190039	0.372588150736068	0.728786106150155	0.999897552173683	0.999361567218062
Debaryomycetaceae	0.591227705563584	0.251700814886076	0.308812881701866	0.807816072948263	0.999897552173683	0.999361567218062
Deferribacteraceae	0.233135300667414	0.610780761458624	0.572006360591737	0.70107134961923	0.999897552173683	0.999361567218062
Dehalococcoidaceae	0.973750353380952	0.602651808469913	0.606859731042023	0.991716227059567	0.999897552173683	0.999361567218062
Deinococcaceae	0.245131559092692	0.973024687071798	0.891248171793143	0.70107134961923	0.999897552173683	0.999361567218062
Dermabacteraceae	0.479860872674191	0.610638890514781	0.691798184499855	0.734469977145051	0.999897552173683	0.999361567218062
Dermacoccaceae	0.273328435175224	0.785285487718963	0.671870685496463	0.715439599548926	0.999897552173683	0.999361567218062
Dermatophilaceae	0.888294203051417	0.931636103174504	0.903975761983121	0.948430174244453	0.999897552173683	0.999361567218062
Dermocarpellaceae	0.305056042410774	0.0416512292499774	0.035505621313287	0.729103387808189	0.999897552173683	0.999361567218062
Desulfarculaceae	0.246680178867329	0.775759906734025	0.920126216432514	0.70107134961923	0.999897552173683	0.999361567218062
Desulfobacteraceae	0.276066367217249	0.756800533523393	0.887079717223744	0.715439599548926	0.999897552173683	0.999361567218062
Desulfobulbaceae	0.47496496304109	0.938377722984862	0.877509792842932	0.734469977145051	0.999897552173683	0.999361567218062
Desulfohalobiaceae	0.240895031377898	0.556466794411609	0.658807979673895	0.70107134961923	0.999897552173683	0.999361567218062
Desulfomicrobiaceae	0.474056462936173	0.894444422173775	0.920726394274297	0.734469977145051	0.999897552173683	0.999361567218062
Desulfovibrionaceae	0.670967440963902	0.522184089061668	0.508902905131694	0.837950288262611	0.999897552173683	0.999361567218062
Desulfurellaceae	0.769680134749266	0.631942061402365	0.698004524612778	0.892570240297468	0.999897552173683	0.999361567218062
Desulfurobacteriaceae	0.0738010958196026	0.247544267168306	0.190757092507413	0.70107134961923	0.999897552173683	0.999361567218062
Desulfurococcaceae	0.338254723302796	0.825114998475631	0.836078271019759	0.734469977145051	0.999897552173683	0.999361567218062
Desulfuromonadaceae	0.400222770772737	0.973075993806354	0.948410394507586	0.734469977145051	0.999897552173683	0.999361567218062
Dictyoglomaceae	0.115122748750068	0.217120675033055	0.242791131070146	0.70107134961923	0.999897552173683	0.999361567218062
Dietziaceae	0.548363744231275	0.916542198326985	0.970077931169156	0.773097109634228	0.999897552173683	0.999361567218062
Dipodascaceae	0.455572382500419	0.687376304215484	0.802560866132199	0.734469977145051	0.999897552173683	0.999361567218062
Dysgonamonadaceae	0.458652162807831	0.311102096347763	0.407231611347374	0.734469977145051	0.999897552173683	0.999361567218062
Ectothiorhodospiraceae	0.203902167767462	0.733894412970411	0.878466918891153	0.70107134961923	0.999897552173683	0.999361567218062
Eggerthellaceae	0.817887301131842	0.434311301124766	0.45645350204056	0.916797788296315	0.999897552173683	0.999361567218062
Egibacteraceae	0.23665782637776	0.540842909257385	0.638253594165575	0.70107134961923	0.999897552173683	0.999361567218062
Egicoccaceae	0.370858706955083	0.990148113864607	0.897019044665086	0.734469977145051	0.999897552173683	0.999361567218062
Elusimicrobiaceae	0.841831562066769	0.213722216018442	0.187394608335103	0.932314847211507	0.999897552173683	0.999361567218062
Emcibacteraceae	0.1428178124229	0.771181001639539	0.881042316890643	0.70107134961923	0.999897552173683	0.999361567218062
Endomicrobiaceae	0.584649817927581	0.513871466033065	0.419214672509439	0.800810668724628	0.999897552173683	0.999361567218062
Endozoicomonadaceae	0.449678279096871	0.777788060511561	0.866764828345469	0.734469977145051	0.999897552173683	0.999361567218062
Enterobacteriaceae	0.923751926276555	0.943039164250318	0.592179625009121	0.97125916819935	0.999897552173683	0.999361567218062
Enterococcaceae	0.700402551214348	0.415725508127481	0.543282841780619	0.853470658433378	0.999897552173683	0.999361567218062
Entomoplasmataceae	0.261485535218944	0.35759056612599	0.397071400121136	0.704097636296865	0.999897552173683	0.999361567218062
Erwiniaceae	0.275998601208049	0.496807939163702	0.423657066978085	0.715439599548926	0.999897552173683	0.999361567218062
Erysipelotrichaceae	0.118630914200988	0.287693916987541	0.270969255058934	0.70107134961923	0.999897552173683	0.999361567218062
Erythrobacteraceae	0.572996562488744	0.857851445373199	0.939445055893555	0.792717048856608	0.999897552173683	0.999361567218062
Eubacteriaceae	0.344724359320489	0.134451281981881	0.116447498336638	0.734469977145051	0.999897552173683	0.999361567218062
Euzebyaceae	0.196752665486384	0.906463942411036	0.986707800841349	0.70107134961923	0.999897552173683	0.999361567218062
Ferrimonadaceae	0.237746433108439	0.823506057958147	0.908061675466787	0.70107134961923	0.999897552173683	0.999361567218062
Ferroplasmaceae	0.887856758791082	0.735509670137944	0.759373912436063	0.948430174244453	0.999897552173683	0.999361567218062
Fervidicoccaceae	0.849807830164322	0.101120761400645	0.196363024974095	0.936315214073265	0.999897552173683	0.999361567218062
Fervidobacteriaceae	0.195177590212846	0.50141512494331	0.484707032575211	0.70107134961923	0.999897552173683	0.999361567218062
Fibrobacteraceae	0.0541525345776735	0.927934372667603	0.887686050677739	0.70107134961923	0.999897552173683	0.999361567218062
Fimbriimonadaceae	0.616015371931508	0.112880286362973	0.157295489867608	0.821294009526846	0.999897552173683	0.999361567218062
Flammeovirgaceae	0.123345362081471	0.255180639393333	0.294479526690044	0.70107134961923	0.999897552173683	0.999361567218062
Flavobacteriaceae	0.218306549770506	0.319459343553604	0.309711265815468	0.70107134961923	0.999897552173683	0.999361567218062
Francisellaceae	0.337809690407214	0.751210389443806	0.738567799118897	0.734469977145051	0.999897552173683	0.999361567218062
Frankiaceae	0.626423087830091	0.832753157064707	0.780636768399524	0.821294009526846	0.999897552173683	0.999361567218062
Fusobacteriaceae	0.478314512013354	0.108027875129838	0.170931816687354	0.734469977145051	0.999897552173683	0.999361567218062
Gallionellaceae	0.177426715094546	0.792447306530996	0.944258342914407	0.70107134961923	0.999897552173683	0.999361567218062
Gemmataceae	0.5342914545855	0.923705576514434	0.963653474483222	0.763526510688331	0.999897552173683	0.999361567218062
Gemmatimonadaceae	0.227685888735239	0.8306603197644	0.992166360769216	0.70107134961923	0.999897552173683	0.999361567218062
Geobacteraceae	0.416498441599431	0.860058092787328	0.999211776619221	0.734469977145051	0.999897552173683	0.999361567218062
Geodermatophilaceae	0.501020820747846	0.717887549310536	0.864129852206199	0.739347075779207	0.999897552173683	0.999361567218062
Gloeobacteraceae	0.244407569963079	0.99960904022735	0.882087738005051	0.70107134961923	0.999897552173683	0.999361567218062
Gloeomargaritaceae	0.100204347957247	0.781326485457398	0.903452960554928	0.70107134961923	0.999897552173683	0.999361567218062
Glomerellaceae	0.0710127842310127	0.939281093304568	0.878866649371926	0.70107134961923	0.999897552173683	0.999361567218062
Glycomycetaceae	0.0119969712736592	0.96093313370466	0.77311434994107	0.70107134961923	0.999897552173683	0.999361567218062
Gomontiellaceae	0.0532622057709938	0.164410220742771	0.18009900609763	0.70107134961923	0.999897552173683	0.999361567218062
Gordoniaceae	0.411258281865872	0.587431556250577	0.71919996817441	0.734469977145051	0.999897552173683	0.999361567218062
Gottschalkiaceae	0.0256653743522357	0.0306441315164755	0.0280496376364353	0.70107134961923	0.999897552173683	0.999361567218062
Granulosicoccaceae	0.815956036878449	0.876868092628524	0.851471107392079	0.916797788296315	0.999897552173683	0.999361567218062
Hafniaceae	0.291843865305601	0.697229997605774	0.758994725964387	0.727017934624001	0.999897552173683	0.999361567218062
Hahellaceae	0.414259384013772	0.517019355386621	0.58152258126181	0.734469977145051	0.999897552173683	0.999361567218062
Halanaerobiaceae	0.132622294927658	0.343097407143194	0.320449415386009	0.70107134961923	0.999897552173683	0.999361567218062
Halieaceae	0.752440318701895	0.894014135120206	0.908380754657147	0.882017584416329	0.999897552173683	0.999361567218062
Haliscomenobacteraceae	0.350684505038979	0.816850649218754	0.724325196525691	0.734469977145051	0.999897552173683	0.999361567218062
Haloarculaceae	0.118232124201477	0.406136216995872	0.585545521137668	0.70107134961923	0.999897552173683	0.999361567218062
Halobacteriaceae	0.233657916808972	0.669154369880802	0.58912691277359	0.70107134961923	0.999897552173683	0.999361567218062
Halobacteriovoraceae	0.189885351446229	0.339803860594013	0.336349223593471	0.70107134961923	0.999897552173683	0.999361567218062
Halobacteroidaceae	0.59546179201039	0.206085869647422	0.241282652986747	0.809593372388511	0.999897552173683	0.999361567218062
Haloferacaceae	0.446461876486387	0.79342605544746	0.927186423685642	0.734469977145051	0.999897552173683	0.999361567218062
Halomonadaceae	0.354783126992453	0.95866610525037	0.85355928984333	0.734469977145051	0.999897552173683	0.999361567218062
Halorubraceae	0.20518130259756	0.638561897334218	0.797644187414031	0.70107134961923	0.999897552173683	0.999361567218062
Halothiobacillaceae	0.23093475451435	0.940167743574906	0.996890924274563	0.70107134961923	0.999897552173683	0.999361567218062
Hapalosiphonaceae	0.259157675915757	0.880803048440839	0.891308485077816	0.704097636296865	0.999897552173683	0.999361567218062
Helicobacteraceae	0.211834293260008	0.446614875918592	0.414090773467274	0.70107134961923	0.999897552173683	0.999361567218062
Heliobacteriaceae	0.257494635745294	0.560164534811338	0.443636819973047	0.704097636296865	0.999897552173683	0.999361567218062
Holosporaceae	0.00844051668975315	0.364848100347908	0.343384800289428	0.70107134961923	0.999897552173683	0.999361567218062
Hungateiclostridiaceae	0.250088594619878	0.742359277332777	0.690001337813064	0.70107134961923	0.999897552173683	0.999361567218062
Hydrogenophilaceae	0.649202857797783	0.0200039908650451	0.0222405170052263	0.827621195160222	0.999897552173683	0.999361567218062
Hydrogenothermaceae	0.482757240219637	0.42316451884305	0.441457528622068	0.734469977145051	0.999897552173683	0.999361567218062
Hyellaceae	0.0243911475403429	0.439109281249711	0.272783295043138	0.70107134961923	0.999897552173683	0.999361567218062
Hymenobacteraceae	0.220242823210723	0.952855582236963	0.907059347563241	0.70107134961923	0.999897552173683	0.999361567218062
Hyphomicrobiaceae	0.470763093949214	0.787751572203133	0.894401285794851	0.734469977145051	0.999897552173683	0.999361567218062
Hyphomonadaceae	0.174162066279337	0.435598418077644	0.546511105196689	0.70107134961923	0.999897552173683	0.999361567218062
Iamiaceae	0.313942692714189	0.94201020105744	0.836497719866303	0.729103387808189	0.999897552173683	0.999361567218062
Ichthyobacteriaceae	0.422389733452992	0.0443600389051474	0.0571064881827239	0.734469977145051	0.999897552173683	0.999361567218062
Idiomarinaceae	0.601036036864039	0.587157621998526	0.55746397081996	0.813166402816052	0.999897552173683	0.999361567218062
Ignavibacteriaceae	0.170893671723183	0.234383200840591	0.191163374669782	0.70107134961923	0.999897552173683	0.999361567218062
Ilumatobacteraceae	0.180747010022121	0.63151418389659	0.79665341287429	0.70107134961923	0.999897552173683	0.999361567218062
Immundisolibacteraceae	0.469571528235469	0.897747223755047	0.966219882170804	0.734469977145051	0.999897552173683	0.999361567218062
Intrasporangiaceae	0.612509028881491	0.604818458969953	0.706147324996073	0.821294009526846	0.999897552173683	0.999361567218062
Isosphaeraceae	0.289180237513396	0.566435107211372	0.674782274104274	0.727017934624001	0.999897552173683	0.999361567218062
Jiangellaceae	0.613006591929596	0.891348128819754	0.989634522423292	0.821294009526846	0.999897552173683	0.999361567218062
Jonesiaceae	0.318725269673501	0.405508556179646	0.464280339500044	0.732824958937174	0.999897552173683	0.999361567218062
Kangiellaceae	0.120850016238259	0.0534315886292832	0.0602228287439471	0.70107134961923	0.999897552173683	0.999361567218062
Kineosporiaceae	0.665069376284205	0.550053634994684	0.681924068265817	0.836747592992445	0.999897552173683	0.999361567218062
Kiritimatiellaceae	0.237328392645483	0.322960778055967	0.42145943974732	0.70107134961923	0.999897552173683	0.999361567218062
Kofleriaceae	0.856064574503912	0.418080507382726	0.442408855145607	0.937594533980475	0.999897552173683	0.999361567218062
Kosmotogaceae	0.0444123409427766	0.737350665661509	0.838730398605911	0.70107134961923	0.999897552173683	0.999361567218062
Ktedonosporobacteraceae	0.120225065545209	0.950230335992152	0.774846261295554	0.70107134961923	0.999897552173683	0.999361567218062
Labilitrichaceae	0.824519904541348	0.767088448879634	0.848059078583238	0.917610861505694	0.999897552173683	0.999361567218062
Lachnospiraceae	0.849356087418121	0.55008752546092	0.458573629105687	0.936315214073265	0.999897552173683	0.999361567218062
Lacipirellulaceae	0.186949091095256	0.885549370497381	0.815321783103043	0.70107134961923	0.999897552173683	0.999361567218062
Lactobacillaceae	0.942550238267207	0.50484829942812	0.532605451134651	0.980577497291272	0.999897552173683	0.999361567218062
Legionellaceae	0.581937566794938	0.296481896223841	0.301900344232395	0.799286485573369	0.999897552173683	0.999361567218062
Leptolyngbyaceae	0.500050453207075	0.328376861928621	0.378732923748701	0.739347075779207	0.999897552173683	0.999361567218062
Leptospiraceae	0.179522444657202	0.199388398372413	0.194324808990958	0.70107134961923	0.999897552173683	0.999361567218062
Leptotrichiaceae	0.244682635121518	0.2820037882195	0.289469719805464	0.70107134961923	0.999897552173683	0.999361567218062
Leuconostocaceae	0.0699056230458465	0.125892218698977	0.117177374524734	0.70107134961923	0.999897552173683	0.999361567218062
Lichenihabitantaceae	0.960039921455797	0.852542355215357	0.886199288335812	0.984740892986929	0.999897552173683	0.999361567218062
Limnochordaceae	0.64092303624614	0.9617513522058	0.964300351357001	0.822886503504507	0.999897552173683	0.999361567218062
Listeriaceae	0.28626488037384	0.618923384474964	0.602955414517644	0.727017934624001	0.999897552173683	0.999361567218062
Litoricolaceae	0.917558135430612	0.212316511098677	0.231004150693505	0.966587959461256	0.999897552173683	0.999361567218062
Magnetococcaceae	0.9685705724258	0.595963083660795	0.629282296521022	0.988264243953867	0.999897552173683	0.999361567218062
Malasseziaceae	0.380349877266646	0.305485824981053	0.341882400109898	0.734469977145051	0.999897552173683	0.999361567218062
Marinifilaceae	0.482993843666039	0.32213976867645	0.325310829656656	0.734469977145051	0.999897552173683	0.999361567218062
Marinilabiliaceae	0.666990674187781	0.799934350992632	0.728385424622157	0.836747592992445	0.999897552173683	0.999361567218062
Mariprofundaceae	0.945693235391182	0.201537203868413	0.264182595689195	0.980577497291272	0.999897552173683	0.999361567218062
Melioribacteraceae	0.170773109433457	0.99712799492741	0.902399679121369	0.70107134961923	0.999897552173683	0.999361567218062
Merismopediaceae	0.444751492048603	0.661509520953953	0.662241092338281	0.734469977145051	0.999897552173683	0.999361567218062
Mesoaciditogaceae	0.28481833684895	0.405356408571022	0.374736576204946	0.727017934624001	0.999897552173683	0.999361567218062
Methanobacteriaceae	0.503291916363495	0.288238963343028	0.350662027639774	0.739347075779207	0.999897552173683	0.999361567218062
Methanocaldococcaceae	0.0389014442646082	0.150464789368709	0.142138069653455	0.70107134961923	0.999897552173683	0.999361567218062
Methanocellaceae	0.725377744761566	0.75070402934352	0.871513446106023	0.864696317488664	0.999897552173683	0.999361567218062
Methanococcaceae	0.136090321540508	0.208726945249261	0.196467599683434	0.70107134961923	0.999897552173683	0.999361567218062
Methanocorpusculaceae	0.0673276730097215	0.139445416081685	0.122142812293726	0.70107134961923	0.999897552173683	0.999361567218062
Methanomassiliicoccaceae	0.823327547466384	0.90105806149398	0.902863455363697	0.917610861505694	0.999897552173683	0.999361567218062
Methanomicrobiaceae	0.945883768222242	0.450084424392662	0.527497106985995	0.980577497291272	0.999897552173683	0.999361567218062
Methanopyraceae	0.818010749075774	0.266341817540496	0.383695236423155	0.916797788296315	0.999897552173683	0.999361567218062
Methanoregulaceae	0.300356803859111	0.988613811408166	0.986481789850968	0.728786106150155	0.999897552173683	0.999361567218062
Methanosarcinaceae	0.181140346324633	0.234957374144513	0.224877927628721	0.70107134961923	0.999897552173683	0.999361567218062
Methanospirillaceae	0.668488566140704	0.0731299953283856	0.043488939809571	0.836747592992445	0.999897552173683	0.999361567218062
Methanothermaceae	0.0557180933067533	0.625532608968685	0.780638606164964	0.70107134961923	0.999897552173683	0.999361567218062
Methanotrichaceae	0.0736911614576958	0.777994290608279	0.982603196957778	0.70107134961923	0.999897552173683	0.999361567218062
Methylacidiphilaceae	0.051746551992551	0.543150760465833	0.391510475639131	0.70107134961923	0.999897552173683	0.999361567218062
Methylobacteriaceae	0.439184313600378	0.722157110515769	0.824116636270334	0.734469977145051	0.999897552173683	0.999361567218062
Methylococcaceae	0.550411529141761	0.739958479678363	0.829560473563291	0.773097109634228	0.999897552173683	0.999361567218062
Methylocystaceae	0.380569606136341	0.986930215383782	0.902977118914243	0.734469977145051	0.999897552173683	0.999361567218062
Methylophilaceae	0.711277939351679	0.274667189882463	0.271366980804812	0.859713788635558	0.999897552173683	0.999361567218062
Microbacteriaceae	0.642517275075078	0.915638267812532	0.989239283276915	0.822886503504507	0.999897552173683	0.999361567218062
Microbulbiferaceae	0.29370470909629	0.633357903830585	0.694067010543423	0.727017934624001	0.999897552173683	0.999361567218062
Micrococcaceae	0.720601962045225	0.769886369401911	0.802905131089924	0.862846600973892	0.999897552173683	0.999361567218062
Microcoleaceae	0.0790901786679181	0.754963338964792	0.651185511784968	0.70107134961923	0.999897552173683	0.999361567218062
Microcystaceae	0.757736209025347	0.330573255015983	0.353375997066465	0.884292573746283	0.999897552173683	0.999361567218062
Micromonosporaceae	0.393449270793718	0.814519444563596	0.93566726081938	0.734469977145051	0.999897552173683	0.999361567218062
Moraxellaceae	0.101360248785273	0.334982339570243	0.288124771326748	0.70107134961923	0.999897552173683	0.999361567218062
Morganellaceae	0.0484178624176688	0.132127789474304	0.133389352744985	0.70107134961923	0.999897552173683	0.999361567218062
Moritellaceae	0.867728243122894	0.771564663947014	0.786126787802023	0.941115548774171	0.999897552173683	0.999361567218062
Muribaculaceae	0.505203532366219	0.198229314399715	0.195680273168699	0.739347075779207	0.999897552173683	0.999361567218062
Mycobacteriaceae	0.419907791893177	0.75897012507951	0.881294608849192	0.734469977145051	0.999897552173683	0.999361567218062
Mycoplasmataceae	0.346879132312003	0.266683973425061	0.303706236269907	0.734469977145051	0.999897552173683	0.999361567218062
Mycosphaerellaceae	0.438240701592948	0.241973208132259	0.293996451821508	0.734469977145051	0.999897552173683	0.999361567218062
Myxococcaceae	0.39284340986919	0.979632641030027	0.906173212294873	0.734469977145051	0.999897552173683	0.999361567218062
Nairoviridae	0.625049456432749	0.884733152725686	0.947854571533227	0.821294009526846	0.999897552173683	0.999361567218062
Nakamurellaceae	0.48254443192985	0.34577491942298	0.486507736297236	0.734469977145051	0.999897552173683	0.999361567218062
Natranaerobiaceae	0.64399813317744	0.0752761727033195	0.0925437663744266	0.822886503504507	0.999897552173683	0.999361567218062
Natrialbaceae	0.455779166602042	0.715840637324712	0.852367644492854	0.734469977145051	0.999897552173683	0.999361567218062
Nautiliaceae	0.0673414596473099	0.263901854567734	0.256092966272171	0.70107134961923	0.999897552173683	0.999361567218062
Nectriaceae	0.255777219262541	0.256669500281162	0.22735002031223	0.704097636296865	0.999897552173683	0.999361567218062
Neisseriaceae	0.292972259292701	0.478737700348125	0.422897489212028	0.727017934624001	0.999897552173683	0.999361567218062
Nitrosomonadaceae	0.407377863979629	0.747432775492429	0.700478356195831	0.734469977145051	0.999897552173683	0.999361567218062
Nitrosopumilaceae	0.747485748299458	0.839939364493627	0.903156107225521	0.882017584416329	0.999897552173683	0.999361567218062
Nitrososphaeraceae	0.696466166446521	0.673981085826057	0.698798793617607	0.852437525229445	0.999897552173683	0.999361567218062
Nitrospiraceae	0.546768539039378	0.918487789626338	0.846268618104917	0.773097109634228	0.999897552173683	0.999361567218062
Nocardiaceae	0.275074853244326	0.843851791306133	0.995333007742585	0.715439599548926	0.999897552173683	0.999361567218062
Nocardioidaceae	0.395529872859513	0.875070609793407	0.985878373409118	0.734469977145051	0.999897552173683	0.999361567218062
Nocardiopsaceae	0.439390036679372	0.886249331009999	0.96758940663977	0.734469977145051	0.999897552173683	0.999361567218062
Nostocaceae	0.131771262656532	0.369006126501698	0.326426908425182	0.70107134961923	0.999897552173683	0.999361567218062
Oceanospirillaceae	0.33634304607365	0.900088254307864	0.795522628017527	0.734469977145051	0.999897552173683	0.999361567218062
Odoribacteraceae	0.997890770546553	0.606253289509103	0.669629580381908	0.997890770546553	0.999897552173683	0.999361567218062
Oleiphilaceae	0.898293034233574	0.723610036658359	0.792233994085573	0.951888308692999	0.999897552173683	0.999361567218062
Opitutaceae	0.308634941764967	0.553998702093626	0.65324231546974	0.729103387808189	0.999897552173683	0.999361567218062
Orbaceae	0.0926918829292596	0.059917378492187	0.0443279488296715	0.70107134961923	0.999897552173683	0.999361567218062
Oscillatoriaceae	0.415457780863459	0.88202295647265	0.900206729852624	0.734469977145051	0.999897552173683	0.999361567218062
Oscillospiraceae	0.524033685680748	0.293106898881028	0.292397203934135	0.755211861052603	0.999897552173683	0.999361567218062
Oxalobacteraceae	0.199983259431631	0.64874677298516	0.772796647927413	0.70107134961923	0.999897552173683	0.999361567218062
Paenibacillaceae	0.422637374419432	0.844422085536958	0.991468443108269	0.734469977145051	0.999897552173683	0.999361567218062
Paludibacteraceae	0.812952901140309	0.561506600834978	0.595122458124195	0.916797788296315	0.999897552173683	0.999361567218062
Parachlamydiaceae	0.238308775416993	0.500799366290159	0.54387806720222	0.70107134961923	0.999897552173683	0.999361567218062
Paramyxoviridae	0.410318465009707	0.869514047494269	0.913697325771976	0.734469977145051	0.999897552173683	0.999361567218062
Parvularculaceae	0.506292019283587	0.515548609991412	0.520516985925425	0.739347075779207	0.999897552173683	0.999361567218062
Pasteurellaceae	0.214363131769405	0.22475267542362	0.20584268268709	0.70107134961923	0.999897552173683	0.999361567218062
Pectobacteriaceae	0.416116425466891	0.619983575048704	0.568757145391518	0.734469977145051	0.999897552173683	0.999361567218062
Pelagibacteraceae	0.0815175281986237	0.138431836851385	0.143455170603701	0.70107134961923	0.999897552173683	0.999361567218062
Peptococcaceae	0.368512299978526	0.888639225716421	0.794124787522721	0.734469977145051	0.999897552173683	0.999361567218062
Peptoniphilaceae	0.353485873966534	0.740070155969045	0.727913376292874	0.734469977145051	0.999897552173683	0.999361567218062
Peptostreptococcaceae	0.799023351034339	0.930879326213629	0.885464130446124	0.907532695001965	0.999897552173683	0.999361567218062
Peribunyaviridae	0.983808415663562	0.0643974872698735	0.120601814218438	0.996444487057406	0.999897552173683	0.999361567218062
Petrotogaceae	0.104503222935769	0.332561013310353	0.299679138997153	0.70107134961923	0.999897552173683	0.999361567218062
Phaffomycetaceae	0.122653263119571	0.384513922789572	0.494711479761831	0.70107134961923	0.999897552173683	0.999361567218062
Phenuiviridae	0.409268946265685	0.294407804830326	0.390980030863779	0.734469977145051	0.999897552173683	0.999361567218062
Phycisphaeraceae	0.47822041570067	0.649494118994428	0.678961570639342	0.734469977145051	0.999897552173683	0.999361567218062
Phyllobacteriaceae	0.357205714262936	0.476600392136212	0.585855287828005	0.734469977145051	0.999897552173683	0.999361567218062
Pichiaceae	0.0773623263591598	0.228828306041323	0.217591268947887	0.70107134961923	0.999897552173683	0.999361567218062
Picrophilaceae	0.624695668498242	0.124012125535389	0.189790315419486	0.821294009526846	0.999897552173683	0.999361567218062
Pirellulaceae	0.745624983184111	0.760339362377529	0.698325968916232	0.882017584416329	0.999897552173683	0.999361567218062
Piscirickettsiaceae	0.129807681392025	0.476559290190037	0.392326372245657	0.70107134961923	0.999897552173683	0.999361567218062
Planctomycetaceae	0.810439462113674	0.857502060002643	0.803273313835632	0.91672660468596	0.999897552173683	0.999361567218062
Planococcaceae	0.203238920929655	0.571176760055523	0.513262914796639	0.70107134961923	0.999897552173683	0.999361567218062
Polyangiaceae	0.533332228384327	0.816449854143004	0.884424422024649	0.763526510688331	0.999897552173683	0.999361567218062
Porphyromonadaceae	0.855244431723456	0.279512015658301	0.352810478987457	0.937594533980475	0.999897552173683	0.999361567218062
Prevotellaceae	0.0532208996983367	0.200393270265848	0.133287892591864	0.70107134961923	0.999897552173683	0.999361567218062
Prochloraceae	0.187385279405791	0.308267506525892	0.315199444676531	0.70107134961923	0.999897552173683	0.999361567218062
Prochlorotrichaceae	0.982942815086691	0.907665496552975	0.835148451026618	0.996444487057406	0.999897552173683	0.999361567218062
Prolixibacteraceae	0.618626677595708	0.388426611628528	0.490132787762548	0.821294009526846	0.999897552173683	0.999361567218062
Promicromonosporaceae	0.658398623784728	0.843667495685458	0.913428628886708	0.833568899837545	0.999897552173683	0.999361567218062
Propionibacteriaceae	0.461740684679182	0.243797912560684	0.386115474232367	0.734469977145051	0.999897552173683	0.999361567218062
Pseudanabaenaceae	0.667205997671902	0.796327534496159	0.675026360448743	0.836747592992445	0.999897552173683	0.999361567218062
Pseudoalteromonadaceae	0.233879062718614	0.519954963338674	0.462853415674646	0.70107134961923	0.999897552173683	0.999361567218062
Pseudomonadaceae	0.289734308515391	0.782924436008099	0.942472496417721	0.727017934624001	0.999897552173683	0.999361567218062
Pseudonocardiaceae	0.373570905889399	0.841925291920776	0.961523990004771	0.734469977145051	0.999897552173683	0.999361567218062
Psychromonadaceae	0.502974222045492	0.665687413943371	0.634745895938011	0.739347075779207	0.999897552173683	0.999361567218062
Puniceicoccaceae	0.499392613102339	0.602175837508147	0.517314101490586	0.739347075779207	0.999897552173683	0.999361567218062
Pyriculariaceae	0.238332615149351	0.779194977903428	0.969289248426213	0.70107134961923	0.999897552173683	0.999361567218062
Pyrodictiaceae	0.772500300680215	0.235203271330673	0.190056565120067	0.893298300718493	0.999897552173683	0.999361567218062
Rhabdoviridae	0.778022903618884	0.486488451860115	0.426587075850233	0.895574045779383	0.999897552173683	0.999361567218062
Rhizobiaceae	0.499020585735686	0.832248818910956	0.938122288903931	0.739347075779207	0.999897552173683	0.999361567218062
Rhodanobacteraceae	0.349112046875149	0.877301683595672	0.979742738806272	0.734469977145051	0.999897552173683	0.999361567218062
Rhodobacteraceae	0.31118991655138	0.717193201513303	0.854150669995576	0.729103387808189	0.999897552173683	0.999361567218062
Rhodobiaceae	0.995330267710968	0.276345929857137	0.330161446416828	0.997890770546553	0.999897552173683	0.999361567218062
Rhodocyclaceae	0.210132221622747	0.718122540206818	0.804618732991076	0.70107134961923	0.999897552173683	0.999361567218062
Rhodospirillaceae	0.301008588325908	0.867388769689513	0.9948119847665	0.728786106150155	0.999897552173683	0.999361567218062
Rhodothermaceae	0.198330695017338	0.999897552173683	0.842012427087768	0.70107134961923	0.999897552173683	0.999361567218062
Rickettsiaceae	0.118907533567858	0.454997037986565	0.44070081361442	0.70107134961923	0.999897552173683	0.999361567218062
Rikenellaceae	0.35901844865979	0.0250950317500285	0.0500667499944317	0.734469977145051	0.999897552173683	0.999361567218062
Rivulariaceae	0.340242536164846	0.602790866934778	0.623184118228147	0.734469977145051	0.999897552173683	0.999361567218062
Roseiflexaceae	0.29575524989717	0.954125857293974	0.834570166304956	0.728786106150155	0.999897552173683	0.999361567218062
Ruaniaceae	0.250443917981176	0.703462214357527	0.879473662870661	0.70107134961923	0.999897552173683	0.999361567218062
Rubrobacteraceae	0.727728730540368	0.975285493556736	0.932056692319257	0.864696317488664	0.999897552173683	0.999361567218062
Ruminococcaceae	0.105966207665192	0.934479045261001	0.670047701903878	0.70107134961923	0.999897552173683	0.999361567218062
Saccharomycetaceae	0.245997087125055	0.0275106452916435	0.0214622610939479	0.70107134961923	0.999897552173683	0.999361567218062
Saccharospirillaceae	0.0393266811667841	0.720260647498819	0.556129354366608	0.70107134961923	0.999897552173683	0.999361567218062
Salinisphaeraceae	0.0579901252358296	0.750382216064313	0.57182263860641	0.70107134961923	0.999897552173683	0.999361567218062
Salinivirgaceae	0.249730821827029	0.639100781795386	0.644587317142773	0.70107134961923	0.999897552173683	0.999361567218062
Sandaracinaceae	0.315680633489415	0.861648733239611	0.928094618217921	0.729103387808189	0.999897552173683	0.999361567218062
Sanguibacteraceae	0.234068484890982	0.895456321136373	0.756696232496579	0.70107134961923	0.999897552173683	0.999361567218062
Saprospiraceae	0.142548605056715	0.0488662316210241	0.0428873201249011	0.70107134961923	0.999897552173683	0.999361567218062
Schizosaccharomycetaceae	0.438720021401271	0.653135074604145	0.628180377157873	0.734469977145051	0.999897552173683	0.999361567218062
Sclerotiniaceae	0.0991261247096796	0.826892702184626	0.758139649346066	0.70107134961923	0.999897552173683	0.999361567218062
Scytonemataceae	0.827236139778369	0.613885443597716	0.626971513376305	0.91878138663513	0.999897552173683	0.999361567218062
Sedimentisphaeraceae	0.326768899775785	0.904451651882786	0.77477389074318	0.734469977145051	0.999897552173683	0.999361567218062
Segniliparaceae	0.0381244913211477	0.83970743060788	0.640499204102442	0.70107134961923	0.999897552173683	0.999361567218062
Selenomonadaceae	0.956544732174713	0.981640800536681	0.871444927886727	0.983263858771772	0.999897552173683	0.999361567218062
Shewanellaceae	0.0992130353270764	0.633526196019324	0.534524300771542	0.70107134961923	0.999897552173683	0.999361567218062
Silvanigrellaceae	0.685314367029908	0.562413002396027	0.675926075106506	0.846294251902706	0.999897552173683	0.999361567218062
Simkaniaceae	0.450669635469667	0.286502187343698	0.255029319275895	0.734469977145051	0.999897552173683	0.999361567218062
Sinobacteraceae	0.94860214411873	0.920919096058099	0.913055656201727	0.980577497291272	0.999897552173683	0.999361567218062
Solibacteraceae	0.558940314547778	0.791911093361314	0.962407735551988	0.779128923309023	0.999897552173683	0.999361567218062
Sordariaceae	0.07860810958582	0.435328481571732	0.446988162370198	0.70107134961923	0.999897552173683	0.999361567218062
Sphaerobacteraceae	0.228449802982425	0.968378046646923	0.91664154688958	0.70107134961923	0.999897552173683	0.999361567218062
Sphingobacteriaceae	0.250258366977098	0.280226608301577	0.260712800698664	0.70107134961923	0.999897552173683	0.999361567218062
Sphingomonadaceae	0.329797894675206	0.824845725445658	0.947325715219365	0.734469977145051	0.999897552173683	0.999361567218062
Spirochaetaceae	0.617885410030213	0.772619889217904	0.829588717077598	0.821294009526846	0.999897552173683	0.999361567218062
Spiroplasmataceae	0.400480513643712	0.130188533943996	0.165140527032167	0.734469977145051	0.999897552173683	0.999361567218062
Spongiibacteraceae	0.429939424700297	0.505158530783908	0.57807930831444	0.734469977145051	0.999897552173683	0.999361567218062
Sporichthyaceae	0.261265092691868	0.817889992559156	0.733257212107777	0.704097636296865	0.999897552173683	0.999361567218062
Sporolactobacillaceae	0.126213050782781	0.7974843391693	0.630204218736485	0.70107134961923	0.999897552173683	0.999361567218062
Sporomusaceae	0.883739907558384	0.896216928307441	0.847748159107848	0.948430174244453	0.999897552173683	0.999361567218062
Staphylococcaceae	0.145114340483878	0.287647354157977	0.307407128507973	0.70107134961923	0.999897552173683	0.999361567218062
Steroidobacteraceae	0.0630604431506505	0.779837228361646	0.642897075962572	0.70107134961923	0.999897552173683	0.999361567218062
Sterolibacteriaceae	0.14278017341223	0.504274857888589	0.658858469145746	0.70107134961923	0.999897552173683	0.999361567218062
Streptococcaceae	0.392425630039264	0.320754054461323	0.337233410359323	0.734469977145051	0.999897552173683	0.999361567218062
Streptomycetaceae	0.450964825655279	0.820312902308896	0.9333421993503	0.734469977145051	0.999897552173683	0.999361567218062
Streptosporangiaceae	0.212997005871952	0.621908568077272	0.782947188732838	0.70107134961923	0.999897552173683	0.999361567218062
Succinivibrionaceae	0.00812408381158413	0.731910167414128	0.561099412152943	0.70107134961923	0.999897552173683	0.999361567218062
Sulfolobaceae	0.0666153843955469	0.0302336998682858	0.0254304739890671	0.70107134961923	0.999897552173683	0.999361567218062
Sutterellaceae	0.955961532230269	0.70319747195917	0.718955138667957	0.983263858771772	0.999897552173683	0.999361567218062
Symbiobacteriaceae	0.221498534585995	0.661793609641001	0.808619136799745	0.70107134961923	0.999897552173683	0.999361567218062
Synechococcaceae	0.499022508244541	0.614936797307753	0.746732082341087	0.739347075779207	0.999897552173683	0.999361567218062
Synergistaceae	0.68049498685083	0.517039739178576	0.496109906166638	0.845404970198058	0.999897552173683	0.999361567218062
Syntrophaceae	0.905562832277402	0.337941737625775	0.370899689715834	0.955775685309992	0.999897552173683	0.999361567218062
Syntrophobacteraceae	0.842799110069823	0.639659426957359	0.65421171728082	0.932314847211507	0.999897552173683	0.999361567218062
Syntrophomonadaceae	0.79312493458372	0.945450557419098	0.909199822474807	0.903473046201732	0.999897552173683	0.999361567218062
Tannerellaceae	0.62558144529775	0.149738423875153	0.247686980747285	0.821294009526846	0.999897552173683	0.999361567218062
Tepidiformaceae	0.106769380260504	0.900004780514909	0.657425830245434	0.70107134961923	0.999897552173683	0.999361567218062
Thermaceae	0.638272302278129	0.986070057649425	0.950472066833354	0.822886503504507	0.999897552173683	0.999361567218062
Thermoactinomycetaceae	0.497360613776426	0.605068663007504	0.731644207008742	0.739347075779207	0.999897552173683	0.999361567218062
Thermoanaerobacteraceae	0.393911121435946	0.966840330465734	0.893093343549116	0.734469977145051	0.999897552173683	0.999361567218062
Thermoanaerobacterales Family III. Incertae Sedis	0.147151550588803	0.571596624337121	0.521954313366038	0.70107134961923	0.999897552173683	0.999361567218062
Thermoanaerobacterales Family IV. Incertae Sedis	0.338277537130605	0.867524970467723	0.766742339218268	0.734469977145051	0.999897552173683	0.999361567218062
Thermococcaceae	0.638641149772934	0.662549330604513	0.729042193210756	0.822886503504507	0.999897552173683	0.999361567218062
Thermodesulfobacteriaceae	0.867804011460241	0.720878965541033	0.7570942655758	0.941115548774171	0.999897552173683	0.999361567218062
Thermodesulfobiaceae	0.226458324619885	0.705507919358718	0.642293298290623	0.70107134961923	0.999897552173683	0.999361567218062
Thermofilaceae	0.0183334582944314	0.534435949931496	0.727292225040369	0.70107134961923	0.999897552173683	0.999361567218062
Thermoguttaceae	0.900155248437945	0.784881904618965	0.828612036985849	0.951888308692999	0.999897552173683	0.999361567218062
Thermomicrobiaceae	0.156836488884494	0.870301906709019	0.937727353457506	0.70107134961923	0.999897552173683	0.999361567218062
Thermomonosporaceae	0.0586590340017939	0.944717998054781	0.817568445939133	0.70107134961923	0.999897552173683	0.999361567218062
Thermoplasmataceae	0.895577087810962	0.72511992785697	0.608305232455063	0.951888308692999	0.999897552173683	0.999361567218062
Thermoproteaceae	0.208436690065989	0.492042496921357	0.497026766322594	0.70107134961923	0.999897552173683	0.999361567218062
Thermotogaceae	0.309310039626045	0.919445432914988	0.912884416636429	0.729103387808189	0.999897552173683	0.999361567218062
Thioalkalibacteraceae	0.221629515779431	0.970319168847338	0.801575135996873	0.70107134961923	0.999897552173683	0.999361567218062
Thioalkalispiraceae	0.793812368492464	0.976600518544292	0.94315948460991	0.903473046201732	0.999897552173683	0.999361567218062
Thiobacillaceae	0.394862770262903	0.834628001488372	0.725556242078338	0.734469977145051	0.999897552173683	0.999361567218062
Thiotrichaceae	0.0397158229161928	0.414388283906244	0.320957002967141	0.70107134961923	0.999897552173683	0.999361567218062
Tissierellaceae	0.500739911524143	0.67912158961851	0.678540498174572	0.739347075779207	0.999897552173683	0.999361567218062
Tolypothrichaceae	0.462192684132181	0.240166458353072	0.280913864705998	0.734469977145051	0.999897552173683	0.999361567218062
Tospoviridae	0.681531180685029	0.171791395078326	0.19267235908309	0.845404970198058	0.999897552173683	0.999361567218062
Trichocomaceae	0.40934966330091	0.663387170380875	0.722554688206447	0.734469977145051	0.999897552173683	0.999361567218062
Trichomonascaceae	0.623896831871616	0.629175848510946	0.687059097591738	0.821294009526846	0.999897552173683	0.999361567218062
Trueperaceae	0.968513789115396	0.382899969166326	0.353563862455154	0.988264243953867	0.999897552173683	0.999361567218062
Tsukamurellaceae	0.469228471362147	0.763675896135719	0.861317398994715	0.734469977145051	0.999897552173683	0.999361567218062
Unclassified Acidobacteria Phylum	0.0733865626234265	0.486407440304751	0.35442493260162	0.70107134961923	0.999897552173683	0.999361567218062
Unclassified Acidobacteriia Class	0.0808914698474864	0.249749890211901	0.190977026830412	0.70107134961923	0.999897552173683	0.999361567218062
Unclassified Actinobacteria Class	0.87623797185301	0.819411442135394	0.889033501398256	0.946310288529851	0.999897552173683	0.999361567218062
Unclassified Actinobacteria Phylum	0.761513611598831	0.987296117790701	0.933483163074735	0.884958976005378	0.999897552173683	0.999361567218062
Unclassified Alphaproteobacteria Class	0.34664169009295	0.771459260717406	0.87536048418971	0.734469977145051	0.999897552173683	0.999361567218062
Unclassified Alteromonadales Order	0.242116403873768	0.326454530235936	0.27769031038847	0.70107134961923	0.999897552173683	0.999361567218062
Unclassified Aquificales Order	0.728412658754037	0.854937650549461	0.96596591809277	0.864696317488664	0.999897552173683	0.999361567218062
Unclassified Armatimonadetes Phylum	0.133253580401083	0.445146223163493	0.585228505431021	0.70107134961923	0.999897552173683	0.999361567218062
Unclassified Ascomycota Phylum	0.0142961760951688	0.186710697069365	0.088444317558804	0.70107134961923	0.999897552173683	0.999361567218062
Unclassified Bacillales Order	0.412095961839595	0.378740264756306	0.378614994885691	0.734469977145051	0.999897552173683	0.999361567218062
Unclassified Bacilli Class	0.535298477602145	0.58531163197615	0.635434312057492	0.763526510688331	0.999897552173683	0.999361567218062
Unclassified Bacteriovoracales Order	0.961549531376729	0.483087676286078	0.46380284129496	0.984740892986929	0.999897552173683	0.999361567218062
Unclassified Bacteroidales Order	0.711863194521668	0.203510610223158	0.248927145959781	0.859713788635558	0.999897552173683	0.999361567218062
Unclassified Bacteroidetes Phylum	0.773544543013478	0.413797554086361	0.463891900630261	0.893298300718493	0.999897552173683	0.999361567218062
Unclassified Bacteroidia Class	0.63174800006735	0.117079284860057	0.188809870342649	0.822464377446173	0.999897552173683	0.999361567218062
Unclassified Balneolaeota Phylum	0.852443694764028	0.666966490468831	0.702527715816018	0.937348445238533	0.999897552173683	0.999361567218062
Unclassified Basidiomycota Phylum	0.332660938262549	0.314997990277157	0.290468723308147	0.734469977145051	0.999897552173683	0.999361567218062
Unclassified Betaproteobacteria Class	0.467075347602358	0.822911054520936	0.934155026015926	0.734469977145051	0.999897552173683	0.999361567218062
Unclassified Blastocatellia Class	0.651436243137724	0.991972555679166	0.900183209693779	0.828554853023096	0.999897552173683	0.999361567218062
Unclassified Bradymonadales Order	0.568015169226999	0.662237721833827	0.759214961226519	0.787799933199256	0.999897552173683	0.999361567218062
Unclassified Burkholderiales Order	0.282774139655737	0.643293927746379	0.744444023557021	0.726006163209149	0.999897552173683	0.999361567218062
Unclassified Campylobacterales Order	0.217184981657156	0.690031164669441	0.779324049596543	0.70107134961923	0.999897552173683	0.999361567218062
Unclassified Candidatus Bipolaricaulota Phylum	0.458845128955279	0.934250266703173	0.99182446174617	0.734469977145051	0.999897552173683	0.999361567218062
Unclassified Candidatus Cloacimonetes Phylum	0.120804456113306	0.716882673782535	0.682441273425602	0.70107134961923	0.999897552173683	0.999361567218062
Unclassified Candidatus Gracilibacteria Phylum	0.183722750909529	0.429945309366982	0.463798844946494	0.70107134961923	0.999897552173683	0.999361567218062
Unclassified Candidatus Korarchaeota Phylum	0.426093517861563	0.492750933284937	0.497370970960703	0.734469977145051	0.999897552173683	0.999361567218062
Unclassified Candidatus Micrarchaeota Phylum	0.0934421783167699	0.704164500155432	0.760574823953457	0.70107134961923	0.999897552173683	0.999361567218062
Unclassified Candidatus Saccharibacteria Phylum	0.781782788506897	0.9572204595314	0.964146445973212	0.897181079533903	0.999897552173683	0.999361567218062
Unclassified Cellvibrionales Order	0.27186365935584	0.56735480764631	0.46953331620793	0.715439599548926	0.999897552173683	0.999361567218062
Unclassified Chlamydiia Class	0.328567666183804	0.0101120116223252	0.0205436860572137	0.734469977145051	0.999897552173683	0.999361567218062
Unclassified Chloroflexi Phylum	0.519828122257445	0.405275766690574	0.43765625443045	0.751638449126175	0.999897552173683	0.999361567218062
Unclassified Chromatiales Order	0.0443368237144926	0.56706165257093	0.788163049190121	0.70107134961923	0.999897552173683	0.999361567218062
Unclassified Chroococcales Order	0.41434987450364	0.0306175680234365	0.0268280135972184	0.734469977145051	0.999897552173683	0.999361567218062
Unclassified Clostridia Class	0.347666751900246	0.702906792211532	0.636095668943379	0.734469977145051	0.999897552173683	0.999361567218062
Unclassified Clostridiales Order	0.864231098239757	0.74025307336984	0.776021509599964	0.941115548774171	0.999897552173683	0.999361567218062
Unclassified Coriobacteriales Order	0.75482930030206	0.825215613348115	0.757944087734098	0.882766469844782	0.999897552173683	0.999361567218062
Unclassified Coriobacteriia Class	0.510557958833938	0.947939091448878	0.977600446340235	0.741652613885089	0.999897552173683	0.999361567218062
Unclassified Corynebacteriales Order	0.988494651671642	0.959772954686001	0.999361567218062	0.99753025177833	0.999897552173683	0.999361567218062
Unclassified Cyanobacteria Phylum	0.24464413149952	0.961602570556736	0.947876288876704	0.70107134961923	0.999897552173683	0.999361567218062
Unclassified Cytophagales Order	0.171410630002443	0.303568432181215	0.234827696573522	0.70107134961923	0.999897552173683	0.999361567218062
Unclassified Dehalococcoidia Class	0.454470633524911	0.976817358875204	0.93420281370805	0.734469977145051	0.999897552173683	0.999361567218062
Unclassified Deinococcales Order	0.726046806143271	0.618952784058543	0.454057605584753	0.864696317488664	0.999897552173683	0.999361567218062
Unclassified Deinococci Class	0.877737079216094	0.919991155694098	0.842366493186011	0.946310288529851	0.999897552173683	0.999361567218062
Unclassified Deltaproteobacteria Class	0.438660002349002	0.945427915163875	0.971584243599649	0.734469977145051	0.999897552173683	0.999361567218062
Unclassified Desulfobacterales Order	0.683486068938934	0.896150169829917	0.982222211561892	0.845928946310071	0.999897552173683	0.999361567218062
Unclassified Desulfovibrionales Order	0.988109634832704	0.245273036838472	0.229874078792836	0.99753025177833	0.999897552173683	0.999361567218062
Unclassified Desulfuromonadales Order	0.71663848931211	0.739277343779531	0.711786577646007	0.859966187174532	0.999897552173683	0.999361567218062
Unclassified Elusimicrobia Phylum	0.595434924851362	0.247724706875327	0.213172631974868	0.809593372388511	0.999897552173683	0.999361567218062
Unclassified Enterobacterales Order	0.124709403491059	0.547364523944303	0.597595292198621	0.70107134961923	0.999897552173683	0.999361567218062
Unclassified Entomoplasmatales Order	0.927686584566342	0.658577125771542	0.796842950082199	0.973541814982169	0.999897552173683	0.999361567218062
Unclassified Epsilonproteobacteria Class	0.46490581664834	0.300432645295165	0.30931685524396	0.734469977145051	0.999897552173683	0.999361567218062
Unclassified Euryarchaeota Phylum	0.982987989541791	0.821066197742236	0.84493301947138	0.996444487057406	0.999897552173683	0.999361567218062
Unclassified Firmicutes Phylum	0.258268008272332	0.939978170584952	0.858233644510503	0.704097636296865	0.999897552173683	0.999361567218062
Unclassified Flavobacteriales Order	0.710698645043523	0.38737092902623	0.473857972294515	0.859713788635558	0.999897552173683	0.999361567218062
Unclassified Frankiales Order	0.428659364703456	0.526648774150632	0.510503061588328	0.734469977145051	0.999897552173683	0.999361567218062
Unclassified Fusobacteriales Order	0.308949012414815	0.180328269522397	0.247056114220811	0.729103387808189	0.999897552173683	0.999361567218062
Unclassified Gammaproteobacteria Class	0.164413809938888	0.681902070912652	0.602874655897388	0.70107134961923	0.999897552173683	0.999361567218062
Unclassified Halanaerobiales Order	0.0507195199102774	0.875050889261471	0.761021786098816	0.70107134961923	0.999897552173683	0.999361567218062
Unclassified Halobacteria Class	0.236418575937304	0.656354870183334	0.757748125399966	0.70107134961923	0.999897552173683	0.999361567218062
Unclassified Halobacteriales Order	0.785417771687996	0.766712866032723	0.959861711192056	0.897620310500567	0.999897552173683	0.999361567218062
Unclassified Haloferacales Order	0.139651648900797	0.559707964370837	0.612702197545485	0.70107134961923	0.999897552173683	0.999361567218062
Unclassified Ignavibacteriales Order	0.00462870298301169	0.335314618494719	0.272092434797422	0.70107134961923	0.999897552173683	0.999361567218062
Unclassified Kiritimatiellaeota Phylum	0.0520925988756067	0.751608219151397	0.970247484674945	0.70107134961923	0.999897552173683	0.999361567218062
Unclassified Lactobacillales Order	0.899251228784924	0.927935455213761	0.956980983665336	0.951888308692999	0.999897552173683	0.999361567218062
Unclassified Legionellales Order	0.64351884927797	0.515081607151345	0.538900651575392	0.822886503504507	0.999897552173683	0.999361567218062
Unclassified Marinilabiliales Order	0.224511942718782	0.378044014760164	0.601427941698657	0.70107134961923	0.999897552173683	0.999361567218062
Unclassified Methanococcales Order	0.368560166740641	0.294335760301007	0.388825904511285	0.734469977145051	0.999897552173683	0.999361567218062
Unclassified Methanomassiliicoccales Order	0.467735149411828	0.9910013918285	0.999155455510631	0.734469977145051	0.999897552173683	0.999361567218062
Unclassified Methanomicrobia Class	0.886919535674204	0.521485229218101	0.766626418757772	0.948430174244453	0.999897552173683	0.999361567218062
Unclassified Methanomicrobiales Order	0.413771035657588	0.531636455111756	0.761327482438746	0.734469977145051	0.999897552173683	0.999361567218062
Unclassified Micrococcales Order	0.640160858239706	0.838523972452964	0.953091700612434	0.822886503504507	0.999897552173683	0.999361567218062
Unclassified Mollicutes Class	0.346562083693172	0.506877458966474	0.516648121200136	0.734469977145051	0.999897552173683	0.999361567218062
Unclassified Myxococcales Order	0.268474311654506	0.941545730476699	0.955759952868172	0.715439599548926	0.999897552173683	0.999361567218062
Unclassified Negativicutes Class	0.653872667919195	0.541310640751283	0.595543724098341	0.829741868256082	0.999897552173683	0.999361567218062
Unclassified Neisseriales Order	0.0548805231091346	0.230140789228964	0.210663650373603	0.70107134961923	0.999897552173683	0.999361567218062
Unclassified Nitriliruptoria Class	0.419221616985607	0.361447061007334	0.313492215218678	0.734469977145051	0.999897552173683	0.999361567218062
Unclassified Nitrosomonadales Order	0.166570197595521	0.264716276171902	0.293809145240166	0.70107134961923	0.999897552173683	0.999361567218062
Unclassified Nostocales Order	0.105122112482649	0.171986568661307	0.187671564857968	0.70107134961923	0.999897552173683	0.999361567218062
Unclassified Oceanospirillales Order	0.175724480014285	0.168669110532366	0.189508756221619	0.70107134961923	0.999897552173683	0.999361567218062
Unclassified Opitutae Class	0.125554740055235	0.194300512798411	0.345762879765226	0.70107134961923	0.999897552173683	0.999361567218062
Unclassified Oscillatoriales Order	0.17968373579863	0.347748814190283	0.377100377311483	0.70107134961923	0.999897552173683	0.999361567218062
Unclassified Parachlamydiales Order	0.274340456733659	0.110842584915621	0.0793119641817073	0.715439599548926	0.999897552173683	0.999361567218062
Unclassified Phycisphaerae Class	0.238574633844387	0.621971187723992	0.838637871035183	0.70107134961923	0.999897552173683	0.999361567218062
Unclassified Planctomycetales Order	0.951731336288401	0.806479038539285	0.863119829670554	0.981973266600369	0.999897552173683	0.999361567218062
Unclassified Planctomycetes Phylum	0.49661493781208	0.930327898215912	0.849476753798081	0.739347075779207	0.999897552173683	0.999361567218062
Unclassified Planctomycetia Class	0.752357308859777	0.890458750503548	0.996719734760202	0.882017584416329	0.999897552173683	0.999361567218062
Unclassified Propionibacteriales Order	0.40622330451728	0.88795606226564	0.706553900295638	0.734469977145051	0.999897552173683	0.999361567218062
Unclassified Proteobacteria Phylum	0.307560449559232	0.825827756497476	0.918771398689029	0.729103387808189	0.999897552173683	0.999361567218062
Unclassified Pseudomonadales Order	0.995789631729314	0.724919083664252	0.786027213884481	0.997890770546553	0.999897552173683	0.999361567218062
Unclassified Rhizobiales Order	0.475619642399112	0.673755964821415	0.74269726977178	0.734469977145051	0.999897552173683	0.999361567218062
Unclassified Rhodobacterales Order	0.881590486270688	0.694786884495231	0.649869604121864	0.948430174244453	0.999897552173683	0.999361567218062
Unclassified Rhodocyclales Order	0.627873318877407	0.759412194797425	0.894469425628524	0.821294009526846	0.999897552173683	0.999361567218062
Unclassified Rhodospirillales Order	0.692019891705458	0.885811879358709	0.817934344979828	0.848877733825362	0.999897552173683	0.999361567218062
Unclassified Rickettsiales Order	0.312665397211232	0.158214225220501	0.178395490802206	0.729103387808189	0.999897552173683	0.999361567218062
Unclassified Saccharomycetales Order	0.0117398289877918	0.432711516537842	0.20381969394241	0.70107134961923	0.999897552173683	0.999361567218062
Unclassified Sedimentisphaerales Order	0.0260722615940629	0.49961548128989	0.75197394385842	0.70107134961923	0.999897552173683	0.999361567218062
Unclassified Selenomonadales Order	0.537173510502795	0.427621346749487	0.529808748220353	0.764226231436966	0.999897552173683	0.999361567218062
Unclassified Silvanigrellales Order	0.0638902870477962	0.704211661354744	0.622700647735846	0.70107134961923	0.999897552173683	0.999361567218062
Unclassified Sordariales Order	0.698643524202521	0.250371633079184	0.279373267930951	0.85321067557476	0.999897552173683	0.999361567218062
Unclassified Sordariomycetes Class	0.63678718071112	0.143870325266248	0.20717049270395	0.822886503504507	0.999897552173683	0.999361567218062
Unclassified Spartobacteria Class	0.702679902074439	0.163156651231732	0.29609868710285	0.854359704724868	0.999897552173683	0.999361567218062
Unclassified Sphingomonadales Order	0.417099012574045	0.468151382590587	0.566210691883687	0.734469977145051	0.999897552173683	0.999361567218062
Unclassified Spirochaetales Order	0.714870704680655	0.950528527771723	0.932682500064647	0.859713788635558	0.999897552173683	0.999361567218062
Unclassified Spirochaetia Class	0.778760039808159	0.469063035860974	0.535780831539874	0.895574045779383	0.999897552173683	0.999361567218062
Unclassified Streptosporangiales Order	0.416339261769045	0.942368995756297	0.85149993434597	0.734469977145051	0.999897552173683	0.999361567218062
Unclassified Synechococcales Order	0.204081181385871	0.204476563863928	0.166150045414723	0.70107134961923	0.999897552173683	0.999361567218062
Unclassified Tenericutes Phylum	0.423033530672641	0.565292120454707	0.643456486229119	0.734469977145051	0.999897552173683	0.999361567218062
Unclassified Thaumarchaeota Phylum	0.0444519638508966	0.789444534962983	0.731637548439916	0.70107134961923	0.999897552173683	0.999361567218062
Unclassified Thermoanaerobacterales Order	0.437067000866676	0.347985474670673	0.284743546458839	0.734469977145051	0.999897552173683	0.999361567218062
Unclassified Thermomicrobia Class	0.713464073785538	0.788655883083898	0.85122670774093	0.859713788635558	0.999897552173683	0.999361567218062
Unclassified Thermoplasmata Class	0.688910428179519	0.382278170890602	0.273479319899268	0.847609434975818	0.999897552173683	0.999361567218062
Unclassified Thermoplasmatales Order	0.0247841817685978	0.539217709878923	0.741741776193841	0.70107134961923	0.999897552173683	0.999361567218062
Unclassified Thermotogae Class	0.11817281248813	0.0575953459890024	0.0722764902321521	0.70107134961923	0.999897552173683	0.999361567218062
Unclassified Thermotogales Order	0.14651883783716	0.886849249486606	0.735977009848576	0.70107134961923	0.999897552173683	0.999361567218062
Unclassified Tissierellales Order	0.689450428087214	0.944674495576787	0.776836786670526	0.847609434975818	0.999897552173683	0.999361567218062
Unclassified Tissierellia Class	0.412364668556952	0.306292932802967	0.413878141724986	0.734469977145051	0.999897552173683	0.999361567218062
Unclassified Verrucomicrobia Phylum	0.172193941759911	0.706458955705269	0.759400868526034	0.70107134961923	0.999897552173683	0.999361567218062
Unclassified Verrucomicrobiales Order	0.0850227536836071	0.134208060347142	0.202669451046213	0.70107134961923	0.999897552173683	0.999361567218062
Unclassified Victivallales Order	0.0293511661238393	0.562832376590729	0.414049082977247	0.70107134961923	0.999897552173683	0.999361567218062
Unclassified Xanthomonadales Order	0.676408520683181	0.190631512914037	0.209034828076659	0.842838608165048	0.999897552173683	0.999361567218062
Unclassified candidate division Zixibacteria Phylum	0.616898525280019	0.572116549631292	0.60008737900227	0.821294009526846	0.999897552173683	0.999361567218062
Unikaryonidae	0.121910732188753	0.491058965756647	0.630212287041492	0.70107134961923	0.999897552173683	0.999361567218062
Ustilaginaceae	0.627502610478176	0.967394595576711	0.943384157244914	0.821294009526846	0.999897552173683	0.999361567218062
Vallitaleaceae	0.127983670140849	0.775361342903519	0.72608768465222	0.70107134961923	0.999897552173683	0.999361567218062
Veillonellaceae	0.929899651223328	0.0368124268873143	0.0369912912434152	0.974012537903751	0.999897552173683	0.999361567218062
Verrucomicrobiaceae	0.560682919707525	0.958973546741883	0.961474007331962	0.779589349316256	0.999897552173683	0.999361567218062
Vibrionaceae	0.171086910028613	0.75093190630933	0.643557488695002	0.70107134961923	0.999897552173683	0.999361567218062
Vicinamibacteraceae	0.236383991488322	0.863373875043949	0.917904211068029	0.70107134961923	0.999897552173683	0.999361567218062
Vulgatibacteraceae	0.147643101876905	0.631692607460112	0.4991686128947	0.70107134961923	0.999897552173683	0.999361567218062
Waddliaceae	0.191798545263696	0.364791595743066	0.535728218429462	0.70107134961923	0.999897552173683	0.999361567218062
Wenzhouxiangellaceae	0.0556222291777566	0.864644807314953	0.95925386414762	0.70107134961923	0.999897552173683	0.999361567218062
Woeseiaceae	0.165720901781556	0.355983714515186	0.419907203609601	0.70107134961923	0.999897552173683	0.999361567218062
Xanthobacteraceae	0.280316908785421	0.757503158707929	0.864370488474779	0.72306043761473	0.999897552173683	0.999361567218062
Xanthomonadaceae	0.48438106182299	0.799753105711523	0.910573913431738	0.734555895951348	0.999897552173683	0.999361567218062
Yersiniaceae	0.207314389654099	0.672320448722686	0.609307092259128	0.70107134961923	0.999897552173683	0.999361567218062
Zoogloeaceae	0.42087082750165	0.761667203845355	0.86215376829744	0.734469977145051	0.999897552173683	0.999361567218062
