p-variable	p-treatment	p-interaction	slope	adjusted.p-variable	adjusted.p-treatment	adjusted.p-interaction
Acidobacteria	0.174826531327516	0.814239002656394	0.84035095847541	0.00270111709018948	0.689292093100206	0.991465171209478	0.981588240943308
Actinobacteria	0.439384815921729	0.993791171092911	0.228392767533569	-0.00247562593484497	0.689292093100206	0.993791171092911	0.981588240943308
Aquificae	0.30203869940369	0.873042969103428	0.813679708320526	0.00187303392377705	0.689292093100206	0.991465171209478	0.981588240943308
Armatimonadetes	0.454311899227575	0.782271713940371	0.877737218557769	0.00151838016311027	0.689292093100206	0.991465171209478	0.981588240943308
Ascomycota	0.316950218002227	0.635320529159754	0.824942129018596	0.00167982757709444	0.689292093100206	0.991465171209478	0.981588240943308
Bacteroidetes	0.835461760191875	0.348772370300907	0.803802234210998	0.000721155654487772	0.91317913323298	0.991465171209478	0.981588240943308
Balneolaeota	0.67018218893437	0.906306228022223	0.610583553251284	-0.00102478815926071	0.787464071997884	0.991465171209478	0.981588240943308
Basidiomycota	0.546104186022473	0.4351275253092	0.407740663635929	0.0011617849716407	0.754908727736948	0.991465171209478	0.981588240943308
Calditrichaeota	0.387275265140672	0.540979887066164	0.470514660859682	0.00183799345381315	0.689292093100206	0.991465171209478	0.981588240943308
Candidatus Bipolaricaulota	0.162287325533927	0.521058202145693	0.641870594403302	0.00407943789760195	0.689292093100206	0.991465171209478	0.981588240943308
Candidatus Cloacimonetes	0.158048572899397	0.810423248969568	0.412595715252773	0.00344293296293034	0.689292093100206	0.991465171209478	0.981588240943308
Candidatus Gracilibacteria	0.221925161290958	0.45357622272625	0.780921426752887	0.00392245671579266	0.689292093100206	0.991465171209478	0.981588240943308
Candidatus Korarchaeota	0.581064347993766	0.638010295874034	0.16758549112673	0.0012625115775788	0.771827673521176	0.991465171209478	0.981588240943308
Candidatus Micrarchaeota	0.982970389564811	0.79872023584495	0.35750057957797	-4.72705193767297e-05	0.982970389564811	0.991465171209478	0.981588240943308
Candidatus Saccharibacteria	0.436634589359261	0.925909791889952	0.889151085327101	0.00179171526403231	0.689292093100206	0.991465171209478	0.981588240943308
Chlamydiae	0.591187154186433	0.916304066322778	0.817022570676243	0.000923701119626347	0.771827673521176	0.991465171209478	0.981588240943308
Chlorobi	0.234169068444566	0.732046314584376	0.851019984520058	0.00210698349498107	0.689292093100206	0.991465171209478	0.981588240943308
Chloroflexi	0.369618056450971	0.81272501391686	0.901644652839149	0.00179372514764747	0.689292093100206	0.991465171209478	0.981588240943308
Chrysiogenetes	0.328892715138596	0.746021725836432	0.756166473488552	0.00212612554772809	0.689292093100206	0.991465171209478	0.981588240943308
Coprothermobacterota	0.0243659514563124	0.421523557272669	0.474844602593349	0.00697169487491435	0.689292093100206	0.991465171209478	0.981588240943308
Crenarchaeota	0.664904753397642	0.916504821755246	0.819766845000988	0.000732785733233468	0.787464071997884	0.991465171209478	0.981588240943308
Cyanobacteria	0.248106403743351	0.785283678748663	0.90312775746214	0.00179513831141639	0.689292093100206	0.991465171209478	0.981588240943308
Deferribacteres	0.43575631529817	0.880007087931351	0.875770145944979	0.00137298775722492	0.689292093100206	0.991465171209478	0.981588240943308
Deinococcus-Thermus	0.292778193359155	0.878291191009619	0.831278593031734	0.00233953922650419	0.689292093100206	0.991465171209478	0.981588240943308
Dictyoglomi	0.494648193432705	0.614460016175832	0.948030868250805	0.00160848911390384	0.716718747777051	0.991465171209478	0.981588240943308
Elusimicrobia	0.454639465661838	0.738574737716718	0.771840979490368	0.00137926978562964	0.689292093100206	0.991465171209478	0.981588240943308
Euryarchaeota	0.233981346909305	0.122499719970359	0.264738234253059	-0.0038918064458837	0.689292093100206	0.991465171209478	0.981588240943308
Fibrobacteres	0.0830790783125358	0.565630953276068	0.859085043203066	0.00393718737604336	0.689292093100206	0.991465171209478	0.981588240943308
Firmicutes	0.202825763809082	0.260674911894233	0.430975726298869	0.00131341606365486	0.689292093100206	0.991465171209478	0.981588240943308
Fusobacteria	0.796605650288131	0.170062348601759	0.643205935520855	0.000580558502046302	0.903617794120742	0.991465171209478	0.981588240943308
Gemmatimonadetes	0.121391119397355	0.378116436159888	0.688845812192718	0.00367017464350122	0.689292093100206	0.991465171209478	0.981588240943308
Ignavibacteriae	0.205747500409407	0.848159649175624	0.822304955355883	0.00266834472053922	0.689292093100206	0.991465171209478	0.981588240943308
Kiritimatiellaeota	0.134659445938356	0.280654342310513	0.545701428800226	0.00322739548344517	0.689292093100206	0.991465171209478	0.981588240943308
Lentisphaerae	0.175736728971779	0.126517639922543	0.1516786057408	0.00446513792365531	0.689292093100206	0.991465171209478	0.981588240943308
Microsporidia	0.962698238083983	0.133718806131838	0.909506784194681	0.000116138693018309	0.982970389564811	0.991465171209478	0.981588240943308
Negarnaviricota	0.916844768336676	0.179422511056523	0.480614683473344	0.000298053239990021	0.957593424707196	0.991465171209478	0.981588240943308
Nitrospirae	0.663724539652718	0.799872494965723	0.819082555216661	0.000736769953808458	0.787464071997884	0.991465171209478	0.981588240943308
Planctomycetes	0.313236309041254	0.911362967463831	0.782428479297384	0.00188039998625296	0.689292093100206	0.991465171209478	0.981588240943308
Proteobacteria	0.400228567705545	0.613234709684902	0.464104062665994	0.00151133816664634	0.689292093100206	0.991465171209478	0.981588240943308
Spirochaetes	0.503228056949845	0.96065678563994	0.759207628963587	0.00107775827181404	0.716718747777051	0.991465171209478	0.981588240943308
Synergistetes	0.285360117054527	0.970370167566723	0.400766537999533	0.00276982142640475	0.689292093100206	0.991465171209478	0.981588240943308
Tenericutes	0.647987292562391	0.598910704558513	0.951479052353273	0.000946384260782237	0.787464071997884	0.991465171209478	0.981588240943308
Thaumarchaeota	0.247461517091256	0.940137051957739	0.621374232135095	0.00209703922800811	0.689292093100206	0.991465171209478	0.981588240943308
Thermodesulfobacteria	0.807488241554705	0.760099747870211	0.960703384753025	0.000441416433851979	0.903617794120742	0.991465171209478	0.981588240943308
Thermotogae	0.295833993951433	0.924744836156338	0.992736869668143	0.0017851098834123	0.689292093100206	0.991465171209478	0.992736869668143
Verrucomicrobia	0.427727973409823	0.6140945432018	0.43047103233882	0.00452840861907967	0.689292093100206	0.991465171209478	0.981588240943308
candidate division Zixibacteria	0.871585815548076	0.552151706113117	0.849866365716117	-0.000400659881122771	0.931012121153627	0.991465171209478	0.981588240943308
