p-variable	p-treatment	p-interaction	slope	adjusted.p-variable	adjusted.p-treatment	adjusted.p-interaction
Acidobacteria	0.287850100844642	0.744060681219152	0.736970822721995	-0.161410883258158	0.596581269421598	0.837068266371546	0.830832017910108
Actinobacteria	0.500728132775423	0.92742360960755	0.942808738711536	0.126303943507081	0.61429306688055	0.948501418916812	0.964236210045889
Aquificae	0.309255361415283	0.444545883747528	0.444346119590248	-0.145867633735347	0.596581269421598	0.78770384945784	0.774603765722302
Armatimonadetes	0.62082298402143	0.614694429034915	0.618818287461789	-0.06659421464819	0.698425857024109	0.790321408759176	0.795623512450872
Ascomycota	0.195985400727031	0.597299236371632	0.585256178545739	-0.15558133413857	0.596581269421598	0.790321408759176	0.774603765722302
Bacteroidetes	0.323902707992008	0.415009879209789	0.413052026323775	0.226759514500115	0.596581269421598	0.78770384945784	0.774603765722302
Balneolaeota	0.2749393978547	0.541789272968318	0.539282199700895	-0.168809559112358	0.596581269421598	0.78770384945784	0.774603765722302
Basidiomycota	0.28527923024821	0.441462938658258	0.437819701363133	-0.14147044745776	0.596581269421598	0.78770384945784	0.774603765722302
Calditrichaeota	0.586681608287748	0.912746528903831	0.903951069508025	-0.074103330473051	0.676940317255094	0.948501418916812	0.945995305299096
Candidatus Bipolaricaulota	0.224868551816069	0.0345704313638585	0.0357948933797263	-0.211411524803117	0.596581269421598	0.78770384945784	0.774603765722302
Candidatus Cloacimonetes	0.363999364443729	0.408925834138221	0.412362566685902	-0.17765958080127	0.596581269421598	0.78770384945784	0.774603765722302
Candidatus Gracilibacteria	0.808672588642708	0.727795952912124	0.719987671584309	0.0582393681531298	0.84628526718423	0.837068266371546	0.830832017910108
Candidatus Saccharibacteria	0.717272577887441	0.387669419199497	0.386925515540328	-0.0622549892819793	0.768506333450829	0.78770384945784	0.774603765722302
Chlamydiae	0.397720846281065	0.974173794263583	0.968466304202433	-0.103983788384448	0.596581269421598	0.974173794263583	0.968466304202433
Chlorobi	0.192783795718479	0.302352398720235	0.298567901292171	-0.173452887606371	0.596581269421598	0.78770384945784	0.774603765722302
Chloroflexi	0.12856890730131	0.322572953775495	0.321184179682385	-0.220770468542702	0.596581269421598	0.78770384945784	0.774603765722302
Chrysiogenetes	0.448951139340007	0.303051029143487	0.311745175546344	-0.120355628563826	0.60235730920336	0.78770384945784	0.774603765722302
Coprothermobacterota	0.252852679431939	0.429032213692959	0.433833096876691	-0.272736559196725	0.596581269421598	0.78770384945784	0.774603765722302
Crenarchaeota	0.36030567639684	0.402326295303377	0.397209466076517	-0.108373437610421	0.596581269421598	0.78770384945784	0.774603765722302
Cyanobacteria	0.220206784961652	0.349588539528732	0.34454107750358	-0.14639725563574	0.596581269421598	0.78770384945784	0.774603765722302
Deferribacteres	0.50508541054623	0.737821716877365	0.738517349253429	-0.0810975212614088	0.61429306688055	0.837068266371546	0.830832017910108
Deinococcus-Thermus	0.309641398863006	0.446501617118844	0.445586874784666	-0.165116078394108	0.596581269421598	0.78770384945784	0.774603765722302
Dictyoglomi	0.446381457320633	0.548233206832091	0.551049818876739	-0.13719939823324	0.60235730920336	0.78770384945784	0.774603765722302
Elusimicrobia	0.385460089845843	0.305504684314136	0.307714667724875	-0.119847464727189	0.596581269421598	0.78770384945784	0.774603765722302
Euryarchaeota	0.0386438172305609	0.217907589155358	0.220500925698748	-0.578187346956936	0.596581269421598	0.78770384945784	0.774603765722302
Fibrobacteres	0.144610678931595	0.432782981783304	0.42872429844622	-0.273318128054832	0.596581269421598	0.78770384945784	0.774603765722302
Firmicutes	0.199904048528715	0.769909629408707	0.7929169040163	-0.0888238729308619	0.596581269421598	0.845022763985167	0.870274650749598
Fusobacteria	0.644549138348911	0.577649489602416	0.58104197002433	-0.072014004559708	0.707431981114659	0.78770384945784	0.774603765722302
Gemmatimonadetes	0.381932892510114	0.564036521766677	0.560115939870417	-0.149502920472853	0.596581269421598	0.78770384945784	0.774603765722302
Ignavibacteriae	0.939243292760434	0.561225083042742	0.562130781324785	0.0120106540374512	0.939243292760434	0.78770384945784	0.774603765722302
Kiritimatiellaeota	0.532032040664408	0.717680166597841	0.721487202610707	-0.0976007896086811	0.630037942892062	0.837068266371546	0.830832017910108
Lentisphaerae	0.468500129380391	0.211145065398631	0.207232612618026	-0.19460128442643	0.60235730920336	0.78770384945784	0.774603765722302
Microsporidia	0.459725567113421	0.477461252086255	0.489591644162834	-0.123927062676895	0.60235730920336	0.78770384945784	0.774603765722302
Negarnaviricota	0.219831738692159	0.144082176156971	0.140131164404009	0.220518029097924	0.596581269421598	0.78770384945784	0.774603765722302
Nitrospirae	0.280965015941734	0.13627492617232	0.135236115880611	-0.143481429711166	0.596581269421598	0.78770384945784	0.774603765722302
Planctomycetes	0.337679529255779	0.538027059309206	0.535502506993997	-0.135192968076862	0.596581269421598	0.78770384945784	0.774603765722302
Proteobacteria	0.216689755903864	0.697100127781144	0.714725387246249	-0.179328036917365	0.596581269421598	0.837068266371546	0.830832017910108
Spirochaetes	0.246295303639038	0.417639422629994	0.417332241938397	-0.140037056076339	0.596581269421598	0.78770384945784	0.774603765722302
Synergistetes	0.0824333039047897	0.502226661141752	0.509494575440155	-0.333520733504966	0.596581269421598	0.78770384945784	0.774603765722302
Tenericutes	0.465378255023753	0.381885463472813	0.386207292599639	-0.123388900214156	0.60235730920336	0.78770384945784	0.774603765722302
Thaumarchaeota	0.309030437280631	0.402516343850185	0.404903662788216	-0.139532467381911	0.596581269421598	0.78770384945784	0.774603765722302
Thermodesulfobacteria	0.12236576032259	0.242704517258076	0.245301147912534	-0.20245572125452	0.596581269421598	0.78770384945784	0.774603765722302
Thermotogae	0.0786102756631321	0.30936053583072	0.307749622827291	-0.239173705964886	0.596581269421598	0.78770384945784	0.774603765722302
Verrucomicrobia	0.830029430447021	0.479440588675861	0.482892929825671	-0.095573371118094	0.848893735684453	0.78770384945784	0.774603765722302
candidate division Zixibacteria	0.372239135276409	0.884372312096395	0.886590305144956	-0.149573964089535	0.596581269421598	0.947541762960424	0.945995305299096
