p-variable	p-treatment	p-interaction	slope	adjusted.p-variable	adjusted.p-treatment	adjusted.p-interaction
Acidobacteria	0.609903734430925	0.892252476088074	0.992407601082	-0.0084911623624437	0.997395918405286	0.993016997315582	0.996128695203544
Actinobacteria	0.110871325674191	0.720536834737335	0.757700730647845	0.0407084808213101	0.997395918405286	0.993016997315582	0.996128695203544
Aquificae	0.642086423296737	0.458424585163295	0.463502670357583	-0.00731955089150598	0.997395918405286	0.993016997315582	0.996128695203544
Armatimonadetes	0.96028351070973	0.400903427224211	0.477750166316873	-0.0008617278033117	0.997395918405286	0.993016997315582	0.996128695203544
Ascomycota	0.480365940915502	0.367829290448897	0.312494381908968	-0.0100952298722101	0.997395918405286	0.993016997315582	0.996128695203544
Bacteroidetes	0.523671367362059	0.0954307953694665	0.144569456515362	-0.0168933399029003	0.997395918405286	0.993016997315582	0.996128695203544
Balneolaeota	0.7771469641306	0.752549853045526	0.792525851413208	0.00566402814899786	0.997395918405286	0.993016997315582	0.996128695203544
Basidiomycota	0.938459745720729	0.72670193586161	0.752329360308325	-0.00127370001302347	0.997395918405286	0.993016997315582	0.996128695203544
Calditrichaeota	0.997395918405286	0.404381229238664	0.410172639375741	5.68438620023986e-05	0.997395918405286	0.993016997315582	0.996128695203544
Candidatus Bipolaricaulota	0.962584174957774	0.975101698990451	0.979342098066064	-0.00114853975827399	0.997395918405286	0.993016997315582	0.996128695203544
Candidatus Cloacimonetes	0.595905418154212	0.563234032794787	0.596646109307825	-0.0113264152883863	0.997395918405286	0.993016997315582	0.996128695203544
Candidatus Gracilibacteria	0.348618026769778	0.526070774627009	0.563133242855839	-0.0244426494329945	0.997395918405286	0.993016997315582	0.996128695203544
Candidatus Saccharibacteria	0.631757368671285	0.977739218695333	0.971382186004017	0.00923147271825823	0.997395918405286	0.993016997315582	0.996128695203544
Chlamydiae	0.490997652966618	0.743191792151944	0.699636675908649	0.00986554810347024	0.997395918405286	0.993016997315582	0.996128695203544
Chlorobi	0.917262748393698	0.908416819046572	0.864527792164172	0.00158156504407739	0.997395918405286	0.993016997315582	0.996128695203544
Chloroflexi	0.927875918902383	0.861507511692825	0.927960594393028	-0.0015337631779581	0.997395918405286	0.993016997315582	0.996128695203544
Chrysiogenetes	0.921073979369837	0.717715525986638	0.729418652799252	0.0018509805861852	0.997395918405286	0.993016997315582	0.996128695203544
Coprothermobacterota	0.478122129834378	0.586755219604258	0.527734559819248	-0.0180347591831729	0.997395918405286	0.993016997315582	0.996128695203544
Crenarchaeota	0.171079998140591	0.144304168962819	0.121922582524963	-0.0195200857447977	0.997395918405286	0.993016997315582	0.996128695203544
Cyanobacteria	0.5532085887362	0.497297240407956	0.457713643379992	-0.0078557594966259	0.997395918405286	0.993016997315582	0.996128695203544
Deferribacteres	0.511129953244404	0.637357381081133	0.613379089827515	-0.00985041148853281	0.997395918405286	0.993016997315582	0.996128695203544
Deinococcus-Thermus	0.598667756738886	0.967070945390474	0.87396966365077	-0.0097768187440038	0.997395918405286	0.993016997315582	0.996128695203544
Dictyoglomi	0.324935121346748	0.318634336605824	0.369653630573937	-0.0193754197406012	0.997395918405286	0.993016997315582	0.996128695203544
Elusimicrobia	0.473782667532143	0.708167076953791	0.673930607226498	0.011181158396466	0.997395918405286	0.993016997315582	0.996128695203544
Euryarchaeota	0.98393637253768	0.682612178766366	0.788512331121415	0.000562541383784517	0.997395918405286	0.993016997315582	0.996128695203544
Fibrobacteres	0.117540366885231	0.993016997315582	0.811457142260206	-0.0293483723300112	0.997395918405286	0.993016997315582	0.996128695203544
Firmicutes	0.369467532483843	0.578208478018941	0.785851253961798	0.00774275224803959	0.997395918405286	0.993016997315582	0.996128695203544
Fusobacteria	0.810724615674335	0.262052112984828	0.383806766983136	-0.00435839450335232	0.997395918405286	0.993016997315582	0.996128695203544
Gemmatimonadetes	0.408508827427068	0.843247905364965	0.996128695203544	-0.0161381468483685	0.997395918405286	0.993016997315582	0.996128695203544
Ignavibacteriae	0.330926436225807	0.606492897067815	0.553585726051907	-0.0172197077478536	0.997395918405286	0.993016997315582	0.996128695203544
Kiritimatiellaeota	0.569666742905973	0.602350204990043	0.731896694213031	-0.0103229621794197	0.997395918405286	0.993016997315582	0.996128695203544
Lentisphaerae	0.204039024897926	0.391546407905135	0.29374315321072	-0.0355605589482837	0.997395918405286	0.993016997315582	0.996128695203544
Microsporidia	0.382148016814899	0.66331421520176	0.863529795681317	-0.0174579232952521	0.997395918405286	0.993016997315582	0.996128695203544
Negarnaviricota	0.721014119473507	0.153828763747323	0.212191692393903	-0.00797840604410686	0.997395918405286	0.993016997315582	0.996128695203544
Nitrospirae	0.773161582891071	0.91028495382448	0.982013934832141	-0.00424129836550128	0.997395918405286	0.993016997315582	0.996128695203544
Planctomycetes	0.831544224033163	0.956678869411035	0.979143798379765	-0.00337547281358913	0.997395918405286	0.993016997315582	0.996128695203544
Proteobacteria	0.53040434665806	0.733588570661238	0.624377795977923	-0.010046087869183	0.997395918405286	0.993016997315582	0.996128695203544
Spirochaetes	0.722852887338915	0.952482440973991	0.980168124932234	-0.00491697361813345	0.997395918405286	0.993016997315582	0.996128695203544
Synergistetes	0.643030983456009	0.731724200354264	0.722666668883124	-0.00923832940332785	0.997395918405286	0.993016997315582	0.996128695203544
Tenericutes	0.614740883622072	0.377654929154236	0.434528104115253	-0.00884214763163447	0.997395918405286	0.993016997315582	0.996128695203544
Thaumarchaeota	0.942083960432639	0.628140342698168	0.706411399914557	-0.00107152961715341	0.997395918405286	0.993016997315582	0.996128695203544
Thermodesulfobacteria	0.715173219374759	0.597002009748405	0.60014003136441	0.00567413029725677	0.997395918405286	0.993016997315582	0.996128695203544
Thermotogae	0.60820460900115	0.648693490022857	0.668385577944226	-0.00742213754728956	0.997395918405286	0.993016997315582	0.996128695203544
Verrucomicrobia	0.188642315396612	0.0807990238304697	0.103384754585589	-0.0581023112450119	0.997395918405286	0.993016997315582	0.996128695203544
candidate division Zixibacteria	0.837531911398945	0.681486915189097	0.73301219429583	-0.00412686714002137	0.997395918405286	0.993016997315582	0.996128695203544
