p-variable	p-treatment	p-interaction	slope	adjusted.p-variable	adjusted.p-treatment	adjusted.p-interaction
Acaryochloridaceae	0.216084161850434	0.222445647158888	0.233684445562222	-0.0403913325420089	0.529920682633206	0.975740438245732	0.955420394343076
Acetobacteraceae	0.125887602814517	0.343626368877986	0.285966068674589	-0.0414900837997096	0.489460683191139	0.975740438245732	0.955420394343076
Acholeplasmataceae	0.91356826533406	0.690951440331885	0.733503651685361	-0.00311925424996853	0.970077642571218	0.975740438245732	0.955420394343076
Acidaminococcaceae	0.00635716986123454	0.301543787606915	0.381809693264501	-0.197403453074758	0.432806702565622	0.975740438245732	0.955420394343076
Acidiferrobacteraceae	0.115937955613335	0.44626780137266	0.362622557696186	-0.0504746212334088	0.477664377126942	0.975740438245732	0.955420394343076
Acidilobaceae	0.734309325915	0.170007167971814	0.161045619516735	-0.0126882257325158	0.881040572050425	0.975740438245732	0.955420394343076
Acidimicrobiaceae	0.995450683806908	0.096699552803047	0.0964113103787632	0.00023331710536292	0.99658775967616	0.975740438245732	0.955420394343076
Acidithiobacillaceae	0.742236273745575	0.743296059688959	0.681231517628551	-0.00957089175042333	0.882798339443351	0.975740438245732	0.955420394343076
Acidobacteriaceae	0.111591390786844	0.972764431653402	0.874877051598388	-0.0447656226482161	0.473561347868779	0.985471112294249	0.961053324664646
Acidothermaceae	0.963936326176759	0.916337927161168	0.864192905710869	-0.00170101887743881	0.983024174219863	0.979934621119107	0.961053324664646
Actinomycetaceae	0.835525524425881	0.506113111531768	0.481749949916183	-0.009253571508659	0.932034354314863	0.975740438245732	0.955420394343076
Actinopolysporaceae	0.164429221493845	0.997386441339898	0.908801881770258	-0.0580421752516922	0.491164124746355	0.997386441339898	0.961053324664646
Aerococcaceae	0.891107498990922	0.660629663740496	0.687486295201348	-0.00295233665293165	0.963167302414731	0.975740438245732	0.955420394343076
Aeromonadaceae	0.232107857771489	0.576502490901911	0.490495779021715	-0.0343197242868889	0.543343394328713	0.975740438245732	0.955420394343076
Akkermansiaceae	0.0471412132265415	0.52964174960492	0.568283661128812	-0.162212235580258	0.473561347868779	0.975740438245732	0.955420394343076
Alcaligenaceae	0.148010124205124	0.8231962272278	0.706957043530307	-0.0404545201263553	0.490375505423378	0.975740438245732	0.955420394343076
Alcanivoracaceae	0.00580174519212595	0.155513717339982	0.094960385353241	-0.0816379118131232	0.432806702565622	0.975740438245732	0.955420394343076
Alicyclobacillaceae	0.205752330056463	0.714046465682503	0.613413784525696	-0.0345705956634408	0.519423774407248	0.975740438245732	0.955420394343076
Alteromonadaceae	0.382391210107051	0.522254261922396	0.474439302020326	-0.0193836895937925	0.663068933350611	0.975740438245732	0.955420394343076
Amoebophilaceae	0.337912388121372	0.635508315473666	0.742616919479268	0.0340829811174197	0.625428234312173	0.975740438245732	0.955420394343076
Anaerohalosphaeraceae	0.512551709168805	0.494563127796731	0.436663862820789	-0.0199552896120736	0.765113420933143	0.975740438245732	0.955420394343076
Anaerolineaceae	0.0540001690105767	0.922947939308385	0.778861420419886	-0.0562685504337906	0.473561347868779	0.980387136937378	0.955420394343076
Anaeromyxobacteraceae	0.22630254992526	0.503239875436573	0.426274702291537	-0.0451350236502477	0.539563950053283	0.975740438245732	0.955420394343076
Anaplasmataceae	0.526227409043259	0.132378224826189	0.144836226055107	-0.0173327196923125	0.770118865922736	0.975740438245732	0.955420394343076
Aphanizomenonaceae	0.489420220375301	0.692794456756661	0.69467106870414	-0.0187376523391418	0.750153016349048	0.975740438245732	0.955420394343076
Aphanothecaceae	0.634511219558327	0.283810417284383	0.291178818212147	-0.0124409830970804	0.835737284072989	0.975740438245732	0.955420394343076
Aquificaceae	0.653537573767626	0.588534222575422	0.587760294798147	-0.0130490040112763	0.851062210546763	0.975740438245732	0.955420394343076
Archaeoglobaceae	0.78849314150753	0.779992964112998	0.754193511134087	0.0073026467299373	0.905333773777004	0.975740438245732	0.955420394343076
Archangiaceae	0.104907568777317	0.689968974686905	0.583822677649169	-0.0540344448372965	0.473561347868779	0.975740438245732	0.955420394343076
Ardenticatenaceae	0.155072600223598	0.566245341610891	0.488436410184975	-0.0664983316374814	0.491164124746355	0.975740438245732	0.955420394343076
Aspergillaceae	0.0197885290697085	0.217771403582283	0.170686022739831	-0.0648931823695099	0.439973195526257	0.975740438245732	0.955420394343076
Atopobiaceae	0.773788560427405	0.830097771824523	0.776222409695705	0.0127989956707782	0.89955103525985	0.975740438245732	0.955420394343076
Aurantimonadaceae	0.054426663547289	0.714104252221587	0.584818953530329	-0.0652046734820986	0.473561347868779	0.975740438245732	0.955420394343076
Azonexaceae	0.791068346018741	0.633361968985762	0.559198816717392	-0.00782725596889929	0.905333773777004	0.975740438245732	0.955420394343076
Bacillaceae	0.92439856997986	0.438691636625247	0.433797962612489	-0.00216408133238694	0.970100151745222	0.975740438245732	0.955420394343076
Bacteriovoracaceae	0.664830286993982	0.844369920957965	0.795366296944948	-0.0139712586387607	0.862437274060203	0.975740438245732	0.955420394343076
Bacteroidaceae	0.123976354552647	0.845307143208893	0.819730489478298	-0.0847266487798093	0.489460683191139	0.975740438245732	0.959417046802682
Baekduiaceae	0.0222566146125916	0.565001312693352	0.431319544129415	-0.105013783073618	0.458486261019387	0.975740438245732	0.955420394343076
Barnesiellaceae	0.268005673385428	0.875368198767571	0.791959755986637	-0.0521802368252399	0.570342652039238	0.97707961087395	0.955420394343076
Bartonellaceae	0.988392919319496	0.475001173286068	0.495298412319127	-0.000358474813232878	0.994184284081134	0.975740438245732	0.955420394343076
Bdellovibrionaceae	0.302647466685962	0.512606893803463	0.463126746697417	-0.0257866205003903	0.598509800303983	0.975740438245732	0.955420394343076
Beijerinckiaceae	0.482436407836835	0.42239481510856	0.36231014451379	-0.0219960089106177	0.74346585818252	0.975740438245732	0.955420394343076
Bernardetiaceae	0.183205432968013	0.905125522419668	0.996464313254734	0.0515687352917656	0.500288221041107	0.979284966483464	0.998216542908332
Beutenbergiaceae	0.141181391611686	0.900051603150841	0.957430179685593	-0.0554126701626976	0.490375505423378	0.978973935530223	0.976389193144714
Bifidobacteriaceae	0.0161205023409201	0.547694570071593	0.444062942177984	0.187024837703658	0.43662705645865	0.975740438245732	0.955420394343076
Blattabacteriaceae	0.944549635154826	0.678888231346417	0.621977078575827	0.00218397548126649	0.971292123544015	0.975740438245732	0.955420394343076
Bogoriellaceae	0.131181454088531	0.47698210855295	0.395196375121574	-0.0634269253225317	0.489553977214444	0.975740438245732	0.955420394343076
Borreliaceae	0.238900809119746	0.917142693940601	0.95527476790802	-0.0381780492323263	0.554206831966978	0.979934621119107	0.976389193144714
Brachyspiraceae	0.56352416002701	0.682644873025443	0.718329062537954	-0.0172946154729549	0.788627560907364	0.975740438245732	0.955420394343076
Bradymonadaceae	0.0270572645842951	0.693351962253357	0.845935851161835	-0.0802059159518056	0.473561347868779	0.975740438245732	0.959417046802682
Bradyrhizobiaceae	0.111896968664458	0.719538076540194	0.614545683192292	-0.0488162570614853	0.473561347868779	0.975740438245732	0.955420394343076
Brevibacteriaceae	0.0829144336864647	0.580489994567636	0.482662226473402	-0.0512529227246261	0.473561347868779	0.975740438245732	0.955420394343076
Brucellaceae	0.245711502937185	0.561204611255293	0.485754323595563	-0.0318080351087537	0.562406328945112	0.975740438245732	0.955420394343076
Budviciaceae	0.154971502853875	0.409940299229609	0.539337787823328	-0.033445973629	0.491164124746355	0.975740438245732	0.955420394343076
Burkholderiaceae	0.159493378979212	0.629135483984548	0.524578567938468	-0.0402827825976637	0.491164124746355	0.975740438245732	0.955420394343076
Caldilineaceae	0.186018755901864	0.433726459111892	0.348765751216194	-0.0491447096431796	0.500288221041107	0.975740438245732	0.955420394343076
Caldisphaeraceae	0.359096158153785	0.783516497498263	0.703158920813874	0.0427830471321655	0.639011004551329	0.975740438245732	0.955420394343076
Calditrichaceae	0.188748721245097	0.601500700621741	0.565429044348333	-0.042334504081656	0.500288221041107	0.975740438245732	0.955420394343076
Calotrichaceae	0.795176728126657	0.398373121782786	0.382234412225085	-0.00637103834962272	0.908017771585873	0.975740438245732	0.955420394343076
Campylobacteraceae	0.600780264089379	0.846272955397611	0.878249211039337	0.0177025471599767	0.816363683393219	0.975740438245732	0.961053324664646
Candidatus Brocadiaceae	0.937164318703848	0.0790178210355072	0.0761121491888515	0.00235074071094486	0.971105883566362	0.975740438245732	0.955420394343076
Candidatus Deianiraeaceae	0.508348630374432	0.673676079019674	0.882096659476967	0.02295143614214	0.765089410177365	0.975740438245732	0.961053324664646
Candidatus Methanomethylophilaceae	0.0711378663803365	0.156726175475049	0.114442477024394	-0.0731252423456824	0.473561347868779	0.975740438245732	0.955420394343076
Candidatus Midichloriaceae	0.31414744342065	0.962991517814232	0.951002140194117	-0.037899663105528	0.610017234252736	0.985471112294249	0.976389193144714
Candidatus Nanopelagicaceae	0.309638961626557	0.777063621467151	0.732296088166437	-0.0301314627832601	0.606327244249722	0.975740438245732	0.955420394343076
Candidatus Paracaedibacteraceae	0.740700108150042	0.400365001712534	0.371331636309004	-0.012625629274151	0.882798339443351	0.975740438245732	0.955420394343076
Cardiobacteriaceae	0.0918641224427086	0.648206955668026	0.800035635246873	-0.0535709283526035	0.473561347868779	0.975740438245732	0.958182214307301
Carnobacteriaceae	0.883743354232842	0.201259513622692	0.232918777335418	0.00404616865838936	0.962215279978676	0.975740438245732	0.955420394343076
Casimicrobiaceae	0.0875269913913179	0.744928451784341	0.588623158742829	-0.0613256365457989	0.473561347868779	0.975740438245732	0.955420394343076
Catenulisporaceae	0.0250064967932094	0.273967299905847	0.183911019920681	-0.0953388861679975	0.473561347868779	0.975740438245732	0.955420394343076
Caulobacteraceae	0.0941935284803501	0.495870460165537	0.404877788894075	-0.0514121756425991	0.473561347868779	0.975740438245732	0.955420394343076
Cellulomonadaceae	0.13553428847132	0.680048175341287	0.592561668660695	-0.0555875395077934	0.490375505423378	0.975740438245732	0.955420394343076
Cellvibrionaceae	0.605574860021055	0.858296986280364	0.817068198907015	-0.0129561369615736	0.816397539469404	0.975740438245732	0.959417046802682
Chaetomiaceae	0.324213383057754	0.81484799556072	0.714554672450133	-0.0276919219348164	0.611964357772066	0.975740438245732	0.955420394343076
Chamaesiphonaceae	0.543455783390396	0.656932358992588	0.673048033208475	-0.0169768298561547	0.779609271437476	0.975740438245732	0.955420394343076
Chelatococcaceae	0.0342937227708812	0.419255652977248	0.327259274731111	-0.0803901078615352	0.473561347868779	0.975740438245732	0.955420394343076
Chitinophagaceae	0.901456853935124	0.634409643335312	0.662332902496954	0.00251703088085093	0.969207264669288	0.975740438245732	0.955420394343076
Chlamydiaceae	0.290654532651432	0.690537250215439	0.755832223250895	0.0315821424174127	0.58840281636384	0.975740438245732	0.955420394343076
Chlorobiaceae	0.21848844429189	0.578134578943622	0.507728644833052	-0.0327951871907994	0.530762022690204	0.975740438245732	0.955420394343076
Chloroflexaceae	0.166545572572866	0.761467947105554	0.831014065836157	-0.0458430431169365	0.491164124746355	0.975740438245732	0.959417046802682
Christensenellaceae	0.545277034474194	0.469119757970284	0.546058331005867	-0.0205268335478534	0.780049090983916	0.975740438245732	0.955420394343076
Chromatiaceae	0.259256644184044	0.661427590368713	0.596718529246563	-0.0313853685932887	0.568708858932695	0.975740438245732	0.955420394343076
Chromobacteriaceae	0.150445300692997	0.975903431592363	0.901441959408025	-0.044266906834471	0.490375505423378	0.985471112294249	0.961053324664646
Chroococcaceae	0.691370736587364	0.444420461729813	0.42764920959171	0.01144378963031	0.872686101329638	0.975740438245732	0.955420394343076
Chroococcidiopsidaceae	0.590275499033685	0.7724529758078	0.812648545574893	-0.0178092809941201	0.806344514595088	0.975740438245732	0.959417046802682
Chrysiogenaceae	0.415859433126685	0.326273364699196	0.280223351184888	-0.0263930737085645	0.691121561879366	0.975740438245732	0.955420394343076
Chthonomonadaceae	0.368028495375818	0.460046444344287	0.409338524095531	-0.0306977004769399	0.644312114594067	0.975740438245732	0.955420394343076
Clavicipitaceae	0.285465524108921	0.460426573282679	0.402052552789987	-0.0319575836088637	0.585716115203564	0.975740438245732	0.955420394343076
Clostridiaceae	0.70500788975316	0.527029426630985	0.575684402185455	0.00907379495549432	0.881040572050425	0.975740438245732	0.955420394343076
Clostridiales Family XIII. Incertae Sedis	0.969104483533623	0.895283244674572	0.905741525145407	0.00107624100065055	0.986341519802007	0.978973935530223	0.961053324664646
Clostridiales Family XVI. Incertae Sedis	0.464649309490827	0.20627254634612	0.187564495852796	-0.0211324684927411	0.725134528447805	0.975740438245732	0.955420394343076
Clostridiales Family XVII. Incertae Sedis	0.0134439846653583	0.314932050862316	0.224715072884475	-0.0901944374478602	0.432806702565622	0.975740438245732	0.955420394343076
Cohaesibacteraceae	0.193761905872505	0.480451341510839	0.425739247183064	-0.0454630646361611	0.502563190025576	0.975740438245732	0.955420394343076
Coleofasciculaceae	0.0295886489561722	0.971336480037155	0.842866328668564	-0.0819038356996893	0.473561347868779	0.985471112294249	0.959417046802682
Colwelliaceae	0.701302341587664	0.387187500376583	0.398730122371489	-0.00948684005562225	0.881040572050425	0.975740438245732	0.955420394343076
Comamonadaceae	0.0490934939665905	0.64753563726686	0.538417241018143	-0.0635822570425905	0.473561347868779	0.975740438245732	0.955420394343076
Conexibacteraceae	0.113837717462478	0.813636210492704	0.95265653007795	-0.0639808874014355	0.473561347868779	0.975740438245732	0.976389193144714
Coprothermobacteraceae	0.0904758311127671	0.394891264573743	0.335980110467575	-0.0727895224032249	0.473561347868779	0.975740438245732	0.955420394343076
Coriobacteriaceae	0.715530906026391	0.870400573346489	0.862775162126292	-0.0229392679496445	0.881040572050425	0.97707961087395	0.961053324664646
Corynebacteriaceae	0.254222230553038	0.778140758417304	0.685874872740974	-0.0327455997174414	0.566899031076385	0.975740438245732	0.955420394343076
Coxiellaceae	0.752098139509979	0.331043470800864	0.327162573950937	-0.00885622731103205	0.88802351702418	0.975740438245732	0.955420394343076
Crocinitomicaceae	0.553216921488515	0.130283735349689	0.128252450753421	-0.0229832992388911	0.781537355790221	0.975740438245732	0.955420394343076
Cryomorphaceae	0.823455934938663	0.786142198667812	0.717712918101182	0.00793883162637094	0.925938442125352	0.975740438245732	0.955420394343076
Cryptococcaceae	0.735626108702297	0.787786652722186	0.779240698666298	-0.0100815508600182	0.881040572050425	0.975740438245732	0.955420394343076
Cuniculiplasmataceae	0.874898327541126	0.0782848391524618	0.0908961915873575	0.00594677935140671	0.954603048058644	0.975740438245732	0.955420394343076
Cyanobacteriaceae	0.80762476396446	0.0670209909553573	0.0707680069507954	0.00850881499986648	0.914124732838894	0.975740438245732	0.955420394343076
Cyanothecaceae	0.0369476389810955	0.605650050576069	0.49640310853469	-0.0627059616399801	0.473561347868779	0.975740438245732	0.955420394343076
Cyclobacteriaceae	0.319065120256044	0.831808196218561	0.846182902000355	-0.0196635384755307	0.610017234252736	0.975740438245732	0.959417046802682
Cytophagaceae	0.219546531892437	0.386017249820631	0.374652639021557	-0.026264351643157	0.5308284691296	0.975740438245732	0.955420394343076
Debaryomycetaceae	0.4196700584095	0.368730045658088	0.441559825747359	0.0264822251696188	0.69354315679663	0.975740438245732	0.955420394343076
Deferribacteraceae	0.272758776266089	0.415596935998823	0.382064313366898	-0.0297637479148247	0.57557306883226	0.975740438245732	0.955420394343076
Dehalococcoidaceae	0.262419062998117	0.66632685335388	0.583034284626992	-0.0354840154837853	0.568708858932695	0.975740438245732	0.955420394343076
Deinococcaceae	0.0514383691931272	0.420922142235824	0.328111977341759	-0.0638773368680247	0.473561347868779	0.975740438245732	0.955420394343076
Dermabacteraceae	0.184226208727998	0.645269592132432	0.550791622952396	-0.042230762591577	0.500288221041107	0.975740438245732	0.955420394343076
Dermacoccaceae	0.0872444708465657	0.593675605312932	0.501068632887088	-0.0652040351805623	0.473561347868779	0.975740438245732	0.955420394343076
Dermatophilaceae	0.978608743932345	0.401074077142994	0.362445447101742	-0.000733404582672685	0.987958567791209	0.975740438245732	0.955420394343076
Dermocarpellaceae	0.330385013133405	0.141288801568039	0.168539697183655	0.0300257322862842	0.618721024595285	0.975740438245732	0.955420394343076
Desulfarculaceae	0.172142918175772	0.720641412610036	0.627028678449881	-0.0528349258058453	0.498053948654622	0.975740438245732	0.955420394343076
Desulfobacteraceae	0.144765508995353	0.616950532442125	0.518460804926846	-0.0401788547086819	0.490375505423378	0.975740438245732	0.955420394343076
Desulfobulbaceae	0.407353560727782	0.310413834442159	0.284620111919294	-0.0226677118347177	0.691121561879366	0.975740438245732	0.955420394343076
Desulfohalobiaceae	0.0196743456886976	0.311374906996534	0.214126214837009	-0.084491544725121	0.439973195526257	0.975740438245732	0.955420394343076
Desulfomicrobiaceae	0.113943407535767	0.458327154916373	0.406207427123898	-0.0492960576788508	0.473561347868779	0.975740438245732	0.955420394343076
Desulfovibrionaceae	0.344026005845725	0.852152790218913	0.795874464413941	-0.0442675497496223	0.630371188372861	0.975740438245732	0.955420394343076
Desulfurellaceae	0.403627844019663	0.73356668671846	0.731933491361353	0.0277190146626524	0.688305760497107	0.975740438245732	0.955420394343076
Desulfurobacteriaceae	0.364292711178189	0.382386401619037	0.351746184781788	-0.0275984869343391	0.642890937258908	0.975740438245732	0.955420394343076
Desulfurococcaceae	0.342608445368886	0.162588464926472	0.157320890065438	-0.0285182094283383	0.630154819160629	0.975740438245732	0.955420394343076
Desulfuromonadaceae	0.183276681052398	0.780451356089683	0.696814378722894	-0.0398280569148774	0.500288221041107	0.975740438245732	0.955420394343076
Dictyoglomaceae	0.730734878529856	0.563798067571217	0.612160591370977	-0.0115695797980225	0.881040572050425	0.975740438245732	0.955420394343076
Dietziaceae	0.413931821456702	0.87021120465391	0.819131101017945	-0.0291510997488735	0.691121561879366	0.97707961087395	0.959417046802682
Dipodascaceae	0.93059733427885	0.485439290379589	0.452659841944739	-0.00268339092022569	0.970100151745222	0.975740438245732	0.955420394343076
Dysgonamonadaceae	0.229916951667981	0.428460558170278	0.570955968360486	0.0424541037939668	0.540672283602786	0.975740438245732	0.955420394343076
Ectothiorhodospiraceae	0.0761864791439252	0.646573711948085	0.520826262443616	-0.057242513992663	0.473561347868779	0.975740438245732	0.955420394343076
Eggerthellaceae	0.262936731193546	0.427139191541448	0.50165836794693	-0.0670198300529245	0.568708858932695	0.975740438245732	0.955420394343076
Egibacteraceae	0.139281527473396	0.624398404347524	0.721150948719262	-0.0555821846894011	0.490375505423378	0.975740438245732	0.955420394343076
Egicoccaceae	0.0578520360138307	0.588803767511958	0.467943757844353	-0.0816343169505397	0.473561347868779	0.975740438245732	0.955420394343076
Elusimicrobiaceae	0.871298476745728	0.528334275444326	0.535583674690154	-0.00551845678374009	0.952693663533014	0.975740438245732	0.955420394343076
Emcibacteraceae	0.114022538127628	0.903598124701684	0.802123871325007	-0.0532757065058496	0.473561347868779	0.979284966483464	0.958454277801343
Endomicrobiaceae	0.644918178055544	0.766458363808929	0.776096729532335	-0.0140564469811422	0.845121785492635	0.975740438245732	0.955420394343076
Endozoicomonadaceae	0.843369945885135	0.5915324374384	0.557498572347089	-0.00624431281759362	0.934054886302892	0.975740438245732	0.955420394343076
Enterobacteriaceae	0.733819567610742	0.77142540882933	0.907985038210308	-0.0159255498114275	0.881040572050425	0.975740438245732	0.961053324664646
Enterococcaceae	0.184661288777604	0.443763693069388	0.584202979523556	0.0450888395688362	0.500288221041107	0.975740438245732	0.955420394343076
Entomoplasmataceae	0.510336588100558	0.705587429186887	0.781114047800418	0.0245242893611236	0.765089410177365	0.975740438245732	0.955420394343076
Erwiniaceae	0.35602820431364	0.447052432940951	0.406241105589837	-0.0206181655538284	0.639011004551329	0.975740438245732	0.955420394343076
Erysipelotrichaceae	0.837926031160741	0.0651973810594877	0.0645924002886886	-0.00619655304743247	0.932034354314863	0.975740438245732	0.955420394343076
Erythrobacteraceae	0.225532092231341	0.614379681551827	0.539372287953095	-0.0386456753636446	0.539563950053283	0.975740438245732	0.955420394343076
Eubacteriaceae	0.99658775967616	0.963529410427206	0.903677125260721	-0.000154613895564436	0.99658775967616	0.985471112294249	0.961053324664646
Euzebyaceae	0.0464397385848533	0.56500352259081	0.488454291841447	-0.0853098095739824	0.473561347868779	0.975740438245732	0.955420394343076
Ferrimonadaceae	0.242704917766197	0.797042964426005	0.851812319225121	-0.0345580513925926	0.560506872868124	0.975740438245732	0.961053324664646
Ferroplasmaceae	0.827978090103475	0.928767108743808	0.92303122228212	-0.00880384268812377	0.928995024843769	0.98320778295576	0.970124651990391
Fervidobacteriaceae	0.291345083830639	0.821930249740309	0.874317098526493	0.030407889515864	0.58840281636384	0.975740438245732	0.961053324664646
Fibrobacteraceae	0.0298584270564972	0.498757257111691	0.387730732001273	-0.0672973848157611	0.473561347868779	0.975740438245732	0.955420394343076
Fimbriimonadaceae	0.251843604948808	0.808846261632667	0.663063954481926	-0.0440402242742786	0.566899031076385	0.975740438245732	0.955420394343076
Flammeovirgaceae	0.732656277402104	0.795814213531233	0.898290232322618	-0.00787717690937994	0.881040572050425	0.975740438245732	0.961053324664646
Flavobacteriaceae	0.941736534266097	0.500543849142043	0.558259448002046	0.00155564518630337	0.971292123544015	0.975740438245732	0.955420394343076
Francisellaceae	0.892594540436504	0.824548990787944	0.837938401885922	-0.00392444309336854	0.963167302414731	0.975740438245732	0.959417046802682
Frankiaceae	0.357503848492269	0.537640619778851	0.482156879657498	-0.0315086711159125	0.639011004551329	0.975740438245732	0.955420394343076
Fusobacteriaceae	0.102462415415745	0.540786575237003	0.747626181213785	0.0560561768873765	0.473561347868779	0.975740438245732	0.955420394343076
Gallionellaceae	0.176920028924151	0.679119709443518	0.594524975509484	-0.0369297439964779	0.500288221041107	0.975740438245732	0.955420394343076
Gemmataceae	0.105157504002412	0.731617636254894	0.639893130829039	-0.0548429662756943	0.473561347868779	0.975740438245732	0.955420394343076
Gemmatimonadaceae	0.0629881044077026	0.661017762933017	0.531464545665359	-0.0634151025282751	0.473561347868779	0.975740438245732	0.955420394343076
Geobacteraceae	0.221178634418218	0.686621187864146	0.588668543227644	-0.0371290664841567	0.532275685632626	0.975740438245732	0.955420394343076
Geodermatophilaceae	0.171333142426394	0.674895422675595	0.554169445375841	-0.0597241014174763	0.498053948654622	0.975740438245732	0.955420394343076
Gloeobacteraceae	0.104020269623342	0.73122245609295	0.635302362481289	-0.0551914551149415	0.473561347868779	0.975740438245732	0.955420394343076
Gloeomargaritaceae	0.187152298935254	0.555169197300814	0.624163993166114	-0.0455116276244546	0.500288221041107	0.975740438245732	0.955420394343076
Glomerellaceae	0.0327793145014903	0.794311896713459	0.669177571096461	-0.0720463682197948	0.473561347868779	0.975740438245732	0.955420394343076
Glycomycetaceae	0.00339733448556161	0.384103884283296	0.273197039503027	-0.120991357060657	0.432806702565622	0.975740438245732	0.955420394343076
Gomontiellaceae	0.60637206763767	0.232285488601128	0.271013584156684	-0.0161254182303106	0.816397539469404	0.975740438245732	0.955420394343076
Gordoniaceae	0.0661632036527407	0.579164769740796	0.449322134082712	-0.0604476623189589	0.473561347868779	0.975740438245732	0.955420394343076
Gottschalkiaceae	0.790480281828268	0.680995785712526	0.750095960722024	-0.00892978508087231	0.905333773777004	0.975740438245732	0.955420394343076
Granulosicoccaceae	0.517673225014766	0.855850350571805	0.828930546726902	0.0176309708022527	0.766096870352312	0.975740438245732	0.959417046802682
Hafniaceae	0.305884559223371	0.781670819178886	0.78554211290317	-0.0321501304741639	0.601261633587925	0.975740438245732	0.955420394343076
Hahellaceae	0.0788648116325091	0.684617872860476	0.55520754233472	-0.0465352289132285	0.473561347868779	0.975740438245732	0.955420394343076
Halanaerobiaceae	0.384037335725844	0.431641250944902	0.41995590734208	-0.025133423021975	0.663688684224193	0.975740438245732	0.955420394343076
Halieaceae	0.60701896619625	0.59327628174234	0.572798977260801	-0.0136836566519069	0.816397539469404	0.975740438245732	0.955420394343076
Haliscomenobacteraceae	0.31559715527624	0.881066489673817	0.829313524760108	-0.0359882673191046	0.610017234252736	0.97707961087395	0.959417046802682
Haloarculaceae	0.0200497878583376	0.974285006476322	0.758879348830118	-0.0738207672352831	0.439973195526257	0.985471112294249	0.955420394343076
Halobacteriaceae	0.0301024696225271	0.30370104367874	0.234560933022394	-0.0822626004696342	0.473561347868779	0.975740438245732	0.955420394343076
Halobacteriovoraceae	0.980285103187006	0.339193790393175	0.37049510302149	-0.000819596250757141	0.987958567791209	0.975740438245732	0.955420394343076
Halobacteroidaceae	0.508426747617654	0.398031165582269	0.471816953605756	0.0190538749943641	0.765089410177365	0.975740438245732	0.955420394343076
Haloferacaceae	0.532354012171833	0.533016872362878	0.477632087406266	-0.0193156902394559	0.770118865922736	0.975740438245732	0.955420394343076
Halomonadaceae	0.159599339021544	0.512082463674191	0.439888000188002	-0.040103134083679	0.491164124746355	0.975740438245732	0.955420394343076
Halorubraceae	0.0620072832536719	0.910205995684249	0.945849523751099	-0.0708406764133877	0.473561347868779	0.979934621119107	0.976389193144714
Halothiobacillaceae	0.1941943200293	0.479888377144378	0.52347969287992	-0.0436976289964086	0.502563190025576	0.975740438245732	0.955420394343076
Hapalosiphonaceae	0.583987821880526	0.354160265995333	0.431197607305103	-0.0163525334600886	0.804154353659013	0.975740438245732	0.955420394343076
Helicobacteraceae	0.525399676616662	0.303740332890307	0.291925314474771	-0.0152033531823344	0.770118865922736	0.975740438245732	0.955420394343076
Heliobacteriaceae	0.147678301423129	0.146464996805486	0.11270136933567	-0.0462535051940379	0.490375505423378	0.975740438245732	0.955420394343076
Holosporaceae	0.111098983493393	0.936852078471011	0.921300546243689	-0.0484330695652529	0.473561347868779	0.98320778295576	0.970124651990391
Hungateiclostridiaceae	0.483613713575037	0.502822849042326	0.472459246955736	-0.0177867348284166	0.74346585818252	0.975740438245732	0.955420394343076
Hydrogenophilaceae	0.952117232593387	0.338267520505019	0.405182704874123	-0.00216474225528123	0.974831759017086	0.975740438245732	0.955420394343076
Hydrogenothermaceae	0.755568781919508	0.70202575721113	0.707071079969449	-0.00903687787243029	0.88802351702418	0.975740438245732	0.955420394343076
Hyellaceae	0.18382601516828	0.6513562373857	0.738535700391383	-0.0481823729192294	0.500288221041107	0.975740438245732	0.955420394343076
Hymenobacteraceae	0.0947264550537482	0.872390967592006	0.772173692721907	-0.0458975268625291	0.473561347868779	0.97707961087395	0.955420394343076
Hyphomicrobiaceae	0.13906692540233	0.562863025360629	0.463852859074015	-0.0440672094969807	0.490375505423378	0.975740438245732	0.955420394343076
Hyphomonadaceae	0.110860612976902	0.914522530459103	0.951471476703894	-0.0444142179087874	0.473561347868779	0.979934621119107	0.976389193144714
Iamiaceae	0.0701819698459032	0.70790351089554	0.59651466873346	-0.0685337591376729	0.473561347868779	0.975740438245732	0.955420394343076
Ichthyobacteriaceae	0.471310630744793	0.203065213954651	0.235506656174959	-0.0295799298116579	0.731099321787856	0.975740438245732	0.955420394343076
Idiomarinaceae	0.628182831121176	0.282626263962353	0.284310669462226	-0.0115222415132121	0.833799376359293	0.975740438245732	0.955420394343076
Ignavibacteriaceae	0.190400954027295	0.184853597816647	0.158556881875497	-0.047661060356639	0.500288221041107	0.975740438245732	0.955420394343076
Ilumatobacteraceae	0.101172727014026	0.481722872725525	0.371148011927721	-0.06881925282436	0.473561347868779	0.975740438245732	0.955420394343076
Immundisolibacteraceae	0.121216658047658	0.896275999242826	0.757409780341421	-0.0630142851910058	0.489460683191139	0.978973935530223	0.955420394343076
Intrasporangiaceae	0.159074798410535	0.545750525883866	0.439074175006038	-0.0504230769325388	0.491164124746355	0.975740438245732	0.955420394343076
Isosphaeraceae	0.0795198005464969	0.983541902678639	0.883658968880703	-0.0625592982814466	0.473561347868779	0.987376374034111	0.961053324664646
Jiangellaceae	0.0659384622832822	0.497211120548414	0.384901809389489	-0.0714460879500426	0.473561347868779	0.975740438245732	0.955420394343076
Jonesiaceae	0.135621049574214	0.146479121600433	0.141887840099998	-0.0549587410823651	0.490375505423378	0.975740438245732	0.955420394343076
Kangiellaceae	0.314914996712123	0.16915163772555	0.186128702340545	-0.0288039782041019	0.610017234252736	0.975740438245732	0.955420394343076
Kineosporiaceae	0.264535129729275	0.78369113717605	0.654424251744425	-0.0465547315081866	0.568708858932695	0.975740438245732	0.955420394343076
Kiritimatiellaceae	0.0124099015654847	0.83477305731089	0.663803902404297	-0.0915615380170951	0.432806702565622	0.975740438245732	0.955420394343076
Kofleriaceae	0.51417286866518	0.891948311707571	0.947157030919457	-0.0242662214232448	0.7653151079843	0.978973935530223	0.976389193144714
Kosmotogaceae	0.208028019165609	0.280639190888089	0.322597575342338	-0.0328588529418896	0.5202749844122	0.975740438245732	0.955420394343076
Ktedonosporobacteraceae	0.124142780276204	0.42465236767218	0.341106538093788	-0.055047570632919	0.489460683191139	0.975740438245732	0.955420394343076
Labilitrichaceae	0.674896016370448	0.474188512105341	0.485777438040342	-0.0140432799113512	0.868928621076952	0.975740438245732	0.955420394343076
Lachnospiraceae	0.0596615513951319	0.87765736959927	0.865488298254361	0.0449999318291499	0.473561347868779	0.97707961087395	0.961053324664646
Lacipirellulaceae	0.0878257766850354	0.814154206291788	0.732246437759912	-0.0552655138535364	0.473561347868779	0.975740438245732	0.955420394343076
Lactobacillaceae	0.129193519994101	0.269804241428867	0.332465967704482	0.0580193340568588	0.489460683191139	0.975740438245732	0.955420394343076
Legionellaceae	0.862795203780679	0.509650327190875	0.532396951052807	0.00443867068493384	0.949435614422761	0.975740438245732	0.955420394343076
Leptolyngbyaceae	0.731960003118822	0.57479130107768	0.613165617028482	-0.00833639560417599	0.881040572050425	0.975740438245732	0.955420394343076
Leptospiraceae	0.847134250887841	0.293780998471891	0.32251774488624	-0.00457453951093425	0.936210599157164	0.975740438245732	0.955420394343076
Leptotrichiaceae	0.9202147882255	0.536684272638511	0.569372011910061	0.00288221195059194	0.970100151745222	0.975740438245732	0.955420394343076
Leuconostocaceae	0.359831439456088	0.201838213542216	0.236452450458423	0.0386953327156358	0.639011004551329	0.975740438245732	0.955420394343076
Lichenihabitantaceae	0.423351302800015	0.879610475851714	0.905210056546883	-0.0308548650348124	0.69354315679663	0.97707961087395	0.961053324664646
Limnochordaceae	0.2618163044311	0.311890892362294	0.263251396277779	-0.0385896610399687	0.568708858932695	0.975740438245732	0.955420394343076
Listeriaceae	0.689772249118142	0.585153496242685	0.612005946760441	0.01039345488866	0.872686101329638	0.975740438245732	0.955420394343076
Litoricolaceae	0.940259991466779	0.633033530215586	0.684204766546286	-0.00312202579128215	0.971292123544015	0.975740438245732	0.955420394343076
Magnetococcaceae	0.414130419016489	0.410846779736782	0.430949827851106	0.0293248169928328	0.691121561879366	0.975740438245732	0.955420394343076
Malasseziaceae	0.279453055665209	0.756124525913629	0.73659062657981	-0.044653380127048	0.585033836047083	0.975740438245732	0.955420394343076
Marinifilaceae	0.630415700732356	0.307256962548354	0.330099588589539	-0.0139775616061009	0.834612045956718	0.975740438245732	0.955420394343076
Marinilabiliaceae	0.915959994726875	0.712508129401781	0.774006261581016	0.00335181119458417	0.970100151745222	0.975740438245732	0.955420394343076
Mariprofundaceae	0.863664165574682	0.592488697484872	0.66627642757901	0.00598859351690093	0.949435614422761	0.975740438245732	0.955420394343076
Melioribacteraceae	0.571357732092764	0.901036204740438	0.860383776815335	-0.0170272165184538	0.793124614630117	0.978973935530223	0.961053324664646
Merismopediaceae	0.0921295602445138	0.0368791682646801	0.028822037739078	-0.0516533665626075	0.473561347868779	0.975740438245732	0.955420394343076
Mesoaciditogaceae	0.526689263556149	0.714174464164307	0.740773481133944	0.0205004929758625	0.770118865922736	0.975740438245732	0.955420394343076
Methanobacteriaceae	0.800103468664305	0.324395367323108	0.365532570411918	-0.0150576486576516	0.911622314960436	0.975740438245732	0.955420394343076
Methanocaldococcaceae	0.836682386490706	0.395925735843856	0.430311587023413	-0.00679230627400398	0.932034354314863	0.975740438245732	0.955420394343076
Methanocellaceae	0.778407549651459	0.838967622687574	0.783873518772271	-0.0104489901276217	0.900910261104342	0.975740438245732	0.955420394343076
Methanococcaceae	0.752053681274222	0.381822981054686	0.409442553495094	-0.00911829641717579	0.88802351702418	0.975740438245732	0.955420394343076
Methanocorpusculaceae	0.285094609574355	0.254536120356598	0.253392464619417	-0.0320257590842226	0.585716115203564	0.975740438245732	0.955420394343076
Methanomassiliicoccaceae	0.831604990642033	0.544954960413505	0.543498529268329	-0.00742342424059226	0.931036022131841	0.975740438245732	0.955420394343076
Methanomicrobiaceae	0.893968874862605	0.65367760890518	0.57949180335381	-0.00397363639439267	0.963167302414731	0.975740438245732	0.955420394343076
Methanopyraceae	0.732084502915428	0.202425263612623	0.256011993247533	-0.0156183412612555	0.881040572050425	0.975740438245732	0.955420394343076
Methanoregulaceae	0.235201533213987	0.521498855335261	0.491410132197197	-0.0307458546122946	0.54809407061178	0.975740438245732	0.955420394343076
Methanosarcinaceae	0.717464782315266	0.160369624294383	0.170162172589738	-0.00865728141899376	0.881040572050425	0.975740438245732	0.955420394343076
Methanospirillaceae	0.457930751784282	0.117289217841596	0.11996839656457	0.0241752896457423	0.721205924063931	0.975740438245732	0.955420394343076
Methanothermaceae	0.0612917656898892	0.5118296197879	0.531397781014593	-0.076003881488994	0.473561347868779	0.975740438245732	0.955420394343076
Methanotrichaceae	0.0116556839124223	0.73463084723818	0.576469855058262	-0.0883734990521065	0.432806702565622	0.975740438245732	0.955420394343076
Methylacidiphilaceae	0.107996510701755	0.357072406835517	0.282228499058466	-0.0569737905174076	0.473561347868779	0.975740438245732	0.955420394343076
Methylobacteriaceae	0.126581250215227	0.664616504947336	0.56220390592522	-0.0529775179590554	0.489460683191139	0.975740438245732	0.955420394343076
Methylococcaceae	0.369071987971359	0.815197420865155	0.732885224659377	-0.0225723174448035	0.644312114594067	0.975740438245732	0.955420394343076
Methylocystaceae	0.272218531361765	0.314767508869642	0.259270165993097	-0.0323180516866726	0.57557306883226	0.975740438245732	0.955420394343076
Methylophilaceae	0.731183539941112	0.970947684556757	0.961621859265394	-0.00834060349032328	0.881040572050425	0.985471112294249	0.976544337316825
Microbacteriaceae	0.193043217406906	0.579415757915054	0.494400121968166	-0.0425645129265272	0.502563190025576	0.975740438245732	0.955420394343076
Microbulbiferaceae	0.149640698229414	0.857528576939941	0.780454037516177	-0.0345750144560051	0.490375505423378	0.975740438245732	0.955420394343076
Micrococcaceae	0.413569922792613	0.196597491518817	0.18351556840695	-0.0261852259252627	0.691121561879366	0.975740438245732	0.955420394343076
Microcoleaceae	0.0920147554253795	0.228473816216149	0.189943636090463	-0.0395189056981974	0.473561347868779	0.975740438245732	0.955420394343076
Microcystaceae	0.886183520360094	0.790075483463739	0.743034399471069	0.00424696670268086	0.962836525285756	0.975740438245732	0.955420394343076
Micromonosporaceae	0.100467431141458	0.610491019555561	0.504403372582384	-0.0570712979915782	0.473561347868779	0.975740438245732	0.955420394343076
Moraxellaceae	0.445867728127892	0.219728399698306	0.20798541436299	-0.0164521336219456	0.708470932128714	0.975740438245732	0.955420394343076
Morganellaceae	0.727753784612027	0.454268182961791	0.507821177660353	-0.00898655507345211	0.881040572050425	0.975740438245732	0.955420394343076
Moritellaceae	0.515887152403348	0.806078188758846	0.835132082415002	0.0199894122421932	0.765653842904104	0.975740438245732	0.959417046802682
Muribaculaceae	0.393492000701431	0.64089706435186	0.684821817929443	-0.0255055207747611	0.677753780472365	0.975740438245732	0.955420394343076
Mycobacteriaceae	0.125276430535503	0.740094782054909	0.623098394794054	-0.0467698462656812	0.489460683191139	0.975740438245732	0.955420394343076
Mycoplasmataceae	0.912725640834996	0.264220153830079	0.28456717761498	-0.00315787031299623	0.970077642571218	0.975740438245732	0.955420394343076
Mycosphaerellaceae	0.329135269207637	0.421188727762941	0.491309023890771	-0.0260736000718109	0.618630159277127	0.975740438245732	0.955420394343076
Myxococcaceae	0.0854230851187722	0.343089000996835	0.267175453096306	-0.0596183988075265	0.473561347868779	0.975740438245732	0.955420394343076
Nakamurellaceae	0.245231274927057	0.514917201598593	0.394257627168745	-0.036304318736886	0.562406328945112	0.975740438245732	0.955420394343076
Natranaerobiaceae	0.67367804278114	0.119075137286541	0.140347227106495	0.0126689916961856	0.868928621076952	0.975740438245732	0.955420394343076
Natrialbaceae	0.0654164343781259	0.717383159951589	0.580782427457464	-0.0579327420250331	0.473561347868779	0.975740438245732	0.955420394343076
Nautiliaceae	0.54970616565864	0.315782718532904	0.328935567163342	-0.0177470268562712	0.781537355790221	0.975740438245732	0.955420394343076
Nectriaceae	0.711493958822057	0.332842211670805	0.336159090188327	-0.00834487727095751	0.881040572050425	0.975740438245732	0.955420394343076
Neisseriaceae	0.158021996744934	0.26290448897325	0.233756721202288	-0.0354375892706114	0.491164124746355	0.975740438245732	0.955420394343076
Nitrosomonadaceae	0.563400224048655	0.792554118249047	0.768086733937725	-0.0142543348088451	0.788627560907364	0.975740438245732	0.955420394343076
Nitrosopumilaceae	0.282402737368554	0.854982393012542	0.918799301527062	0.0339166059351192	0.585716115203564	0.975740438245732	0.969634508783682
Nitrososphaeraceae	0.996287210446254	0.888959942509541	0.906769185571199	-0.000133920920939446	0.99658775967616	0.978973935530223	0.961053324664646
Nitrospiraceae	0.439913419794113	0.306386651528972	0.275259588995996	-0.0196146633802942	0.70358823352164	0.975740438245732	0.955420394343076
Nocardiaceae	0.0994006694721263	0.694919314441946	0.576093600715021	-0.0507815228837375	0.473561347868779	0.975740438245732	0.955420394343076
Nocardioidaceae	0.10351541971423	0.539496347532489	0.446251708503092	-0.0582424704554549	0.473561347868779	0.975740438245732	0.955420394343076
Nocardiopsaceae	0.109959237862114	0.448245765222736	0.367708052759752	-0.0561382591544096	0.473561347868779	0.975740438245732	0.955420394343076
Nostocaceae	0.570196581128484	0.779553662351434	0.782153624032804	-0.0136700108449802	0.793124614630117	0.975740438245732	0.955420394343076
Oceanospirillaceae	0.53152216802351	0.882217512730848	0.835981698843382	-0.0144705775062927	0.770118865922736	0.97707961087395	0.959417046802682
Odoribacteraceae	0.228784231688681	0.968030601449116	0.967063324333167	-0.057481086072509	0.540476510640692	0.985471112294249	0.976544337316825
Oleiphilaceae	0.778456439206665	0.500327246813683	0.463891798345142	0.0102827283972737	0.900910261104342	0.975740438245732	0.955420394343076
Opitutaceae	0.0873134176093982	0.921827614481903	0.957317449956211	-0.0585908502312257	0.473561347868779	0.980387136937378	0.976389193144714
Orbaceae	0.911564092267261	0.187038439090765	0.20964166400733	0.00325095047142695	0.970077642571218	0.975740438245732	0.955420394343076
Oscillatoriaceae	0.709414694111356	0.664381197032322	0.677486155510595	-0.0102488632983078	0.881040572050425	0.975740438245732	0.955420394343076
Oscillospiraceae	0.047001580614664	0.688079142149861	0.807889145518742	-0.0663190354441434	0.473561347868779	0.975740438245732	0.958670299405881
Oxalobacteraceae	0.0774168528009349	0.68296054484289	0.560276144562393	-0.0525981131996482	0.473561347868779	0.975740438245732	0.955420394343076
Paenibacillaceae	0.475300373281722	0.658099864599594	0.573402353600208	-0.0165835483797319	0.735074150871132	0.975740438245732	0.955420394343076
Paludibacteraceae	0.334024642063704	0.606869490288517	0.753601610830925	0.0313006412525708	0.622789217990307	0.975740438245732	0.955420394343076
Parachlamydiaceae	0.724887553110544	0.881504621933146	0.933759470178732	-0.0102979157280048	0.881040572050425	0.97707961087395	0.973886843697424
Parvularculaceae	0.0127154737392029	0.364952686165851	0.270057397252668	-0.09037880342442	0.432806702565622	0.975740438245732	0.955420394343076
Pasteurellaceae	0.869415051007734	0.246461733794237	0.270590491171517	0.00515285948535579	0.95265691759358	0.975740438245732	0.955420394343076
Pectobacteriaceae	0.398420001856353	0.525625319628687	0.495630523073242	-0.0185217424455847	0.681682062976817	0.975740438245732	0.955420394343076
Pelagibacteraceae	0.888410383172579	0.495131614135539	0.550975310224375	-0.00544695026496241	0.963167302414731	0.975740438245732	0.955420394343076
Peptococcaceae	0.431482876531338	0.35925317193954	0.313730347122675	-0.0194854653454822	0.700989531273309	0.975740438245732	0.955420394343076
Peptoniphilaceae	0.934310049059476	0.459883959158336	0.467334089925641	0.00220914352266759	0.970100151745222	0.975740438245732	0.955420394343076
Peptostreptococcaceae	0.686179042394942	0.453817229931646	0.431408688635045	0.00944050224504397	0.872686101329638	0.975740438245732	0.955420394343076
Petrotogaceae	0.913220626049794	0.672597837976863	0.690537842865895	-0.0032894117485106	0.970077642571218	0.975740438245732	0.955420394343076
Phaffomycetaceae	0.717573888278195	0.662732420788108	0.737424585397553	-0.0108907156152745	0.881040572050425	0.975740438245732	0.955420394343076
Phycisphaeraceae	0.163621180716567	0.852803077368104	0.943143255532803	-0.0582103480635788	0.491164124746355	0.975740438245732	0.976389193144714
Phyllobacteriaceae	0.135806233506622	0.864983789062544	0.737447388590303	-0.0411807513269047	0.490375505423378	0.97707961087395	0.955420394343076
Pichiaceae	0.295356585243057	0.74919041109085	0.734826972074457	-0.0268018664099829	0.591862417899511	0.975740438245732	0.955420394343076
Picrophilaceae	0.766727546165594	0.185044300070461	0.257367774163276	-0.0140817783230891	0.893359018722355	0.975740438245732	0.955420394343076
Pirellulaceae	0.496638649118322	0.240225362238874	0.211315071594904	-0.0191377342645751	0.755661786179481	0.975740438245732	0.955420394343076
Piscirickettsiaceae	0.338824227908925	0.1833768110138	0.163602110659199	-0.0238078890866794	0.625428234312173	0.975740438245732	0.955420394343076
Planctomycetaceae	0.553457284865102	0.690371315954102	0.643548427971608	-0.0168037107292468	0.781537355790221	0.975740438245732	0.955420394343076
Planococcaceae	0.908182339157032	0.54450439169909	0.544150104329343	0.00276188695129347	0.970077642571218	0.975740438245732	0.955420394343076
Polyangiaceae	0.137142905900062	0.768180339295971	0.662920537081008	-0.0513340689348622	0.490375505423378	0.975740438245732	0.955420394343076
Porphyromonadaceae	0.422458799406967	0.779228896123645	0.689306179289546	-0.0238166546348221	0.69354315679663	0.975740438245732	0.955420394343076
Prevotellaceae	0.113186521344789	0.626617844445853	0.648378681653004	-0.0610214210659722	0.473561347868779	0.975740438245732	0.955420394343076
Prochloraceae	0.738717899421662	0.542013190719023	0.566056276195757	-0.00905743177773597	0.882690761489921	0.975740438245732	0.955420394343076
Prochlorotrichaceae	0.588744945555961	0.749020089491307	0.720823406362748	0.0172192799001097	0.806344514595088	0.975740438245732	0.955420394343076
Prolixibacteraceae	0.159854808617745	0.424172615557021	0.571522595931401	0.0317485794996829	0.491164124746355	0.975740438245732	0.955420394343076
Promicromonosporaceae	0.16219871103395	0.574360158147164	0.486957113564688	-0.0546914307176982	0.491164124746355	0.975740438245732	0.955420394343076
Propionibacteriaceae	0.416014920742919	0.900191747976911	0.722087415146877	-0.0306495657244584	0.691121561879366	0.978973935530223	0.955420394343076
Pseudanabaenaceae	0.598699760999517	0.602443690085582	0.67005193933965	-0.0145975411602175	0.815688827816802	0.975740438245732	0.955420394343076
Pseudoalteromonadaceae	0.757486111450406	0.637954284692963	0.623334310301961	-0.00737768334988914	0.88802351702418	0.975740438245732	0.955420394343076
Pseudomonadaceae	0.0951428893166904	0.654889822729461	0.533027368502238	-0.0460273939998549	0.473561347868779	0.975740438245732	0.955420394343076
Pseudonocardiaceae	0.109050787941339	0.770373479216733	0.65298499865893	-0.055016018209921	0.473561347868779	0.975740438245732	0.955420394343076
Psychromonadaceae	0.92547957575236	0.125425176296045	0.124646955666895	-0.00270021359991016	0.970100151745222	0.975740438245732	0.955420394343076
Puniceicoccaceae	0.12984339943016	0.27382948572284	0.223075967414345	-0.0543015986651494	0.489460683191139	0.975740438245732	0.955420394343076
Pyriculariaceae	0.142276749135244	0.487086863787785	0.379587929872543	-0.0390120971857342	0.490375505423378	0.975740438245732	0.955420394343076
Pyrodictiaceae	0.608731369235439	0.19169003254629	0.17543162442458	0.0193626844710934	0.816397539469404	0.975740438245732	0.955420394343076
Rhizobiaceae	0.20281401364841	0.76560208963811	0.667306145805907	-0.0347714597206286	0.518314070456799	0.975740438245732	0.955420394343076
Rhodanobacteraceae	0.203656906278728	0.846327042161019	0.752429893804892	-0.0426877233760148	0.518314070456799	0.975740438245732	0.955420394343076
Rhodobacteraceae	0.10969423859603	0.755708435911793	0.632316350702838	-0.0461752560257556	0.473561347868779	0.975740438245732	0.955420394343076
Rhodobiaceae	0.316989893895894	0.717718020028878	0.841274079888293	-0.0348505013444951	0.610017234252736	0.975740438245732	0.959417046802682
Rhodocyclaceae	0.0374012167681206	0.264893063002911	0.203865667746266	-0.068348223021094	0.473561347868779	0.975740438245732	0.955420394343076
Rhodospirillaceae	0.0794404515572849	0.561648101537126	0.457238771475873	-0.0531254025220692	0.473561347868779	0.975740438245732	0.955420394343076
Rhodothermaceae	0.0898481667042745	0.682842669822517	0.578782833517312	-0.0576440655712775	0.473561347868779	0.975740438245732	0.955420394343076
Rickettsiaceae	0.169244144913618	0.281788015425732	0.252532157400965	-0.0534074404413189	0.495231446764281	0.975740438245732	0.955420394343076
Rikenellaceae	0.0321754078904396	0.434312252435098	0.509816668629109	-0.125669072188646	0.473561347868779	0.975740438245732	0.955420394343076
Rivulariaceae	0.686222171489384	0.4153473892591	0.433439776464553	-0.0115014783203609	0.872686101329638	0.975740438245732	0.955420394343076
Roseiflexaceae	0.179232877610071	0.978384403407348	0.879422683980696	-0.0433106197859478	0.500288221041107	0.98604298973539	0.961053324664646
Ruaniaceae	0.0895162729645609	0.663302969921561	0.524575041752882	-0.0622203610418238	0.473561347868779	0.975740438245732	0.955420394343076
Rubrobacteraceae	0.165404972558591	0.468493756027878	0.395771068451524	-0.0484847872753884	0.491164124746355	0.975740438245732	0.955420394343076
Ruminococcaceae	0.108242955431408	0.508727451034188	0.391214755102676	-0.0572129358629098	0.473561347868779	0.975740438245732	0.955420394343076
Saccharomycetaceae	0.814838277508186	0.0243402116808301	0.027599491867517	0.00689370436674697	0.920266914291044	0.975740438245732	0.955420394343076
Saccharospirillaceae	0.0457606985932373	0.324481179627234	0.256179068940383	-0.0575511510260597	0.473561347868779	0.975740438245732	0.955420394343076
Salinisphaeraceae	0.0630146327879682	0.948007081225572	0.828960438304237	-0.0754682119276271	0.473561347868779	0.984484421605516	0.959417046802682
Salinivirgaceae	0.671453122717446	0.897485474015653	0.867704304408662	-0.0146543579613834	0.868840095978605	0.978973935530223	0.961053324664646
Sandaracinaceae	0.0420149277907117	0.98275238366539	0.903428626937963	-0.080124402319546	0.473561347868779	0.987376374034111	0.961053324664646
Sanguibacteraceae	0.0371889242089343	0.274442585489773	0.195728678438962	-0.0822431055413717	0.473561347868779	0.975740438245732	0.955420394343076
Saprospiraceae	0.218080712529864	0.0956109208459533	0.0916241403701901	-0.0392446160899174	0.530762022690204	0.975740438245732	0.955420394343076
Schizosaccharomycetaceae	0.267896250224098	0.239685002561908	0.261018170284358	0.035385120809534	0.570342652039238	0.975740438245732	0.955420394343076
Sclerotiniaceae	0.204306322917923	0.687783253956328	0.634367108216581	-0.0360722337272308	0.518314070456799	0.975740438245732	0.955420394343076
Scytonemataceae	0.297374581730583	0.319316945215772	0.291130628322696	0.033336831449315	0.593596548803294	0.975740438245732	0.955420394343076
Sedimentisphaeraceae	0.254278982871155	0.351840825303709	0.28189585427823	-0.0322039284695436	0.566899031076385	0.975740438245732	0.955420394343076
Segniliparaceae	0.00501488191516401	0.557121112181031	0.394021585057001	-0.114705513507533	0.432806702565622	0.975740438245732	0.955420394343076
Selenomonadaceae	0.345174126448828	0.444273166168416	0.381602800146296	-0.0246226533840424	0.630371188372861	0.975740438245732	0.955420394343076
Shewanellaceae	0.377899459864748	0.770827334469424	0.739542025611989	-0.0190802310885232	0.657493992670086	0.975740438245732	0.955420394343076
Silvanigrellaceae	0.0607196704069415	0.624825144395902	0.497550847720219	0.0615726832611827	0.473561347868779	0.975740438245732	0.955420394343076
Simkaniaceae	0.157959026169285	0.161645350849189	0.139327692270174	-0.0540216488444118	0.491164124746355	0.975740438245732	0.955420394343076
Sinobacteraceae	0.496795163040913	0.694724150192467	0.657176140498895	-0.025056835579089	0.755661786179481	0.975740438245732	0.955420394343076
Solibacteraceae	0.615317522992191	0.975509445586638	0.887633722888709	-0.0158590654518924	0.820954726271964	0.985471112294249	0.961053324664646
Sordariaceae	0.078319864596854	0.801944162841327	0.791864449324517	-0.0474111251676992	0.473561347868779	0.975740438245732	0.955420394343076
Sphaerobacteraceae	0.0312942111897841	0.527249396395387	0.42675706234328	-0.0986070839868491	0.473561347868779	0.975740438245732	0.955420394343076
Sphingobacteriaceae	0.816634610037552	0.434924481937286	0.471670974635856	-0.0047529142504944	0.92027751459374	0.975740438245732	0.955420394343076
Sphingomonadaceae	0.0998520470257626	0.833789011845962	0.715773650857344	-0.0488135836906246	0.473561347868779	0.975740438245732	0.955420394343076
Spirochaetaceae	0.608315140357624	0.607611001560744	0.559187141985148	-0.0127056620804173	0.816397539469404	0.975740438245732	0.955420394343076
Spiroplasmataceae	0.806285183507653	0.211304247026459	0.241473094631444	-0.00823409757475055	0.914124732838894	0.975740438245732	0.955420394343076
Spongiibacteraceae	0.413871781959958	0.974952640700728	0.873680743915183	-0.0252670250476321	0.691121561879366	0.985471112294249	0.961053324664646
Sporichthyaceae	0.110349764256689	0.719710368142574	0.640069082254903	-0.0614782116177727	0.473561347868779	0.975740438245732	0.955420394343076
Sporolactobacillaceae	0.678536083925959	0.193744673448836	0.167525321868726	-0.0105570908124901	0.869268863735993	0.975740438245732	0.955420394343076
Sporomusaceae	0.933352485496411	0.354369890440336	0.333012076750931	-0.00197346363609595	0.970100151745222	0.975740438245732	0.955420394343076
Staphylococcaceae	0.807127955418933	0.350326785083744	0.392651512723314	0.00618049040601105	0.914124732838894	0.975740438245732	0.955420394343076
Steroidobacteraceae	0.0522567386827252	0.483087978156447	0.409811586380711	-0.0687112889184739	0.473561347868779	0.975740438245732	0.955420394343076
Sterolibacteriaceae	0.0169563905420835	0.356243148271537	0.247781444291867	-0.0766383275129319	0.43662705645865	0.975740438245732	0.955420394343076
Streptococcaceae	0.972676186567684	0.178446689092233	0.193149818434483	0.00142469244388607	0.986624423119722	0.975740438245732	0.955420394343076
Streptomycetaceae	0.123917949720775	0.611850103403537	0.509326645007669	-0.0518850829396512	0.489460683191139	0.975740438245732	0.955420394343076
Streptosporangiaceae	0.0509050855999315	0.748544243919128	0.59781194657418	-0.0632434434902578	0.473561347868779	0.975740438245732	0.955420394343076
Succinivibrionaceae	0.101426023415733	0.344341045281123	0.288041239102489	-0.0507775986712653	0.473561347868779	0.975740438245732	0.955420394343076
Sulfolobaceae	0.909008271274833	0.127696519901966	0.139625531191519	-0.00330160122969465	0.970077642571218	0.975740438245732	0.955420394343076
Sutterellaceae	0.283366295849112	0.118629192335574	0.100759380081249	-0.0366292576397739	0.585716115203564	0.975740438245732	0.955420394343076
Symbiobacteriaceae	0.0388703471601449	0.504033975764036	0.376882466310509	-0.074087026230092	0.473561347868779	0.975740438245732	0.955420394343076
Synechococcaceae	0.258981821522421	0.613619297706361	0.5081329945804	-0.0301958959740989	0.568708858932695	0.975740438245732	0.955420394343076
Synergistaceae	0.320575093665412	0.655528402851019	0.604934149151985	-0.0332604977692746	0.610017234252736	0.975740438245732	0.955420394343076
Syntrophaceae	0.786859031285085	0.844044218714576	0.905475625460817	-0.00847168652111067	0.905333773777004	0.975740438245732	0.961053324664646
Syntrophobacteraceae	0.511050013788376	0.847459216826088	0.898777015284716	-0.02055074620894	0.765089410177365	0.975740438245732	0.961053324664646
Syntrophomonadaceae	0.555422664503342	0.520721080675424	0.528764634188682	0.0192033227067677	0.781537355790221	0.975740438245732	0.955420394343076
Tannerellaceae	0.0797276132577507	0.672252678254576	0.745653905149925	-0.095079311516943	0.473561347868779	0.975740438245732	0.955420394343076
Tepidiformaceae	0.0453058701347422	0.952627152592899	0.786559173320208	-0.0705171011516094	0.473561347868779	0.985146553384223	0.955420394343076
Thermaceae	0.252244719087878	0.386289684891022	0.332122172270492	-0.0402769069460905	0.566899031076385	0.975740438245732	0.955420394343076
Thermoactinomycetaceae	0.160568115738915	0.588700799608257	0.47669238628488	-0.0369417722838432	0.491164124746355	0.975740438245732	0.955420394343076
Thermoanaerobacteraceae	0.733399756830184	0.672754138773406	0.63263231208475	-0.00838168865276128	0.881040572050425	0.975740438245732	0.955420394343076
Thermoanaerobacterales Family III. Incertae Sedis	0.633578927618278	0.43685801915445	0.422469160323071	-0.0122089479161177	0.835737284072989	0.975740438245732	0.955420394343076
Thermoanaerobacterales Family IV. Incertae Sedis	0.529344051575382	0.536418918342338	0.485185153807596	-0.0171989280149625	0.770118865922736	0.975740438245732	0.955420394343076
Thermococcaceae	0.317487192084266	0.907354672005828	0.81484523489705	-0.0270083986072144	0.610017234252736	0.979638691997906	0.959417046802682
Thermodesulfobacteriaceae	0.925507766562207	0.679603978039646	0.626635865965512	-0.00255961298622556	0.970100151745222	0.975740438245732	0.955420394343076
Thermodesulfobiaceae	0.368719066460947	0.779222849972235	0.779899796614538	-0.0345584593502591	0.644312114594067	0.975740438245732	0.955420394343076
Thermofilaceae	0.0205036052284081	0.636209097387384	0.807753564909162	-0.0872489775598631	0.439973195526257	0.975740438245732	0.958670299405881
Thermoguttaceae	0.580873578372593	0.858911292480839	0.847640303485865	-0.0187594162015313	0.804154353659013	0.975740438245732	0.959417046802682
Thermomicrobiaceae	0.0596178725880489	0.742790491522629	0.64316858776105	-0.0773543240593444	0.473561347868779	0.975740438245732	0.955420394343076
Thermomonosporaceae	0.0098204400148389	0.248499169543312	0.160065845435433	-0.0973057404080772	0.432806702565622	0.975740438245732	0.955420394343076
Thermoplasmataceae	0.359235598774257	0.943124780766744	0.934174952983548	-0.0436922094187306	0.639011004551329	0.983217129746706	0.973886843697424
Thermoproteaceae	0.447093306683169	0.485085301586059	0.476057122859917	-0.0239541920740392	0.708470932128714	0.975740438245732	0.955420394343076
Thermotogaceae	0.555084350705149	0.848243633803479	0.841725564358168	-0.0136677312012526	0.781537355790221	0.975740438245732	0.959417046802682
Thioalkalibacteraceae	0.0595838275456305	0.128094312556491	0.0910653152508969	-0.0648223157628264	0.473561347868779	0.975740438245732	0.955420394343076
Thioalkalispiraceae	0.654409000731103	0.66966163810277	0.645164858692782	-0.0163816700726321	0.851062210546763	0.975740438245732	0.955420394343076
Thiobacillaceae	0.348785980584517	0.636773221171512	0.584440947970009	-0.032780244258795	0.634716537106099	0.975740438245732	0.955420394343076
Thiotrichaceae	0.290902424572022	0.314759017685501	0.287445216430166	-0.0333380727952011	0.58840281636384	0.975740438245732	0.955420394343076
Tissierellaceae	0.973911782829395	0.382210761871927	0.378491350312871	-0.00088342728201	0.986624423119722	0.975740438245732	0.955420394343076
Tolypothrichaceae	0.727449678538654	0.308054473271668	0.329217654045173	-0.0128929841942398	0.881040572050425	0.975740438245732	0.955420394343076
Trichocomaceae	0.722226284774829	0.860167298958373	0.822840423896699	-0.00957321556537259	0.881040572050425	0.975740438245732	0.959417046802682
Trichomonascaceae	0.747269447881872	0.253527475155687	0.270056339383081	-0.00955684140537722	0.886736787233097	0.975740438245732	0.955420394343076
Trueperaceae	0.588902255806099	0.702044217817873	0.748465609853927	-0.0199559338832053	0.806344514595088	0.975740438245732	0.955420394343076
Tsukamurellaceae	0.215872443277155	0.375611522817112	0.314894483380533	-0.0488053324287999	0.529920682633206	0.975740438245732	0.955420394343076
Unclassified Acidobacteria Phylum	0.147542463904314	0.798235989007211	0.873250194060075	-0.0658341821761281	0.490375505423378	0.975740438245732	0.961053324664646
Unclassified Actinobacteria Class	0.435112686600689	0.672501061145971	0.599316643221717	-0.0262733711150786	0.702454650781677	0.975740438245732	0.955420394343076
Unclassified Actinobacteria Phylum	0.688164015331848	0.962896613119302	0.966780143520818	-0.0162167687243409	0.872686101329638	0.985471112294249	0.976544337316825
Unclassified Alphaproteobacteria Class	0.104654068945123	0.675947299137	0.575906122965675	-0.0529272577245634	0.473561347868779	0.975740438245732	0.955420394343076
Unclassified Alteromonadales Order	0.334975948317116	0.738706054572416	0.708931457194865	-0.0304115432507783	0.622789217990307	0.975740438245732	0.955420394343076
Unclassified Aquificales Order	0.543367028742653	0.0989326384341075	0.100134566962548	-0.0220363981226703	0.779609271437476	0.975740438245732	0.955420394343076
Unclassified Armatimonadetes Phylum	0.0643988424645709	0.408592418469551	0.316663043187491	-0.0610959473494757	0.473561347868779	0.975740438245732	0.955420394343076
Unclassified Ascomycota Phylum	0.00674824484535679	0.0909512420658676	0.0665570972732286	-0.106075366566058	0.432806702565622	0.975740438245732	0.955420394343076
Unclassified Bacillales Order	0.364512919766216	0.617187641471579	0.684090408223631	0.0215748809094533	0.642890937258908	0.975740438245732	0.955420394343076
Unclassified Bacilli Class	0.434418366649405	0.358800694322836	0.405397712395287	0.0186485413935858	0.702454650781677	0.975740438245732	0.955420394343076
Unclassified Bacteroidales Order	0.141808294260105	0.588403282604137	0.552215942520382	-0.0676933931973326	0.490375505423378	0.975740438245732	0.955420394343076
Unclassified Bacteroidetes Phylum	0.566630222930969	0.46859037638078	0.401755486872006	-0.0195828348987093	0.790825378887396	0.975740438245732	0.955420394343076
Unclassified Bacteroidia Class	0.949895196651087	0.875915901782565	0.932313773442366	0.00275741540812606	0.974494076245637	0.97707961087395	0.973886843697424
Unclassified Balneolaeota Phylum	0.78955303881286	0.948163637119099	0.905750451172052	-0.00968117249483566	0.905333773777004	0.984484421605516	0.961053324664646
Unclassified Betaproteobacteria Class	0.180838583133414	0.591910714269958	0.505869178219208	-0.0376792975524936	0.500288221041107	0.975740438245732	0.955420394343076
Unclassified Blastocatellia Class	0.530635041089272	0.705790022034959	0.693229694550606	-0.0236755437912672	0.770118865922736	0.975740438245732	0.955420394343076
Unclassified Bradymonadales Order	0.189711100416742	0.650915729398337	0.546615076767921	-0.0452992459938491	0.500288221041107	0.975740438245732	0.955420394343076
Unclassified Burkholderiales Order	0.0797878880777426	0.537068309424696	0.440985382944615	-0.0556367150995488	0.473561347868779	0.975740438245732	0.955420394343076
Unclassified Campylobacterales Order	0.282775006003094	0.534993688113464	0.585787429982163	-0.0313771287457989	0.585716115203564	0.975740438245732	0.955420394343076
Unclassified Candidatus Bipolaricaulota Phylum	0.227544557429152	0.281045419402203	0.226990545404066	-0.0541661238691385	0.54002510173278	0.975740438245732	0.955420394343076
Unclassified Candidatus Cloacimonetes Phylum	0.618083427367011	0.468844886870092	0.478365577886841	-0.0180382797592167	0.82251412168995	0.975740438245732	0.955420394343076
Unclassified Candidatus Gracilibacteria Phylum	0.6897799384821	0.472791389871704	0.529300020743304	0.017923480341498	0.872686101329638	0.975740438245732	0.955420394343076
Unclassified Candidatus Saccharibacteria Phylum	0.583585428273744	0.799150479037382	0.781589247117039	0.0182313588069606	0.804154353659013	0.975740438245732	0.955420394343076
Unclassified Cellvibrionales Order	0.165824783304087	0.240982684732559	0.192582300149456	-0.0713552102406686	0.491164124746355	0.975740438245732	0.955420394343076
Unclassified Chromatiales Order	0.0118215984044242	0.68735841128888	0.516836820668284	-0.0937430313276073	0.432806702565622	0.975740438245732	0.955420394343076
Unclassified Chroococcales Order	0.438232366179269	0.126511345029442	0.130981712083222	-0.0381301812338385	0.70358823352164	0.975740438245732	0.955420394343076
Unclassified Clostridia Class	0.721225164438997	0.476710630040858	0.444008459858591	-0.00904552022282687	0.881040572050425	0.975740438245732	0.955420394343076
Unclassified Clostridiales Order	0.920177253578117	0.362206089384926	0.328919918652468	-0.00228561719712719	0.970100151745222	0.975740438245732	0.955420394343076
Unclassified Coriobacteriales Order	0.648876502303643	0.934542893701264	0.977426872618564	-0.0252858437747066	0.848150758087249	0.98320778295576	0.983153983200313
Unclassified Coriobacteriia Class	0.320999360160178	0.707599017220791	0.777230620331365	-0.0592381247554492	0.610017234252736	0.975740438245732	0.955420394343076
Unclassified Corynebacteriales Order	0.50367664891902	0.726049532429304	0.672161990133063	-0.0254040338533091	0.762921982921457	0.975740438245732	0.955420394343076
Unclassified Cyanobacteria Phylum	0.962499251064597	0.913844344041022	0.897625551805291	-0.00127656587045837	0.983024174219863	0.979934621119107	0.961053324664646
Unclassified Cytophagales Order	0.187132204061178	0.703509652519737	0.646217253224657	-0.0289077731120888	0.500288221041107	0.975740438245732	0.955420394343076
Unclassified Dehalococcoidia Class	0.126102698739189	0.641653723214651	0.543187644748393	-0.0587961861563852	0.489460683191139	0.975740438245732	0.955420394343076
Unclassified Deinococci Class	0.359314819246847	0.736084720393202	0.76859412270869	-0.0395754039311935	0.639011004551329	0.975740438245732	0.955420394343076
Unclassified Deltaproteobacteria Class	0.166900430739053	0.33175541026501	0.290890772488329	-0.0540540430678082	0.491164124746355	0.975740438245732	0.955420394343076
Unclassified Desulfobacterales Order	0.44130967998566	0.849675396784158	0.752727686992146	0.0303107359629871	0.703636177066919	0.975740438245732	0.955420394343076
Unclassified Desulfovibrionales Order	0.461831994739485	0.852907926114313	0.795142242991018	-0.0347667728862546	0.722928502403754	0.975740438245732	0.955420394343076
Unclassified Desulfuromonadales Order	0.211201968342217	0.841905672107256	0.87545784259969	-0.0474750202262463	0.522927950462701	0.975740438245732	0.961053324664646
Unclassified Elusimicrobia Phylum	0.61188330166873	0.331762743038609	0.340928924158427	0.0156161514958888	0.818493247686743	0.975740438245732	0.955420394343076
Unclassified Enterobacterales Order	0.467666007888381	0.283478846899684	0.305103748515894	-0.0202525419314499	0.727637444297632	0.975740438245732	0.955420394343076
Unclassified Entomoplasmatales Order	0.944888065816604	0.782191877828693	0.736496525797233	-0.00297617299152972	0.971292123544015	0.975740438245732	0.955420394343076
Unclassified Epsilonproteobacteria Class	0.552426508697181	0.15189693424054	0.144333410755751	-0.0187651810277206	0.781537355790221	0.975740438245732	0.955420394343076
Unclassified Euryarchaeota Phylum	0.189569977968946	0.619061883226098	0.564735486197019	-0.0412015221434325	0.500288221041107	0.975740438245732	0.955420394343076
Unclassified Firmicutes Phylum	0.755504527399141	0.71247724150427	0.692219939984496	0.00623091368937249	0.88802351702418	0.975740438245732	0.955420394343076
Unclassified Flavobacteriales Order	0.930961079515918	0.951069477973735	0.962429632924231	-0.00288861339671647	0.970100151745222	0.985146553384223	0.976544337316825
Unclassified Frankiales Order	0.293731006067543	0.350263840877359	0.331971070734884	-0.0351898986547179	0.590904172362439	0.975740438245732	0.955420394343076
Unclassified Fusobacteriales Order	0.460638153287579	0.466082720959821	0.554509820428585	0.0264160975428304	0.722928502403754	0.975740438245732	0.955420394343076
Unclassified Gammaproteobacteria Class	0.155913828041748	0.482134505867949	0.438435121385651	-0.0321062525328901	0.491164124746355	0.975740438245732	0.955420394343076
Unclassified Halanaerobiales Order	0.439773421998279	0.764459068745883	0.712177057399907	-0.0225620091103671	0.70358823352164	0.975740438245732	0.955420394343076
Unclassified Halobacteria Class	0.0144705039661115	0.282021528841674	0.195196354292262	-0.0889666855910349	0.432806702565622	0.975740438245732	0.955420394343076
Unclassified Halobacteriales Order	0.108831971125664	0.55974981126487	0.541010724156351	-0.0676082235734813	0.473561347868779	0.975740438245732	0.955420394343076
Unclassified Haloferacales Order	0.00613599791217698	0.310937439163224	0.22097124139192	-0.110817039432401	0.432806702565622	0.975740438245732	0.955420394343076
Unclassified Ignavibacteriales Order	0.0139868731146609	0.923277206630346	0.858260701084337	-0.127454016775073	0.432806702565622	0.980387136937378	0.961053324664646
Unclassified Kiritimatiellaeota Phylum	0.0151272245556917	0.535311681055113	0.38425676480899	-0.0771429658486549	0.432806702565622	0.975740438245732	0.955420394343076
Unclassified Lactobacillales Order	0.0947975551316415	0.702942627207414	0.807006957910801	0.0472829237953001	0.473561347868779	0.975740438245732	0.958670299405881
Unclassified Methanococcales Order	0.86463165662966	0.345532768171642	0.276648909344425	0.00681559358827191	0.949435614422761	0.975740438245732	0.955420394343076
Unclassified Micrococcales Order	0.249245806858193	0.627548197470166	0.541255057595502	-0.0414903505393812	0.566899031076385	0.975740438245732	0.955420394343076
Unclassified Mollicutes Class	0.758699703865319	0.957858633897484	0.998216542908332	0.0115493509816732	0.88802351702418	0.985471112294249	0.998216542908332
Unclassified Myxococcales Order	0.0380930510528671	0.347849309689893	0.263823021504354	-0.0853393860209517	0.473561347868779	0.975740438245732	0.955420394343076
Unclassified Negativicutes Class	0.273816314298842	0.859779575732867	0.964481763793666	-0.028902812887986	0.57557306883226	0.975740438245732	0.976544337316825
Unclassified Neisseriales Order	0.00461703340853971	0.281374093976196	0.232763106951816	-0.122985661479961	0.432806702565622	0.975740438245732	0.955420394343076
Unclassified Nitrosomonadales Order	0.840051396716718	0.727479914340246	0.792573484802376	-0.00672848507807124	0.932384632131703	0.975740438245732	0.955420394343076
Unclassified Nostocales Order	0.35961182176397	0.941206673780951	0.987812378282163	-0.0243179201402059	0.639011004551329	0.98320778295576	0.991663498665329
Unclassified Oceanospirillales Order	0.301824725911037	0.528232259495854	0.560532237949506	-0.0360489022777269	0.598509800303983	0.975740438245732	0.955420394343076
Unclassified Oscillatoriales Order	0.174615533280583	0.689609467208741	0.755094500933139	-0.0408304457988939	0.500288221041107	0.975740438245732	0.955420394343076
Unclassified Phycisphaerae Class	0.145121342946983	0.452105140952815	0.338022788673308	-0.051992557043746	0.490375505423378	0.975740438245732	0.955420394343076
Unclassified Planctomycetales Order	0.414767646246436	0.933548189668598	0.839849465953915	-0.0305455036775601	0.691121561879366	0.98320778295576	0.959417046802682
Unclassified Planctomycetes Phylum	0.264797493583493	0.647372282363863	0.582950014445429	-0.0298967856334277	0.568708858932695	0.975740438245732	0.955420394343076
Unclassified Planctomycetia Class	0.324400523634513	0.722453933212513	0.794209613447165	-0.0423566337870798	0.611964357772066	0.975740438245732	0.955420394343076
Unclassified Propionibacteriales Order	0.202748669963878	0.18866036940425	0.137228668250087	-0.047160517165178	0.518314070456799	0.975740438245732	0.955420394343076
Unclassified Proteobacteria Phylum	0.130206045819779	0.64666146589854	0.56439830195865	-0.0425996692607933	0.489460683191139	0.975740438245732	0.955420394343076
Unclassified Pseudomonadales Order	0.452996961660212	0.556562225886334	0.53898775035579	-0.026027783987026	0.715624034524568	0.975740438245732	0.955420394343076
Unclassified Rhizobiales Order	0.17749107954714	0.702270792778346	0.612668773629127	-0.0441918327797004	0.500288221041107	0.975740438245732	0.955420394343076
Unclassified Rhodobacterales Order	0.251817965977862	0.600386103384592	0.555265675483673	-0.0467349317820863	0.566899031076385	0.975740438245732	0.955420394343076
Unclassified Rhodocyclales Order	0.067193733516093	0.688606749751704	0.551582345922055	-0.0665985506032907	0.473561347868779	0.975740438245732	0.955420394343076
Unclassified Rhodospirillales Order	0.303322442484155	0.423807832381337	0.358220755361223	-0.0450191092577961	0.598509800303983	0.975740438245732	0.955420394343076
Unclassified Rickettsiales Order	0.264341490457858	0.175495117848108	0.226403047780301	0.0422813614036158	0.568708858932695	0.975740438245732	0.955420394343076
Unclassified Saccharomycetales Order	0.0503326243024464	0.415448248563018	0.295906795145885	-0.0771337531688245	0.473561347868779	0.975740438245732	0.955420394343076
Unclassified Silvanigrellales Order	0.0963913928940473	0.665221463604283	0.590408512106829	-0.0578202035198651	0.473561347868779	0.975740438245732	0.955420394343076
Unclassified Sordariomycetes Class	0.209120236453059	0.162640622261797	0.193559520461735	-0.065529087302128	0.5202749844122	0.975740438245732	0.955420394343076
Unclassified Sphingomonadales Order	0.208559955940882	0.940646393251712	0.951289367357419	-0.0500535107971033	0.5202749844122	0.98320778295576	0.976389193144714
Unclassified Streptosporangiales Order	0.424206008526094	0.994514994234754	0.930280670395702	-0.0356839762775652	0.69354315679663	0.99644984830914	0.973886843697424
Unclassified Synechococcales Order	0.2650293711531	0.210501801742343	0.189926198158799	-0.0489547372690739	0.568708858932695	0.975740438245732	0.955420394343076
Unclassified Tenericutes Phylum	0.711949850327605	0.941186131731889	0.87129435900497	0.0121041605802622	0.881040572050425	0.98320778295576	0.961053324664646
Unclassified Thaumarchaeota Phylum	0.420664207158644	0.814630245882135	0.819855729993113	-0.0254283641604226	0.69354315679663	0.975740438245732	0.959417046802682
Unclassified Thermoanaerobacterales Order	0.497416204883192	0.111445031902451	0.0980416215038541	-0.019909095373782	0.755661786179481	0.975740438245732	0.955420394343076
Unclassified Thermoplasmata Class	0.534242788381905	0.355974036639143	0.302989195929118	-0.0224402639655761	0.770686375396866	0.975740438245732	0.955420394343076
Unclassified Thermoplasmatales Order	0.00158341276199128	0.520767671542131	0.341927103589961	-0.124238592619331	0.432806702565622	0.975740438245732	0.955420394343076
Unclassified Tissierellia Class	0.636852546221374	0.849338177244085	0.949805517368184	0.01492221891499	0.836681278836754	0.975740438245732	0.976389193144714
Unclassified Verrucomicrobia Phylum	0.0677713107567831	0.696484882621623	0.605045819292169	-0.0625070263368047	0.473561347868779	0.975740438245732	0.955420394343076
Unclassified Verrucomicrobiales Order	0.0505612904304149	0.598858810630975	0.685387163018047	-0.128684146198009	0.473561347868779	0.975740438245732	0.955420394343076
Unclassified Victivallales Order	0.0442268945338971	0.601958348080287	0.51473596678238	-0.0884837104634994	0.473561347868779	0.975740438245732	0.955420394343076
Unclassified Xanthomonadales Order	0.148626968509424	0.636704845425594	0.755790235626197	-0.0503326167165932	0.490375505423378	0.975740438245732	0.955420394343076
Unclassified candidate division Zixibacteria Phylum	0.397048258814736	0.486756676323846	0.467785571385271	-0.0304748526836842	0.681599510965298	0.975740438245732	0.955420394343076
Unikaryonidae	0.975129769646483	0.898862407852647	0.970203911704947	0.00109707436827844	0.986624423119722	0.978973935530223	0.977798462872892
Ustilaginaceae	0.525952409963575	0.686808165271784	0.637610171145973	-0.018683660925673	0.770118865922736	0.975740438245732	0.955420394343076
Vallitaleaceae	0.932082956670247	0.275199446251183	0.268898525972379	-0.00223017933077351	0.970100151745222	0.975740438245732	0.955420394343076
Veillonellaceae	0.286855877424953	0.277941791132393	0.347063154228743	0.0498635920374386	0.5862332415629	0.975740438245732	0.955420394343076
Verrucomicrobiaceae	0.128880434051015	0.712743456179087	0.683383850383707	-0.0549126087824034	0.489460683191139	0.975740438245732	0.955420394343076
Vibrionaceae	0.760655475507583	0.644920745872499	0.61554446269398	-0.00656543202747179	0.888293809266224	0.975740438245732	0.955420394343076
Vicinamibacteraceae	0.0534480627856193	0.937044381795625	0.877741001291624	-0.0687074364869793	0.473561347868779	0.98320778295576	0.961053324664646
Vulgatibacteraceae	0.143890292616635	0.30225875475638	0.24893806395138	-0.0538497300279399	0.490375505423378	0.975740438245732	0.955420394343076
Waddliaceae	0.677846491375934	0.325371266586989	0.38605105596808	0.0154803479258584	0.869268863735993	0.975740438245732	0.955420394343076
Wenzhouxiangellaceae	0.0105925171399178	0.139658483974002	0.0891616070906749	-0.109769712648423	0.432806702565622	0.975740438245732	0.955420394343076
Woeseiaceae	0.42989343675136	0.195003001080529	0.21909395249147	-0.0319188240896902	0.700617468123261	0.975740438245732	0.955420394343076
Xanthobacteraceae	0.087784358277034	0.606225816720785	0.499357033872803	-0.0552214265002382	0.473561347868779	0.975740438245732	0.955420394343076
Xanthomonadaceae	0.185460076176978	0.706968146437308	0.607084100470719	-0.0404855762182323	0.500288221041107	0.975740438245732	0.955420394343076
Yersiniaceae	0.147893249237965	0.382538901008778	0.345510774098321	-0.035415147604362	0.490375505423378	0.975740438245732	0.955420394343076
Zoogloeaceae	0.144219677635917	0.684240850906059	0.586410722291869	-0.0450550286119789	0.490375505423378	0.975740438245732	0.955420394343076
