p-variable	p-treatment	p-interaction	slope	adjusted.p-variable	adjusted.p-treatment	adjusted.p-interaction
Acaryochloridaceae	0.763832787449064	0.72916092463263	0.4844200988189	-1.61374879111961e-05	0.991101074635518	0.99938308321266	0.997140092007244
Acetobacteraceae	0.843062452319989	0.675184381567963	0.80937067394866	-8.26020160812913e-06	0.991101074635518	0.99938308321266	0.997140092007244
Acholeplasmataceae	0.27464063518838	0.733242533487985	0.575628286253363	-5.97755813495832e-05	0.991101074635518	0.99938308321266	0.997140092007244
Acidaminococcaceae	0.0101293589125312	0.744522792681002	0.341085193186439	-0.000320833137428858	0.991101074635518	0.99938308321266	0.997140092007244
Acidiferrobacteraceae	0.658399917813411	0.912403247196756	0.712032586291824	2.05994379783813e-05	0.991101074635518	0.99938308321266	0.997140092007244
Acidilobaceae	0.861124970411915	0.672381058572271	0.993720105784216	-9.79438827528903e-06	0.991101074635518	0.99938308321266	0.997140092007244
Acidimicrobiaceae	0.628893844112904	0.0837665632956947	0.105930185825048	-2.99794910123222e-05	0.991101074635518	0.99938308321266	0.997140092007244
Acidithiobacillaceae	0.495335862833675	0.895142622398633	0.839818025550663	-3.20936109475993e-05	0.991101074635518	0.99938308321266	0.997140092007244
Acidobacteriaceae	0.928556923217027	0.891014666073691	0.878882435491508	-3.91238390163622e-06	0.991101074635518	0.99938308321266	0.997140092007244
Acidothermaceae	0.523876811988822	0.844327821822912	0.960215567603881	2.78780540423408e-05	0.991101074635518	0.99938308321266	0.997140092007244
Actinomycetaceae	0.859686723945436	0.543291787343025	0.765134140920598	8.95299705607624e-06	0.991101074635518	0.99938308321266	0.997140092007244
Actinopolysporaceae	0.359065816572951	0.131935047656931	0.0742481815285452	5.3729387238853e-05	0.991101074635518	0.99938308321266	0.997140092007244
Aerococcaceae	0.443255854123162	0.804639989829342	0.561046398548928	-2.63823613201765e-05	0.991101074635518	0.99938308321266	0.997140092007244
Aeromonadaceae	0.9776297978929	0.841265359525201	0.862022202266053	-1.24209660017597e-06	0.991101074635518	0.99938308321266	0.997140092007244
Akkermansiaceae	0.23162545933563	0.808418462584927	0.98958453939454	-0.000194184587754984	0.991101074635518	0.99938308321266	0.997140092007244
Alcaligenaceae	0.755478062724262	0.812553637743008	0.740985989126942	1.34701709309486e-05	0.991101074635518	0.99938308321266	0.997140092007244
Alcanivoracaceae	0.922406149094556	0.580360942645096	0.699852255981563	4.07059096571897e-06	0.991101074635518	0.99938308321266	0.997140092007244
Alicyclobacillaceae	0.650777533658157	0.788667036767284	0.656858865305322	1.88275821444356e-05	0.991101074635518	0.99938308321266	0.997140092007244
Alteromonadaceae	0.758514520649983	0.644823627147996	0.713985874036539	-1.13256129310581e-05	0.991101074635518	0.99938308321266	0.997140092007244
Amoebophilaceae	0.552376896296783	0.509427450954504	0.556459201973419	-3.19667590353555e-05	0.991101074635518	0.99938308321266	0.997140092007244
Anaerohalosphaeraceae	0.257276918864991	0.794257499871071	0.666195715694369	-5.81394742212889e-05	0.991101074635518	0.99938308321266	0.997140092007244
Anaerolineaceae	0.812225327205463	0.683911611794713	0.772158512037867	-1.00627475985382e-05	0.991101074635518	0.99938308321266	0.997140092007244
Anaeromyxobacteraceae	0.745258183472069	0.963963522517212	0.922780936825375	1.59733748176814e-05	0.991101074635518	0.99938308321266	0.997140092007244
Anaplasmataceae	0.0759344123444886	0.65041973907414	0.398748141438794	-8.37025199630239e-05	0.991101074635518	0.99938308321266	0.997140092007244
Aphanizomenonaceae	0.197526659495852	0.78722797781433	0.806829088575469	-5.8162748832855e-05	0.991101074635518	0.99938308321266	0.997140092007244
Aphanothecaceae	0.291558844325501	0.848565405717828	0.656538369411488	-4.14969814141312e-05	0.991101074635518	0.99938308321266	0.997140092007244
Aquificaceae	0.74258398194083	0.865500676679149	0.809487629284484	-1.67151437508182e-05	0.991101074635518	0.99938308321266	0.997140092007244
Archaeoglobaceae	0.98560914585365	0.634841795714072	0.465282914851585	-7.00276388553589e-07	0.995402639051874	0.99938308321266	0.997140092007244
Archangiaceae	0.556826206206843	0.745997762328757	0.63846005821918	2.76795234400802e-05	0.991101074635518	0.99938308321266	0.997140092007244
Ardenticatenaceae	0.255466911720068	0.73297002410084	0.477696540338524	5.51183636473627e-05	0.991101074635518	0.99938308321266	0.997140092007244
Aspergillaceae	0.784928001352752	0.981850581175433	0.996760503258497	-1.10860212578437e-05	0.991101074635518	0.99938308321266	0.997140092007244
Atopobiaceae	0.898190536748906	0.964340244005585	0.853419103651299	-7.28741323736193e-06	0.991101074635518	0.99938308321266	0.997140092007244
Aurantimonadaceae	0.953270486839895	0.647729741773045	0.673873621326746	2.85332899149495e-06	0.991101074635518	0.99938308321266	0.997140092007244
Azonexaceae	0.844239601090946	0.710964215778955	0.61346249357869	-7.88525466696913e-06	0.991101074635518	0.99938308321266	0.997140092007244
Bacillaceae	0.338029482422811	0.982709099769304	0.847733100089755	-3.44371187522634e-05	0.991101074635518	0.99938308321266	0.997140092007244
Bacteriovoracaceae	0.428605903614215	0.86852618917577	0.988280576661525	-4.29350553685155e-05	0.991101074635518	0.99938308321266	0.997140092007244
Bacteroidaceae	0.672833983491258	0.405287982542092	0.433525600179035	3.86555510107696e-05	0.991101074635518	0.99938308321266	0.997140092007244
Baekduiaceae	0.40258482779187	0.507139695029131	0.843560772028854	4.94012757850926e-05	0.991101074635518	0.99938308321266	0.997140092007244
Barnesiellaceae	0.894678587880423	0.10183878565374	0.174508242936372	-9.93436917626265e-06	0.991101074635518	0.99938308321266	0.997140092007244
Bartonellaceae	0.170575204488821	0.971848330740568	0.75942572536071	-5.89313383176414e-05	0.991101074635518	0.99938308321266	0.997140092007244
Bdellovibrionaceae	0.185785582769759	0.701889240299259	0.917749587950177	-5.05794442818209e-05	0.991101074635518	0.99938308321266	0.997140092007244
Beijerinckiaceae	0.635950199082467	0.888531919706548	0.973658149177972	-2.32223940740849e-05	0.991101074635518	0.99938308321266	0.997140092007244
Bernardetiaceae	0.146060070592806	0.883852412844969	0.674097235858811	-9.2228438422558e-05	0.991101074635518	0.99938308321266	0.997140092007244
Beutenbergiaceae	0.553345629165511	0.400941775719068	0.480453248650429	3.01103810200943e-05	0.991101074635518	0.99938308321266	0.997140092007244
Bifidobacteriaceae	0.375486150248446	0.438203053834422	0.619242185336491	9.46738956844922e-05	0.991101074635518	0.99938308321266	0.997140092007244
Blattabacteriaceae	0.142907660089087	0.48313915353326	0.301693046829877	-7.58838712826417e-05	0.991101074635518	0.99938308321266	0.997140092007244
Bogoriellaceae	0.0851481041800155	0.486359767663344	0.259174747390626	8.60345153200685e-05	0.991101074635518	0.99938308321266	0.997140092007244
Borreliaceae	0.0603842118696333	0.320174980450824	0.212318745090559	-0.000106650332625298	0.991101074635518	0.99938308321266	0.997140092007244
Brachyspiraceae	0.11568844761578	0.524772319033807	0.386117961047612	-8.70622753148141e-05	0.991101074635518	0.99938308321266	0.997140092007244
Bradymonadaceae	0.205360979877007	0.408972657865639	0.201737002842092	7.33485233814743e-05	0.991101074635518	0.99938308321266	0.997140092007244
Bradyrhizobiaceae	0.8643758616133	0.917993623533185	0.874597967982271	7.36870970224961e-06	0.991101074635518	0.99938308321266	0.997140092007244
Brevibacteriaceae	0.275920146341295	0.88154980364403	0.696207754734488	4.57778203426367e-05	0.991101074635518	0.99938308321266	0.997140092007244
Brucellaceae	0.839218163777814	0.715497760144639	0.776062643788862	-8.14366187399085e-06	0.991101074635518	0.99938308321266	0.997140092007244
Budviciaceae	0.861522062721575	0.463742572480242	0.428769245883844	-6.65666799102823e-06	0.991101074635518	0.99938308321266	0.997140092007244
Burkholderiaceae	0.604242927642475	0.751473668659498	0.646623376897601	2.22870386874635e-05	0.991101074635518	0.99938308321266	0.997140092007244
Caldilineaceae	0.906011856784281	0.766785156283704	0.911794935801204	-6.10293943436419e-06	0.991101074635518	0.99938308321266	0.997140092007244
Caldisphaeraceae	0.195269885395348	0.433280907828639	0.284481958491217	-8.54359095623331e-05	0.991101074635518	0.99938308321266	0.997140092007244
Calditrichaceae	0.409693570388093	0.876705758035283	0.836846461701034	3.41927841902186e-05	0.991101074635518	0.99938308321266	0.997140092007244
Calotrichaceae	0.142148764426424	0.560960414925656	0.373608654097544	-5.83365631231676e-05	0.991101074635518	0.99938308321266	0.997140092007244
Campylobacteraceae	0.968053461103674	0.291498700124534	0.294492257238764	-2.10948294741553e-06	0.991101074635518	0.99938308321266	0.997140092007244
Candidatus Brocadiaceae	0.771805257615478	0.939587585554496	0.636710248043578	-1.31178353458609e-05	0.991101074635518	0.99938308321266	0.997140092007244
Candidatus Deianiraeaceae	0.593060207763198	0.672767811453293	0.570630537953526	4.1198226132819e-05	0.991101074635518	0.99938308321266	0.997140092007244
Candidatus Methanomethylophilaceae	0.973550216494574	0.753708038755002	0.853307870390532	-1.87000891767274e-06	0.991101074635518	0.99938308321266	0.997140092007244
Candidatus Midichloriaceae	0.0858850509242885	0.813950862342629	0.570539306325181	-0.000114850406213146	0.991101074635518	0.99938308321266	0.997140092007244
Candidatus Nanopelagicaceae	0.0842989895183922	0.987360904959081	0.631170860567275	-8.30298701234319e-05	0.991101074635518	0.99938308321266	0.997140092007244
Candidatus Paracaedibacteraceae	0.427832522495857	0.968521313557562	0.869268974770029	-5.99325669390152e-05	0.991101074635518	0.99938308321266	0.997140092007244
Cardiobacteriaceae	0.208086472006646	0.912133518980205	0.607092254511477	-6.06313751790307e-05	0.991101074635518	0.99938308321266	0.997140092007244
Carnobacteriaceae	0.428830341108128	0.938051252229179	0.902369860085336	-3.38739184023062e-05	0.991101074635518	0.99938308321266	0.997140092007244
Casimicrobiaceae	0.23379724330326	0.490036017631187	0.391241629682249	-6.72848018621101e-05	0.991101074635518	0.99938308321266	0.997140092007244
Catenulisporaceae	0.625576060692503	0.732250541293125	0.8950068828906	2.48147785092345e-05	0.991101074635518	0.99938308321266	0.997140092007244
Caulobacteraceae	0.786895155541419	0.754719410467765	0.757208628276679	1.24191208130951e-05	0.991101074635518	0.99938308321266	0.997140092007244
Cellulomonadaceae	0.343839057443261	0.990509599328522	0.69690993870742	4.38124851210309e-05	0.991101074635518	0.99938308321266	0.997140092007244
Cellvibrionaceae	0.739750939719757	0.457561882276976	0.625529887040744	-1.40351962962417e-05	0.991101074635518	0.99938308321266	0.997140092007244
Chaetomiaceae	0.689006378906039	0.983625655730652	0.944409757670932	-1.80579458573378e-05	0.991101074635518	0.99938308321266	0.997140092007244
Chamaesiphonaceae	0.285720041797725	0.600580315080102	0.578449666130257	-5.38275588457762e-05	0.991101074635518	0.99938308321266	0.997140092007244
Chelatococcaceae	0.470362806401721	0.987467517498629	0.787496505170575	3.75314521565003e-05	0.991101074635518	0.99938308321266	0.997140092007244
Chitinophagaceae	0.889115100909931	0.257863522310501	0.307849815788399	-4.8524220155191e-06	0.991101074635518	0.99938308321266	0.997140092007244
Chlamydiaceae	0.66929276652482	0.919630262833807	0.572196291445588	2.08936523338511e-05	0.991101074635518	0.99938308321266	0.997140092007244
Chlorobiaceae	0.933926008017581	0.586105862089989	0.668995552651299	-3.3612487065702e-06	0.991101074635518	0.99938308321266	0.997140092007244
Chloroflexaceae	0.865352237279608	0.447686452965258	0.656426910613271	-7.93656131555983e-06	0.991101074635518	0.99938308321266	0.997140092007244
Christensenellaceae	0.123920534302767	0.524855368928854	0.348395213946578	-9.96066064029238e-05	0.991101074635518	0.99938308321266	0.997140092007244
Chromatiaceae	0.838682114317521	0.676253368794671	0.653877819836703	8.49458374090499e-06	0.991101074635518	0.99938308321266	0.997140092007244
Chromobacteriaceae	0.796012803022168	0.994633357570416	0.902102541271226	1.20033355034513e-05	0.991101074635518	0.99938308321266	0.997140092007244
Chroococcaceae	0.609169770573155	0.917981550433489	0.851570958995215	-1.94598002116401e-05	0.991101074635518	0.99938308321266	0.997140092007244
Chroococcidiopsidaceae	0.569042650499958	0.347902822698155	0.267074016838828	3.01228902696868e-05	0.991101074635518	0.99938308321266	0.997140092007244
Chrysiogenaceae	0.751717382117176	0.9201852551541	0.716939281756238	1.49610222048691e-05	0.991101074635518	0.99938308321266	0.997140092007244
Chthonomonadaceae	0.526200392288962	0.305960252805106	0.329556046804715	3.28110856824338e-05	0.991101074635518	0.99938308321266	0.997140092007244
Clavicipitaceae	0.925679004467381	0.855605535253382	0.871896809699348	3.73678164734804e-06	0.991101074635518	0.99938308321266	0.997140092007244
Clostridiaceae	0.112127503544585	0.25940763899033	0.250348487439134	-6.40627540682347e-05	0.991101074635518	0.99938308321266	0.997140092007244
Clostridiales Family XIII. Incertae Sedis	0.617969949465144	0.694279476898121	0.844239025895562	-2.16950402739356e-05	0.991101074635518	0.99938308321266	0.997140092007244
Clostridiales Family XVI. Incertae Sedis	0.612148967523056	0.821627084110283	0.845930281420836	2.0501785094584e-05	0.991101074635518	0.99938308321266	0.997140092007244
Clostridiales Family XVII. Incertae Sedis	0.999604887491604	0.800111080592298	0.909538884911056	2.5560560857331e-08	0.999604887491604	0.99938308321266	0.997140092007244
Cohaesibacteraceae	0.624964575477294	0.850472427792821	0.956309356160382	-2.34924916143696e-05	0.991101074635518	0.99938308321266	0.997140092007244
Coleofasciculaceae	0.83970313020725	0.465417747237915	0.68681651746121	-9.37253879556709e-06	0.991101074635518	0.99938308321266	0.997140092007244
Colwelliaceae	0.386659163900933	0.735769145389133	0.554875309495503	-3.13317535228377e-05	0.991101074635518	0.99938308321266	0.997140092007244
Comamonadaceae	0.523195147970959	0.747831725186756	0.607245565105445	2.92618260099457e-05	0.991101074635518	0.99938308321266	0.997140092007244
Conexibacteraceae	0.414060533298398	0.975362251834284	0.80763344527501	4.47510329971085e-05	0.991101074635518	0.99938308321266	0.997140092007244
Coprothermobacteraceae	0.849743510468416	0.94168194903844	0.898162981920568	1.33910828624129e-05	0.991101074635518	0.99938308321266	0.997140092007244
Coriobacteriaceae	0.987762684587564	0.878870278204518	0.77864518700125	1.38328815716373e-06	0.995402639051874	0.99938308321266	0.997140092007244
Corynebacteriaceae	0.323101889364168	0.636908484456581	0.509353837534407	4.05423637933862e-05	0.991101074635518	0.99938308321266	0.997140092007244
Coxiellaceae	0.179192516220015	0.511609578023265	0.286521443372614	-5.45294181662012e-05	0.991101074635518	0.99938308321266	0.997140092007244
Crocinitomicaceae	0.0819589518834114	0.864545999975209	0.5610272093013	-9.39393325963948e-05	0.991101074635518	0.99938308321266	0.997140092007244
Cryomorphaceae	0.575710027657098	0.0880105317787341	0.0857794794097331	3.28333240488653e-05	0.991101074635518	0.99938308321266	0.997140092007244
Cryptococcaceae	0.429734435133451	0.993692899892044	0.847923618770187	-3.53102684163739e-05	0.991101074635518	0.99938308321266	0.997140092007244
Cuniculiplasmataceae	0.48313759351659	0.553350991315723	0.488492315097891	-3.86666165534421e-05	0.991101074635518	0.99938308321266	0.997140092007244
Cyanobacteriaceae	0.71585117459209	0.985408863810435	0.968582971205628	-1.85827072109174e-05	0.991101074635518	0.99938308321266	0.997140092007244
Cyanothecaceae	0.292407482608031	0.620227930565141	0.469261868666211	-4.95280746261887e-05	0.991101074635518	0.99938308321266	0.997140092007244
Cyclobacteriaceae	0.554727616013412	0.400762817762747	0.482542278235704	-2.09142879041081e-05	0.991101074635518	0.99938308321266	0.997140092007244
Cytophagaceae	0.859384142398837	0.430765750721253	0.507900716530593	-6.66517248507595e-06	0.991101074635518	0.99938308321266	0.997140092007244
Debaryomycetaceae	0.125408942218638	0.461041509927945	0.391673753573366	-8.01496736778909e-05	0.991101074635518	0.99938308321266	0.997140092007244
Deferribacteraceae	0.468776962791054	0.940030173802308	0.862079860482244	-2.74978243146063e-05	0.991101074635518	0.99938308321266	0.997140092007244
Dehalococcoidaceae	0.819595361454412	0.999132559059961	0.794801361086857	1.20600994145934e-05	0.991101074635518	0.99938308321266	0.997140092007244
Deinococcaceae	0.589074483131236	0.86671558152796	0.738879171956905	2.59372337054515e-05	0.991101074635518	0.99938308321266	0.997140092007244
Dermabacteraceae	0.366275878381281	0.755097601740465	0.515290090177684	3.86489877650064e-05	0.991101074635518	0.99938308321266	0.997140092007244
Dermacoccaceae	0.564326519300562	0.907479730338332	0.996937387420169	2.95141062280696e-05	0.991101074635518	0.99938308321266	0.997140092007244
Dermatophilaceae	0.311965899127348	0.827671738528828	0.807335067732996	3.88766004794071e-05	0.991101074635518	0.99938308321266	0.997140092007244
Dermocarpellaceae	0.216835454473237	0.842162684213606	0.678818765149846	-6.21799967496005e-05	0.991101074635518	0.99938308321266	0.997140092007244
Desulfarculaceae	0.648852110919483	0.644290760761139	0.80196865065463	-2.37629062034776e-05	0.991101074635518	0.99938308321266	0.997140092007244
Desulfobacteraceae	0.760452017169367	0.504449465500261	0.477253508889911	1.20687415927493e-05	0.991101074635518	0.99938308321266	0.997140092007244
Desulfobulbaceae	0.749082138767857	0.421624631041137	0.393367608436818	1.50087944431228e-05	0.991101074635518	0.99938308321266	0.997140092007244
Desulfohalobiaceae	0.303910274272509	0.587821214528187	0.295668588176397	4.58057722593881e-05	0.991101074635518	0.99938308321266	0.997140092007244
Desulfomicrobiaceae	0.944836726016151	0.563747650473557	0.491838543675607	3.22032943454346e-06	0.991101074635518	0.99938308321266	0.997140092007244
Desulfovibrionaceae	0.473773751731978	0.871340433005387	0.988972712814211	-6.35136614928815e-05	0.991101074635518	0.99938308321266	0.997140092007244
Desulfurellaceae	0.252735822260185	0.641350617095547	0.870773652564447	-5.56999622148399e-05	0.991101074635518	0.99938308321266	0.997140092007244
Desulfurobacteriaceae	0.256179392132243	0.787927638121938	0.550775870807567	-5.3625300697158e-05	0.991101074635518	0.99938308321266	0.997140092007244
Desulfurococcaceae	0.495664872932647	0.547950623848363	0.717102743640365	-3.00266974768677e-05	0.991101074635518	0.99938308321266	0.997140092007244
Desulfuromonadaceae	0.95069541119684	0.99938308321266	0.925503856412316	-2.65263528901977e-06	0.991101074635518	0.99938308321266	0.997140092007244
Dictyoglomaceae	0.277305089346374	0.960181396371983	0.859349825638369	-6.26497845086147e-05	0.991101074635518	0.99938308321266	0.997140092007244
Dietziaceae	0.89737093254289	0.918031689556595	0.992581257760797	6.16718146034617e-06	0.991101074635518	0.99938308321266	0.997140092007244
Dipodascaceae	0.216335920703366	0.196028633411801	0.443698794765468	-6.94249835210944e-05	0.991101074635518	0.99938308321266	0.997140092007244
Dysgonamonadaceae	0.747798449795199	0.101598465853648	0.154043944047638	-1.63309679490961e-05	0.991101074635518	0.99938308321266	0.997140092007244
Ectothiorhodospiraceae	0.819424854481394	0.915565109405614	0.956586074847884	-1.11087524987842e-05	0.991101074635518	0.99938308321266	0.997140092007244
Eggerthellaceae	0.561231776391027	0.865463766791065	0.991179588463819	5.35050813140139e-05	0.991101074635518	0.99938308321266	0.997140092007244
Egibacteraceae	0.614523385249435	0.794695964090739	0.794420221148778	-2.76729288731481e-05	0.991101074635518	0.99938308321266	0.997140092007244
Egicoccaceae	0.57155504301215	0.977485011369899	0.817112015532944	3.39852466759965e-05	0.991101074635518	0.99938308321266	0.997140092007244
Elusimicrobiaceae	0.507948979461068	0.272710590755127	0.139400174791139	2.87854417558032e-05	0.991101074635518	0.99938308321266	0.997140092007244
Emcibacteraceae	0.689865322677053	0.887108268270823	0.866473686091588	-1.7601153868884e-05	0.991101074635518	0.99938308321266	0.997140092007244
Endomicrobiaceae	0.800554557574164	0.878676620450757	0.717524540972402	-1.34853277681974e-05	0.991101074635518	0.99938308321266	0.997140092007244
Endozoicomonadaceae	0.695609332529637	0.321697426911608	0.385973394622387	-1.93603704023714e-05	0.991101074635518	0.99938308321266	0.997140092007244
Enterobacteriaceae	0.579322598383657	0.0759249739792925	0.380077961782273	-3.87356423803748e-05	0.991101074635518	0.99938308321266	0.997140092007244
Enterococcaceae	0.841259331258494	0.998777828716177	0.86596883466781	-8.6796189217588e-06	0.991101074635518	0.99938308321266	0.997140092007244
Entomoplasmataceae	0.139999361355234	0.393644559209099	0.362222818526959	-0.000107113081467037	0.991101074635518	0.99938308321266	0.997140092007244
Erwiniaceae	0.45783834543181	0.705749265610157	0.563088468974686	-2.86852639983316e-05	0.991101074635518	0.99938308321266	0.997140092007244
Erysipelotrichaceae	0.046826598455095	0.302796454352733	0.231047382051271	-0.000128517534448337	0.991101074635518	0.99938308321266	0.997140092007244
Erythrobacteraceae	0.517920386716004	0.692924563186326	0.578385504948224	2.89321063408473e-05	0.991101074635518	0.99938308321266	0.997140092007244
Eubacteriaceae	0.544636858453069	0.704237870181633	0.891710581532479	2.75355749101763e-05	0.991101074635518	0.99938308321266	0.997140092007244
Euzebyaceae	0.709259185808908	0.419226660396961	0.345208310718571	2.24616267526366e-05	0.991101074635518	0.99938308321266	0.997140092007244
Ferrimonadaceae	0.404302479298392	0.859953441319117	0.970812907457775	-4.2445634882212e-05	0.991101074635518	0.99938308321266	0.997140092007244
Ferroplasmaceae	0.189022088391366	0.121199006237531	0.0854369381351852	-8.07968537859558e-05	0.991101074635518	0.99938308321266	0.997140092007244
Fervidobacteriaceae	0.0189610372265585	0.292690893932996	0.180834247575332	-0.000120841515193135	0.991101074635518	0.99938308321266	0.997140092007244
Fibrobacteraceae	0.554392386578291	0.951194422311495	0.848566958518869	-3.30679988563009e-05	0.991101074635518	0.99938308321266	0.997140092007244
Fimbriimonadaceae	0.217298940245333	0.262019110237137	0.101789827904413	5.28327431774224e-05	0.991101074635518	0.99938308321266	0.997140092007244
Flammeovirgaceae	0.130951867449425	0.825367433067607	0.982356163984967	-5.75764056676109e-05	0.991101074635518	0.99938308321266	0.997140092007244
Flavobacteriaceae	0.178262651513698	0.658292430093706	0.935424311667459	-4.98407344826087e-05	0.991101074635518	0.99938308321266	0.997140092007244
Francisellaceae	0.190393741161162	0.841184065409753	0.742680273150847	-6.17723808641345e-05	0.991101074635518	0.99938308321266	0.997140092007244
Frankiaceae	0.636917084777724	0.897504756570911	0.76796662328246	2.13543664788642e-05	0.991101074635518	0.99938308321266	0.997140092007244
Fusobacteriaceae	0.218294955783508	0.7873723736789	0.723143511886595	-6.47185005155896e-05	0.991101074635518	0.99938308321266	0.997140092007244
Gallionellaceae	0.763643266667805	0.676287847877606	0.645023906199288	1.23275695974761e-05	0.991101074635518	0.99938308321266	0.997140092007244
Gemmataceae	0.658041794036101	0.715310475744203	0.972005434467411	2.12266586767112e-05	0.991101074635518	0.99938308321266	0.997140092007244
Gemmatimonadaceae	0.964495641817502	0.998981618457528	0.99419536110834	2.16643359321106e-06	0.991101074635518	0.99938308321266	0.997140092007244
Geobacteraceae	0.729236406364418	0.925983387526434	0.947468929115464	1.57895307863646e-05	0.991101074635518	0.99938308321266	0.997140092007244
Geodermatophilaceae	0.932826758685465	0.808152608776026	0.830089674812582	4.46817478030206e-06	0.991101074635518	0.99938308321266	0.997140092007244
Gloeobacteraceae	0.737478781897381	0.94117901426863	0.997140092007244	-1.78275471764336e-05	0.991101074635518	0.99938308321266	0.997140092007244
Gloeomargaritaceae	0.313449470743701	0.356027389806502	0.275343182168439	-4.99209781243823e-05	0.991101074635518	0.99938308321266	0.997140092007244
Glomerellaceae	0.6538617194694	0.361605142315197	0.382743571969517	1.8690014032371e-05	0.991101074635518	0.99938308321266	0.997140092007244
Glycomycetaceae	0.566796773354438	0.954346360088417	0.910662007600961	-3.45075103440019e-05	0.991101074635518	0.99938308321266	0.997140092007244
Gomontiellaceae	0.868069613889043	0.550138346628448	0.420037456590362	8.75778018218049e-06	0.991101074635518	0.99938308321266	0.997140092007244
Gordoniaceae	0.385518153716379	0.705372541214951	0.516713864415427	3.9787454550827e-05	0.991101074635518	0.99938308321266	0.997140092007244
Gottschalkiaceae	0.0329293999341008	0.278475458101592	0.115082252625115	-0.000132280423263884	0.991101074635518	0.99938308321266	0.997140092007244
Granulosicoccaceae	0.560927961559165	0.443582254922872	0.592055510247	-2.68148302602662e-05	0.991101074635518	0.99938308321266	0.997140092007244
Hafniaceae	0.59854451012532	0.988088139477261	0.977583257091918	-2.11328121530582e-05	0.991101074635518	0.99938308321266	0.997140092007244
Hahellaceae	0.528524189587807	0.712191494935292	0.78205560371082	-2.70232448161204e-05	0.991101074635518	0.99938308321266	0.997140092007244
Halanaerobiaceae	0.496400842820981	0.916794795642418	0.862349763153964	-3.07540530904403e-05	0.991101074635518	0.99938308321266	0.997140092007244
Halieaceae	0.76322067204397	0.575097197675355	0.503793644461262	1.25079383449477e-05	0.991101074635518	0.99938308321266	0.997140092007244
Haliscomenobacteraceae	0.235872109322466	0.77540658558557	0.882413269884584	-5.34607518771621e-05	0.991101074635518	0.99938308321266	0.997140092007244
Haloarculaceae	0.859184832759547	0.893070513313743	0.877360398789094	8.77068952670194e-06	0.991101074635518	0.99938308321266	0.997140092007244
Halobacteriaceae	0.407715934640636	0.790434942895986	0.588832065878125	4.33587823081809e-05	0.991101074635518	0.99938308321266	0.997140092007244
Halobacteriovoraceae	0.717665465652984	0.388781655621485	0.44570693046245	-2.2453697575197e-05	0.991101074635518	0.99938308321266	0.997140092007244
Halobacteroidaceae	0.686740086521471	0.238922271624422	0.232376479256505	1.94194018356648e-05	0.991101074635518	0.99938308321266	0.997140092007244
Haloferacaceae	0.735149591091127	0.57139871331789	0.580077321844075	1.54770931749032e-05	0.991101074635518	0.99938308321266	0.997140092007244
Halomonadaceae	0.892164253495945	0.940719490205374	0.916467668584196	5.82365298093604e-06	0.991101074635518	0.99938308321266	0.997140092007244
Halorubraceae	0.760585807240277	0.533562071548768	0.556540127562086	1.5215583998352e-05	0.991101074635518	0.99938308321266	0.997140092007244
Halothiobacillaceae	0.668140534608151	0.886923380598774	0.832969526907759	-2.54099332831757e-05	0.991101074635518	0.99938308321266	0.997140092007244
Hapalosiphonaceae	0.562220158829294	0.793626330074245	0.730302247252474	2.7864172613785e-05	0.991101074635518	0.99938308321266	0.997140092007244
Helicobacteraceae	0.315858155280687	0.962898503936857	0.902659907397625	-4.31406255571512e-05	0.991101074635518	0.99938308321266	0.997140092007244
Heliobacteriaceae	0.63360046622062	0.510592919217634	0.543379381844621	2.15051060919147e-05	0.991101074635518	0.99938308321266	0.997140092007244
Holosporaceae	0.392857480220945	0.275274768616279	0.347173963426389	-4.5265430306053e-05	0.991101074635518	0.99938308321266	0.997140092007244
Hungateiclostridiaceae	0.606594477117637	0.877891125668335	0.920024971085509	-1.93637923882019e-05	0.991101074635518	0.99938308321266	0.997140092007244
Hydrogenophilaceae	0.715558133115795	0.849489313697291	0.889822702556645	-2.09706649559934e-05	0.991101074635518	0.99938308321266	0.997140092007244
Hydrogenothermaceae	0.323879239761352	0.401934294878797	0.343908286130181	-5.67118304987158e-05	0.991101074635518	0.99938308321266	0.997140092007244
Hyellaceae	0.543321360408392	0.489476688116638	0.911383831868561	-4.01530113853497e-05	0.991101074635518	0.99938308321266	0.997140092007244
Hymenobacteraceae	0.821448670412639	0.415473306513097	0.52452678527222	-9.7572624810193e-06	0.991101074635518	0.99938308321266	0.997140092007244
Hyphomicrobiaceae	0.754659084573196	0.849863351195679	0.747246442011132	1.405272072973e-05	0.991101074635518	0.99938308321266	0.997140092007244
Hyphomonadaceae	0.916873143808478	0.588778188532117	0.528717417053826	4.72777099992145e-06	0.991101074635518	0.99938308321266	0.997140092007244
Iamiaceae	0.79779892933739	0.983551460854603	0.885965409844044	1.38131058778371e-05	0.991101074635518	0.99938308321266	0.997140092007244
Ichthyobacteriaceae	0.770057163638144	0.812580508864682	0.846774199762251	-1.74324493647865e-05	0.991101074635518	0.99938308321266	0.997140092007244
Idiomarinaceae	0.170567331476334	0.548989961148177	0.845915046085112	-5.80548118929751e-05	0.991101074635518	0.99938308321266	0.997140092007244
Ignavibacteriaceae	0.641772575133436	0.0133779752854136	0.0302997074105839	2.48543644204972e-05	0.991101074635518	0.99938308321266	0.997140092007244
Ilumatobacteraceae	0.786498790551639	0.8303196669686	0.837277660146793	-1.78567839908795e-05	0.991101074635518	0.99938308321266	0.997140092007244
Immundisolibacteraceae	0.75450056496896	0.834957242384042	0.802169658567544	1.51187501066753e-05	0.991101074635518	0.99938308321266	0.997140092007244
Intrasporangiaceae	0.397525349125046	0.944406329969289	0.6845309858144	4.04037977221673e-05	0.991101074635518	0.99938308321266	0.997140092007244
Isosphaeraceae	0.349918016235849	0.859392171386113	0.577309043809129	4.56487671673192e-05	0.991101074635518	0.99938308321266	0.997140092007244
Jiangellaceae	0.114315241456989	0.945168383733125	0.534729380478344	8.23566328215135e-05	0.991101074635518	0.99938308321266	0.997140092007244
Jonesiaceae	0.853878250767848	0.950831962340046	0.67859028459001	-1.02348232565362e-05	0.991101074635518	0.99938308321266	0.997140092007244
Kangiellaceae	0.0988653536929706	0.135961376176311	0.103875447472367	-8.23440762689981e-05	0.991101074635518	0.99938308321266	0.997140092007244
Kineosporiaceae	0.45374251808228	0.203188820419955	0.185718337951666	4.53303541310934e-05	0.991101074635518	0.99938308321266	0.997140092007244
Kiritimatiellaceae	0.251662604335419	0.183718349891463	0.1000942034534	6.59519768692488e-05	0.991101074635518	0.99938308321266	0.997140092007244
Kofleriaceae	0.786102360461806	0.849773282827895	0.695977534422321	1.44853098396223e-05	0.991101074635518	0.99938308321266	0.997140092007244
Kosmotogaceae	0.135973575081841	0.678387313826251	0.526409624317884	-5.89252556705919e-05	0.991101074635518	0.99938308321266	0.997140092007244
Ktedonosporobacteraceae	0.968486517064723	0.708737144617879	0.77954515345127	-2.04710546455112e-06	0.991101074635518	0.99938308321266	0.997140092007244
Labilitrichaceae	0.899409741774102	0.839748200936074	0.723135218836969	-6.3720979706999e-06	0.991101074635518	0.99938308321266	0.997140092007244
Lachnospiraceae	0.333046632841734	0.88610110651109	0.522588000261487	-4.25957161209069e-05	0.991101074635518	0.99938308321266	0.997140092007244
Lacipirellulaceae	0.472952564690828	0.309785866786007	0.335801351507777	-3.49610147818726e-05	0.991101074635518	0.99938308321266	0.997140092007244
Lactobacillaceae	0.340333715522831	0.453145950778178	0.349764308470806	-5.19557259720333e-05	0.991101074635518	0.99938308321266	0.997140092007244
Legionellaceae	0.389176212925261	0.692066124429161	0.559022475087221	-3.1310630885172e-05	0.991101074635518	0.99938308321266	0.997140092007244
Leptolyngbyaceae	0.623155631528378	0.768694782066978	0.878549168014055	-2.13653619274422e-05	0.991101074635518	0.99938308321266	0.997140092007244
Leptospiraceae	0.416132209825625	0.487638421422455	0.737929006322781	-3.26271188163272e-05	0.991101074635518	0.99938308321266	0.997140092007244
Leptotrichiaceae	0.182506881379098	0.930561938291441	0.720530473799416	-6.56743715517574e-05	0.991101074635518	0.99938308321266	0.997140092007244
Leuconostocaceae	0.00344014231341603	0.0950731098769701	0.0482921023458247	-0.00018255268732776	0.991101074635518	0.99938308321266	0.997140092007244
Lichenihabitantaceae	0.1204868851465	0.929533740110178	0.629943855684589	7.76025339781438e-05	0.991101074635518	0.99938308321266	0.997140092007244
Limnochordaceae	0.989604177076814	0.841824818851895	0.808064886908487	-6.78503908207099e-07	0.995402639051874	0.99938308321266	0.997140092007244
Listeriaceae	0.279035922758862	0.823975208262711	0.75991920553556	-4.53018597171064e-05	0.991101074635518	0.99938308321266	0.997140092007244
Litoricolaceae	0.404196192646187	0.045224207057012	0.024769654045443	4.11246948364383e-05	0.991101074635518	0.99938308321266	0.997140092007244
Magnetococcaceae	0.950047138825341	0.528152723721662	0.471323260147393	2.91829789537663e-06	0.991101074635518	0.99938308321266	0.997140092007244
Malasseziaceae	0.460640977457462	0.182009458891155	0.201181414470008	-4.34411474869024e-05	0.991101074635518	0.99938308321266	0.997140092007244
Marinifilaceae	0.553696810054075	0.40483967717595	0.478116269945832	-2.9493014764002e-05	0.991101074635518	0.99938308321266	0.997140092007244
Marinilabiliaceae	0.156556411992321	0.243541546619087	0.297467622853619	-6.49928368652948e-05	0.991101074635518	0.99938308321266	0.997140092007244
Mariprofundaceae	0.748815454478154	0.28581718918671	0.355575967271223	1.33912059880581e-05	0.991101074635518	0.99938308321266	0.997140092007244
Melioribacteraceae	0.273287992019228	0.610255563144772	0.817398377991252	-6.34481350850294e-05	0.991101074635518	0.99938308321266	0.997140092007244
Merismopediaceae	0.706112610698777	0.879894341222944	0.489584998574793	1.5299295143007e-05	0.991101074635518	0.99938308321266	0.997140092007244
Mesoaciditogaceae	0.371559842803868	0.26798232823168	0.44817610610028	-4.83661724646673e-05	0.991101074635518	0.99938308321266	0.997140092007244
Methanobacteriaceae	0.723764827374393	0.73119181127076	0.983679584829694	4.58001000975968e-05	0.991101074635518	0.99938308321266	0.997140092007244
Methanocaldococcaceae	0.101796526345757	0.88426088830776	0.66569570219476	-0.00011318167159343	0.991101074635518	0.99938308321266	0.997140092007244
Methanocellaceae	0.868638528552001	0.313626266726519	0.435644611368821	-8.20206828454642e-06	0.991101074635518	0.99938308321266	0.997140092007244
Methanococcaceae	0.268945039073433	0.741333019685877	0.550838753606733	-5.19015591980998e-05	0.991101074635518	0.99938308321266	0.997140092007244
Methanocorpusculaceae	0.38830801900514	0.837853275721626	0.64045107628852	-3.76967063997625e-05	0.991101074635518	0.99938308321266	0.997140092007244
Methanomassiliicoccaceae	0.843065517170252	0.493936415972777	0.520225874263229	9.09036828432209e-06	0.991101074635518	0.99938308321266	0.997140092007244
Methanomicrobiaceae	0.880717562888295	0.694341945067968	0.68449325571441	-6.04031740653217e-06	0.991101074635518	0.99938308321266	0.997140092007244
Methanopyraceae	0.571489323858674	0.80849220978311	0.778175111271677	-3.55815549479517e-05	0.991101074635518	0.99938308321266	0.997140092007244
Methanoregulaceae	0.914343002018985	0.81047968104109	0.791959117639709	-5.63016900396801e-06	0.991101074635518	0.99938308321266	0.997140092007244
Methanosarcinaceae	0.394269623251682	0.886900162262731	0.923803054984971	-2.88920389757875e-05	0.991101074635518	0.99938308321266	0.997140092007244
Methanospirillaceae	0.265697610779831	0.394741478955894	0.880349331152135	-4.81863851600457e-05	0.991101074635518	0.99938308321266	0.997140092007244
Methanothermaceae	0.149448711214211	0.19725221415528	0.414795257943205	-0.000100698246209415	0.991101074635518	0.99938308321266	0.997140092007244
Methanotrichaceae	0.629136558576223	0.353864932833699	0.36693876092407	2.79310472054447e-05	0.991101074635518	0.99938308321266	0.997140092007244
Methylacidiphilaceae	0.912953145319356	0.593435494235133	0.704217035513242	-5.5054556141917e-06	0.991101074635518	0.99938308321266	0.997140092007244
Methylobacteriaceae	0.521195067489939	0.638118988441197	0.501715963460209	3.10277163126817e-05	0.991101074635518	0.99938308321266	0.997140092007244
Methylococcaceae	0.754893231506642	0.884665462462095	0.884030822954664	-1.16006098359069e-05	0.991101074635518	0.99938308321266	0.997140092007244
Methylocystaceae	0.5822230138111	0.9013310716248	0.891129769746298	-2.5582317939176e-05	0.991101074635518	0.99938308321266	0.997140092007244
Methylophilaceae	0.917208620372666	0.994558629133027	0.770319412975948	3.83566069838545e-06	0.991101074635518	0.99938308321266	0.997140092007244
Microbacteriaceae	0.458170411496488	0.930577926432909	0.71990786400137	3.42275109080852e-05	0.991101074635518	0.99938308321266	0.997140092007244
Microbulbiferaceae	0.836314520865893	0.565546196323769	0.479128220485512	8.38856835139413e-06	0.991101074635518	0.99938308321266	0.997140092007244
Micrococcaceae	0.308716147568849	0.208323348506836	0.257437126116344	-4.97905873941261e-05	0.991101074635518	0.99938308321266	0.997140092007244
Microcoleaceae	0.144321983003003	0.483933480386527	0.406834149672549	-5.22361758355396e-05	0.991101074635518	0.99938308321266	0.997140092007244
Microcystaceae	0.117923499202649	0.895385419881206	0.892835731203007	-5.91741065982693e-05	0.991101074635518	0.99938308321266	0.997140092007244
Micromonosporaceae	0.518866774838747	0.78468295925982	0.653821012267989	3.24196812869784e-05	0.991101074635518	0.99938308321266	0.997140092007244
Moraxellaceae	0.396747260522661	0.899934291069214	0.975396493304538	-3.07377240400809e-05	0.991101074635518	0.99938308321266	0.997140092007244
Morganellaceae	0.19901508890828	0.951964547333074	0.818938628659774	-4.6579198944192e-05	0.991101074635518	0.99938308321266	0.997140092007244
Moritellaceae	0.881866132718956	0.550318718476835	0.478378564553722	7.58352613339844e-06	0.991101074635518	0.99938308321266	0.997140092007244
Muribaculaceae	0.940344504163898	0.196826038219384	0.260667025191576	4.3954059676274e-06	0.991101074635518	0.99938308321266	0.997140092007244
Mycobacteriaceae	0.639395477662957	0.878924037861647	0.778216709767107	2.14389749029887e-05	0.991101074635518	0.99938308321266	0.997140092007244
Mycoplasmataceae	0.0932489802117307	0.247630164454166	0.225937744629329	-8.72452013396498e-05	0.991101074635518	0.99938308321266	0.997140092007244
Mycosphaerellaceae	0.667249429991478	0.183309607722847	0.164846824170891	1.78536123213921e-05	0.991101074635518	0.99938308321266	0.997140092007244
Myxococcaceae	0.763123006914157	0.98662290331272	0.887728784264673	1.53746692243382e-05	0.991101074635518	0.99938308321266	0.997140092007244
Nakamurellaceae	0.826524156683833	0.438274975461223	0.454185659269254	1.12553213104388e-05	0.991101074635518	0.99938308321266	0.997140092007244
Natranaerobiaceae	0.801308870243077	0.85747641936331	0.830213963592495	-1.30135021354994e-05	0.991101074635518	0.99938308321266	0.997140092007244
Natrialbaceae	0.343534654475585	0.764042769627077	0.603773748508259	4.04533590600905e-05	0.991101074635518	0.99938308321266	0.997140092007244
Nautiliaceae	0.1563066653846	0.516513766695409	0.454372445812242	-8.00076913484043e-05	0.991101074635518	0.99938308321266	0.997140092007244
Nectriaceae	0.336001238858564	0.686187585525023	0.969029849870955	-3.56771065831728e-05	0.991101074635518	0.99938308321266	0.997140092007244
Neisseriaceae	0.840576603562698	0.787688939016731	0.889438348122717	-7.84852501202412e-06	0.991101074635518	0.99938308321266	0.997140092007244
Nitrosomonadaceae	0.500587325619868	0.820624092946344	0.993286779990966	-2.68314819468052e-05	0.991101074635518	0.99938308321266	0.997140092007244
Nitrosopumilaceae	0.221286163933784	0.707166688671985	0.710348252143915	-7.74399158271827e-05	0.991101074635518	0.99938308321266	0.997140092007244
Nitrososphaeraceae	0.858711983415062	0.89687911209231	0.824174011930418	8.10916451185766e-06	0.991101074635518	0.99938308321266	0.997140092007244
Nitrospiraceae	0.812421198207049	0.474826545039197	0.565382351964874	-9.78907593986788e-06	0.991101074635518	0.99938308321266	0.997140092007244
Nocardiaceae	0.6227769099442	0.774739984903957	0.739264998046639	2.2737923633008e-05	0.991101074635518	0.99938308321266	0.997140092007244
Nocardioidaceae	0.447213907920762	0.879255582504092	0.711799797939206	3.74496045406652e-05	0.991101074635518	0.99938308321266	0.997140092007244
Nocardiopsaceae	0.445971695881445	0.71571558367971	0.500738755971385	3.5218383674886e-05	0.991101074635518	0.99938308321266	0.997140092007244
Nostocaceae	0.437798718253904	0.936916955443999	0.726893122769464	-2.44135900801548e-05	0.991101074635518	0.99938308321266	0.997140092007244
Oceanospirillaceae	0.58823620093412	0.47871500103142	0.722827298968086	-2.08418690273738e-05	0.991101074635518	0.99938308321266	0.997140092007244
Odoribacteraceae	0.649726117941217	0.377872357041714	0.340382882872658	3.70354986028777e-05	0.991101074635518	0.99938308321266	0.997140092007244
Oleiphilaceae	0.947065283107762	0.0368046166571198	0.0501143949955604	3.17386537222518e-06	0.991101074635518	0.99938308321266	0.997140092007244
Opitutaceae	0.591766864237401	0.768487183102371	0.582124325391957	2.34257524696891e-05	0.991101074635518	0.99938308321266	0.997140092007244
Orbaceae	0.127346462782729	0.860343021402337	0.664317814542319	-7.65945322980013e-05	0.991101074635518	0.99938308321266	0.997140092007244
Oscillatoriaceae	0.973619430173368	0.518868000750412	0.438979272207903	-1.44745023182738e-06	0.991101074635518	0.99938308321266	0.997140092007244
Oscillospiraceae	0.994862036088376	0.643426831003568	0.425511756339782	-3.18277871701868e-07	0.998740640517571	0.99938308321266	0.997140092007244
Oxalobacteraceae	0.57546776294235	0.793343873215341	0.804507028750717	-3.02453501033763e-05	0.991101074635518	0.99938308321266	0.997140092007244
Paenibacillaceae	0.804739460988368	0.66790957304067	0.791259950092335	-8.8554733780357e-06	0.991101074635518	0.99938308321266	0.997140092007244
Paludibacteraceae	0.257363538748449	0.270591269916181	0.486308444451084	-6.89592113757993e-05	0.991101074635518	0.99938308321266	0.997140092007244
Parachlamydiaceae	0.462882746504536	0.66778937553276	0.795500000927989	-3.85389423304631e-05	0.991101074635518	0.99938308321266	0.997140092007244
Parvularculaceae	0.461722499757204	0.817931029923825	0.658536592142216	4.2403233202884e-05	0.991101074635518	0.99938308321266	0.997140092007244
Pasteurellaceae	0.0947196320605334	0.910115340914874	0.724913498077531	-7.68908973556438e-05	0.991101074635518	0.99938308321266	0.997140092007244
Pectobacteriaceae	0.830252643443173	0.711715205087496	0.802696214082205	-8.21293136926165e-06	0.991101074635518	0.99938308321266	0.997140092007244
Pelagibacteraceae	0.0852723971454553	0.543757845905508	0.360484311924501	-0.000116788175459134	0.991101074635518	0.99938308321266	0.997140092007244
Peptococcaceae	0.95993334619944	0.723017830143682	0.764341653084653	-1.82779205263199e-06	0.991101074635518	0.99938308321266	0.997140092007244
Peptoniphilaceae	0.61552878677698	0.460909170496964	0.513416612794999	-2.02560346466221e-05	0.991101074635518	0.99938308321266	0.997140092007244
Peptostreptococcaceae	0.816777147928617	0.904165424759744	0.990599817079961	8.51550332550402e-06	0.991101074635518	0.99938308321266	0.997140092007244
Petrotogaceae	0.140238888954143	0.58299113408105	0.393149348773343	-8.66334793417212e-05	0.991101074635518	0.99938308321266	0.997140092007244
Phaffomycetaceae	0.0409874581294513	0.334776962829727	0.279719983587121	-0.00010687638469951	0.991101074635518	0.99938308321266	0.997140092007244
Phycisphaeraceae	0.529241502797337	0.719508748295808	0.938610567589338	3.97776652050697e-05	0.991101074635518	0.99938308321266	0.997140092007244
Phyllobacteriaceae	0.963742846405658	0.897265223776664	0.851581483307006	-1.93132600880124e-06	0.991101074635518	0.99938308321266	0.997140092007244
Pichiaceae	0.0175113139118171	0.174676803649048	0.0873961023170834	-0.000113559451435018	0.991101074635518	0.99938308321266	0.997140092007244
Picrophilaceae	0.59918834170254	0.729604946996533	0.629279357671244	-4.31015951458741e-05	0.991101074635518	0.99938308321266	0.997140092007244
Pirellulaceae	0.67208998736603	0.510599219904985	0.488264728333869	1.70144082065784e-05	0.991101074635518	0.99938308321266	0.997140092007244
Piscirickettsiaceae	0.697498009239129	0.388683105614155	0.488155911033978	-1.44370173130091e-05	0.991101074635518	0.99938308321266	0.997140092007244
Planctomycetaceae	0.938090768575559	0.74645539608899	0.776330700968071	3.29043588091626e-06	0.991101074635518	0.99938308321266	0.997140092007244
Planococcaceae	0.28171870111203	0.910281200808458	0.91743374113305	-4.09221888313591e-05	0.991101074635518	0.99938308321266	0.997140092007244
Polyangiaceae	0.525169818511673	0.977593889344848	0.800995193906589	3.00639240605618e-05	0.991101074635518	0.99938308321266	0.997140092007244
Porphyromonadaceae	0.663394507225028	0.0818443429871665	0.148765215055943	-2.29405043152392e-05	0.991101074635518	0.99938308321266	0.997140092007244
Prevotellaceae	0.181116816235891	0.0482584008733537	0.295295824248049	-9.3440164423055e-05	0.991101074635518	0.99938308321266	0.997140092007244
Prochloraceae	0.249939103597968	0.905554350400682	0.952973754917054	-6.20110241167593e-05	0.991101074635518	0.99938308321266	0.997140092007244
Prochlorotrichaceae	0.70764902166748	0.161104517076716	0.205854789203653	1.68445633181298e-05	0.991101074635518	0.99938308321266	0.997140092007244
Prolixibacteraceae	0.635162114185118	0.180743404546457	0.239904487294198	-2.04110822154036e-05	0.991101074635518	0.99938308321266	0.997140092007244
Promicromonosporaceae	0.168190017066634	0.88765898352368	0.546220275834011	6.5745389897963e-05	0.991101074635518	0.99938308321266	0.997140092007244
Propionibacteriaceae	0.888827448946317	0.768330383964919	0.673706107804098	-6.50589484236903e-06	0.991101074635518	0.99938308321266	0.997140092007244
Pseudanabaenaceae	0.491947477375257	0.635898087024861	0.390588869989662	-3.02179725006384e-05	0.991101074635518	0.99938308321266	0.997140092007244
Pseudoalteromonadaceae	0.271237526824713	0.738276417273841	0.990124703386749	-4.35724958867251e-05	0.991101074635518	0.99938308321266	0.997140092007244
Pseudomonadaceae	0.96005268530027	0.902260400068188	0.944492140552368	-2.31144327850146e-06	0.991101074635518	0.99938308321266	0.997140092007244
Pseudonocardiaceae	0.638032895368641	0.899910043775781	0.794092322403331	2.26521999015436e-05	0.991101074635518	0.99938308321266	0.997140092007244
Psychromonadaceae	0.691138998317979	0.740437020827743	0.658443447210235	2.10024965904923e-05	0.991101074635518	0.99938308321266	0.997140092007244
Puniceicoccaceae	0.372882578106169	0.184498679046381	0.175847903439381	5.5203760092208e-05	0.991101074635518	0.99938308321266	0.997140092007244
Pyriculariaceae	0.671238433605839	0.956979739233275	0.850465684463156	-1.45944208955372e-05	0.991101074635518	0.99938308321266	0.997140092007244
Pyrodictiaceae	0.448739289132377	0.752322192603318	0.945874323191942	-3.80982710850066e-05	0.991101074635518	0.99938308321266	0.997140092007244
Rhizobiaceae	0.904658767181912	0.764247848854858	0.763973410352267	5.04037157861891e-06	0.991101074635518	0.99938308321266	0.997140092007244
Rhodanobacteraceae	0.965471202206936	0.775984508044988	0.776388812868556	-2.04858024734554e-06	0.991101074635518	0.99938308321266	0.997140092007244
Rhodobacteraceae	0.916550787305007	0.828639658181377	0.815175837968507	4.68475132163639e-06	0.991101074635518	0.99938308321266	0.997140092007244
Rhodobiaceae	0.848659382938347	0.669930548552347	0.668255466630349	-9.18197260138342e-06	0.991101074635518	0.99938308321266	0.997140092007244
Rhodocyclaceae	0.518077460462423	0.941635625690473	0.691697902889621	2.91612479393567e-05	0.991101074635518	0.99938308321266	0.997140092007244
Rhodospirillaceae	0.873687400532334	0.739252868438798	0.729317515181096	7.25569820148525e-06	0.991101074635518	0.99938308321266	0.997140092007244
Rhodothermaceae	0.722301735047857	0.977582683390333	0.877904907400821	-1.76113984429759e-05	0.991101074635518	0.99938308321266	0.997140092007244
Rickettsiaceae	0.0876864344168549	0.336159429470913	0.336872316128334	-9.49059256618928e-05	0.991101074635518	0.99938308321266	0.997140092007244
Rikenellaceae	0.611815217283922	0.893928138764928	0.816770472961714	-5.75445228609209e-05	0.991101074635518	0.99938308321266	0.997140092007244
Rivulariaceae	0.460529834121344	0.763344134029915	0.76005722626533	-3.69769302751015e-05	0.991101074635518	0.99938308321266	0.997140092007244
Roseiflexaceae	0.408931733834747	0.721651398425843	0.545434847337228	-3.86974558055216e-05	0.991101074635518	0.99938308321266	0.997140092007244
Ruaniaceae	0.539837001404511	0.531951832620606	0.467603999061434	3.16705994952025e-05	0.991101074635518	0.99938308321266	0.997140092007244
Rubrobacteraceae	0.479461301185751	0.915951370683087	0.820294223455462	3.26010176626926e-05	0.991101074635518	0.99938308321266	0.997140092007244
Ruminococcaceae	0.77881666188272	0.846598597193767	0.630012140324797	-1.09425677551057e-05	0.991101074635518	0.99938308321266	0.997140092007244
Saccharomycetaceae	0.168660140709376	0.283360963195791	0.12117477060573	-6.27353737091182e-05	0.991101074635518	0.99938308321266	0.997140092007244
Saccharospirillaceae	0.953137651982899	0.48647065139111	0.549624918350943	2.4431948498138e-06	0.991101074635518	0.99938308321266	0.997140092007244
Salinisphaeraceae	0.132177888946205	0.425616188628396	0.210734705115412	-9.00060814541063e-05	0.991101074635518	0.99938308321266	0.997140092007244
Salinivirgaceae	0.00763028966125511	0.997698627530029	0.577866187154964	-0.000150924146453028	0.991101074635518	0.99938308321266	0.997140092007244
Sandaracinaceae	0.58029637546113	0.658784631352608	0.55271755261547	2.89397126632179e-05	0.991101074635518	0.99938308321266	0.997140092007244
Sanguibacteraceae	0.858610507025778	0.79094023942908	0.953249530830046	8.88532747576762e-06	0.991101074635518	0.99938308321266	0.997140092007244
Saprospiraceae	0.175928211763663	0.437522360193528	0.284425776390727	-8.13739817131028e-05	0.991101074635518	0.99938308321266	0.997140092007244
Schizosaccharomycetaceae	0.186846778490133	0.917744441114938	0.782125288666951	-7.38391004600675e-05	0.991101074635518	0.99938308321266	0.997140092007244
Sclerotiniaceae	0.444289243137423	0.850888823509729	0.977194350982909	-3.4769902232317e-05	0.991101074635518	0.99938308321266	0.997140092007244
Scytonemataceae	0.376546338142699	0.328673763633478	0.570726162154135	-4.73412864158654e-05	0.991101074635518	0.99938308321266	0.997140092007244
Sedimentisphaeraceae	0.829196709654142	0.585543910854474	0.63286093241106	-9.12732044596465e-06	0.991101074635518	0.99938308321266	0.997140092007244
Segniliparaceae	0.739710431733477	0.223427194891268	0.263602755909481	-1.907066930427e-05	0.991101074635518	0.99938308321266	0.997140092007244
Selenomonadaceae	0.885765853332516	0.856742602520676	0.983438875865846	7.17902880385395e-06	0.991101074635518	0.99938308321266	0.997140092007244
Shewanellaceae	0.363065294700119	0.85377408657442	0.889933335641746	-3.32008893898713e-05	0.991101074635518	0.99938308321266	0.997140092007244
Silvanigrellaceae	0.289460678533866	0.406563209003146	0.486042909058903	-7.10721429961454e-05	0.991101074635518	0.99938308321266	0.997140092007244
Simkaniaceae	0.52370645496256	0.341179832705902	0.35825657616001	4.18509834443182e-05	0.991101074635518	0.99938308321266	0.997140092007244
Sinobacteraceae	0.656460053185649	0.919943556766226	0.750613823928523	2.24284504763725e-05	0.991101074635518	0.99938308321266	0.997140092007244
Solibacteraceae	0.850984566521814	0.266297505242378	0.40509291012693	8.69635140717231e-06	0.991101074635518	0.99938308321266	0.997140092007244
Sordariaceae	0.95753294789455	0.816230864537524	0.651053300132474	2.23050030104863e-06	0.991101074635518	0.99938308321266	0.997140092007244
Sphaerobacteraceae	0.409169021949813	0.953122323179724	0.783457860584619	4.15464964749847e-05	0.991101074635518	0.99938308321266	0.997140092007244
Sphingobacteriaceae	0.306965535871811	0.242907824669085	0.44590727318278	-3.20632504628622e-05	0.991101074635518	0.99938308321266	0.997140092007244
Sphingomonadaceae	0.855465370932376	0.811170661516378	0.786642809052168	7.89174328568167e-06	0.991101074635518	0.99938308321266	0.997140092007244
Spirochaetaceae	0.955329075381533	0.817977169675672	0.728639807199914	1.9789326382104e-06	0.991101074635518	0.99938308321266	0.997140092007244
Spiroplasmataceae	0.261365126698504	0.648176183073514	0.604370555077687	-6.9785017926084e-05	0.991101074635518	0.99938308321266	0.997140092007244
Spongiibacteraceae	0.368598304319554	0.907835404962424	0.92907588936616	-4.22132000442479e-05	0.991101074635518	0.99938308321266	0.997140092007244
Sporichthyaceae	0.725073348881794	0.366038951188793	0.469141315329605	-2.04456136339304e-05	0.991101074635518	0.99938308321266	0.997140092007244
Sporolactobacillaceae	0.165972825553641	0.908337035047052	0.652560120061703	-5.43405446365948e-05	0.991101074635518	0.99938308321266	0.997140092007244
Sporomusaceae	0.389239181981568	0.438586237424559	0.35047853414535	3.07439477876694e-05	0.991101074635518	0.99938308321266	0.997140092007244
Staphylococcaceae	0.0976712629862272	0.4436926706247	0.39162224997065	-7.95109900376105e-05	0.991101074635518	0.99938308321266	0.997140092007244
Steroidobacteraceae	0.293404528835864	0.661121050057545	0.979988434340257	-4.99336475587847e-05	0.991101074635518	0.99938308321266	0.997140092007244
Sterolibacteriaceae	0.843450464149804	0.494964833088634	0.499799513669775	-9.61954059924648e-06	0.991101074635518	0.99938308321266	0.997140092007244
Streptococcaceae	0.306168128638817	0.390347467701926	0.394219006410355	-9.03803138270403e-05	0.991101074635518	0.99938308321266	0.997140092007244
Streptomycetaceae	0.570581100010026	0.79992334977048	0.685432579089488	2.69413758142473e-05	0.991101074635518	0.99938308321266	0.997140092007244
Streptosporangiaceae	0.643742730613765	0.812075474018387	0.956479169507422	2.12779778997596e-05	0.991101074635518	0.99938308321266	0.997140092007244
Succinivibrionaceae	0.0408384743417104	0.819778326029223	0.806447190175222	-0.000104575104789503	0.991101074635518	0.99938308321266	0.997140092007244
Sulfolobaceae	0.162034870279534	0.955475368752063	0.630143399538902	-5.68425719685739e-05	0.991101074635518	0.99938308321266	0.997140092007244
Sutterellaceae	0.763550434908347	0.239708733232667	0.193906431252462	2.30213533633879e-05	0.991101074635518	0.99938308321266	0.997140092007244
Symbiobacteriaceae	0.890439048993974	0.767671950705117	0.849040011708583	-7.44722951884537e-06	0.991101074635518	0.99938308321266	0.997140092007244
Synechococcaceae	0.965332333075338	0.863971205818346	0.904568739408227	-1.9458841840807e-06	0.991101074635518	0.99938308321266	0.997140092007244
Synergistaceae	0.301201718523328	0.511002338078081	0.614520700028006	-6.09019126457614e-05	0.991101074635518	0.99938308321266	0.997140092007244
Syntrophaceae	0.548367830616395	0.880990580531851	0.89924405598332	-2.80277839265955e-05	0.991101074635518	0.99938308321266	0.997140092007244
Syntrophobacteraceae	0.740323480890968	0.827905469526238	0.682395610079474	1.51485490864841e-05	0.991101074635518	0.99938308321266	0.997140092007244
Syntrophomonadaceae	0.823095657235435	0.861034790343733	0.987671549912497	-1.02517009400272e-05	0.991101074635518	0.99938308321266	0.997140092007244
Tannerellaceae	0.612354250250575	0.152452573482788	0.111172389134244	4.94022511330061e-05	0.991101074635518	0.99938308321266	0.997140092007244
Tepidiformaceae	0.837712662123286	0.640641863423342	0.910897491612502	-1.0596008385135e-05	0.991101074635518	0.99938308321266	0.997140092007244
Thermaceae	0.40852723475918	0.8179697437722	0.596612444090031	3.60978829340456e-05	0.991101074635518	0.99938308321266	0.997140092007244
Thermoactinomycetaceae	0.674924926275982	0.52532068429849	0.489587645499842	1.65780825359814e-05	0.991101074635518	0.99938308321266	0.997140092007244
Thermoanaerobacteraceae	0.525278879984237	0.786866872798994	0.720116595710406	-2.32787534321546e-05	0.991101074635518	0.99938308321266	0.997140092007244
Thermoanaerobacterales Family III. Incertae Sedis	0.177072085847159	0.749981837766767	0.608376861443417	-5.54320744040108e-05	0.991101074635518	0.99938308321266	0.997140092007244
Thermoanaerobacterales Family IV. Incertae Sedis	0.612163007875712	0.708906375812314	0.887621102282679	-1.79410804299425e-05	0.991101074635518	0.99938308321266	0.997140092007244
Thermococcaceae	0.868910488441738	0.833489807273538	0.910976520163069	-6.16353197035736e-06	0.991101074635518	0.99938308321266	0.997140092007244
Thermodesulfobacteriaceae	0.297678786117945	0.752024469124858	0.757560710613227	-4.35095785049238e-05	0.991101074635518	0.99938308321266	0.997140092007244
Thermodesulfobiaceae	0.840880573838093	0.568235526608471	0.889444640944065	-1.33809045046185e-05	0.991101074635518	0.99938308321266	0.997140092007244
Thermofilaceae	0.783152135217634	0.462159477866851	0.531407502665186	-1.70165449646213e-05	0.991101074635518	0.99938308321266	0.997140092007244
Thermoguttaceae	0.249800389666134	0.356982299423292	0.23000632394531	5.71623475411122e-05	0.991101074635518	0.99938308321266	0.997140092007244
Thermomicrobiaceae	0.998845426152702	0.757811764836058	0.984845999994661	-8.46978343899555e-08	0.999604887491604	0.99938308321266	0.997140092007244
Thermomonosporaceae	0.753453602121519	0.646552052143521	0.633457718681072	1.65387860951898e-05	0.991101074635518	0.99938308321266	0.997140092007244
Thermoplasmataceae	0.275366447048548	0.331860815995593	0.518623428634201	-7.71576267915383e-05	0.991101074635518	0.99938308321266	0.997140092007244
Thermoproteaceae	0.599823259772327	0.536172588741249	0.615372286666772	-2.50407061348577e-05	0.991101074635518	0.99938308321266	0.997140092007244
Thermotogaceae	0.207319013650691	0.874045500166807	0.964234332333585	-5.22068996189459e-05	0.991101074635518	0.99938308321266	0.997140092007244
Thioalkalibacteraceae	0.759182097049382	0.332145837418851	0.334280381949177	1.59263278968639e-05	0.991101074635518	0.99938308321266	0.997140092007244
Thioalkalispiraceae	0.788786898690545	0.229733315389138	0.242256069755416	1.23329368296713e-05	0.991101074635518	0.99938308321266	0.997140092007244
Thiobacillaceae	0.558595675944484	0.536545770105041	0.757580657481663	-3.1233023843801e-05	0.991101074635518	0.99938308321266	0.997140092007244
Thiotrichaceae	0.147875787052179	0.889768643071409	0.767768537219017	-6.75839996057557e-05	0.991101074635518	0.99938308321266	0.997140092007244
Tissierellaceae	0.811210786575927	0.819787394706826	0.757628465166368	-9.57172598730133e-06	0.991101074635518	0.99938308321266	0.997140092007244
Tolypothrichaceae	0.123396197257916	0.991865840897559	0.847045495363942	-9.73561034948576e-05	0.991101074635518	0.99938308321266	0.997140092007244
Trichocomaceae	0.140589624392455	0.400190718223678	0.415988177504149	-7.21619856637867e-05	0.991101074635518	0.99938308321266	0.997140092007244
Trichomonascaceae	0.341109298727355	0.479239511967891	0.488119485590397	-4.50437599395809e-05	0.991101074635518	0.99938308321266	0.997140092007244
Trueperaceae	0.860699354325066	0.774413763347107	0.975599878607076	-9.55839039901508e-06	0.991101074635518	0.99938308321266	0.997140092007244
Tsukamurellaceae	0.324858619145412	0.405807135433092	0.271449575976482	4.88562880732173e-05	0.991101074635518	0.99938308321266	0.997140092007244
Unclassified Acidobacteria Phylum	0.0736541134330779	0.555429808491897	0.208005119308752	-0.000129763244539566	0.991101074635518	0.99938308321266	0.997140092007244
Unclassified Actinobacteria Class	0.413602334277646	0.823674811317726	0.653821086433254	3.67666098899604e-05	0.991101074635518	0.99938308321266	0.997140092007244
Unclassified Actinobacteria Phylum	0.413904470495021	0.70972530291135	0.807698206824053	4.46615003700555e-05	0.991101074635518	0.99938308321266	0.997140092007244
Unclassified Alphaproteobacteria Class	0.828826552210239	0.807402877494058	0.717267393611797	9.66086030528215e-06	0.991101074635518	0.99938308321266	0.997140092007244
Unclassified Alteromonadales Order	0.643908944254675	0.728821540684127	0.949325207517767	-1.97142853562731e-05	0.991101074635518	0.99938308321266	0.997140092007244
Unclassified Aquificales Order	0.52062143524386	0.788118207281328	0.960926540912891	-3.7178147902499e-05	0.991101074635518	0.99938308321266	0.997140092007244
Unclassified Armatimonadetes Phylum	0.517107333799675	0.583628628365287	0.423457409733469	2.80225043159875e-05	0.991101074635518	0.99938308321266	0.997140092007244
Unclassified Ascomycota Phylum	0.75820965226473	0.0261236717602054	0.122832945648586	2.10409447601197e-05	0.991101074635518	0.99938308321266	0.997140092007244
Unclassified Bacillales Order	0.588986833554056	0.866378633065118	0.982464576373971	-2.03299629893942e-05	0.991101074635518	0.99938308321266	0.997140092007244
Unclassified Bacilli Class	0.328162764733194	0.738894389372897	0.750899273641911	-4.07989989163826e-05	0.991101074635518	0.99938308321266	0.997140092007244
Unclassified Bacteroidales Order	0.866176939806326	0.390309416727226	0.45681122697597	1.35446450410036e-05	0.991101074635518	0.99938308321266	0.997140092007244
Unclassified Bacteroidetes Phylum	0.92907020579958	0.198559173084575	0.292499420550353	-5.40744847390109e-06	0.991101074635518	0.99938308321266	0.997140092007244
Unclassified Bacteroidia Class	0.962200674968496	0.204717624119099	0.234095678536796	3.91666531130507e-06	0.991101074635518	0.99938308321266	0.997140092007244
Unclassified Balneolaeota Phylum	0.660295575306173	0.297392824664781	0.391972002431361	-2.08005996397534e-05	0.991101074635518	0.99938308321266	0.997140092007244
Unclassified Betaproteobacteria Class	0.821104918028899	0.469495565496523	0.475274961837844	1.06873407383644e-05	0.991101074635518	0.99938308321266	0.997140092007244
Unclassified Blastocatellia Class	0.3053284441891	0.678578245523352	0.805831150638037	5.15435367692102e-05	0.991101074635518	0.99938308321266	0.997140092007244
Unclassified Bradymonadales Order	0.597010601001592	0.459092463642437	0.347960574262726	2.31512367945597e-05	0.991101074635518	0.99938308321266	0.997140092007244
Unclassified Burkholderiales Order	0.667573160550873	0.55875387519193	0.440346985919578	2.07130427201353e-05	0.991101074635518	0.99938308321266	0.997140092007244
Unclassified Campylobacterales Order	0.575334233411286	0.870179304120144	0.967789939414944	-2.50380103882645e-05	0.991101074635518	0.99938308321266	0.997140092007244
Unclassified Candidatus Bipolaricaulota Phylum	0.739390457367734	0.382831045817905	0.578069893523437	-1.78119236771559e-05	0.991101074635518	0.99938308321266	0.997140092007244
Unclassified Candidatus Cloacimonetes Phylum	0.0746912297960726	0.638449016697402	0.868736077373511	-0.000110374188329991	0.991101074635518	0.99938308321266	0.997140092007244
Unclassified Candidatus Gracilibacteria Phylum	0.956404005569741	0.611123628280391	0.545691525356307	-3.85387952336382e-06	0.991101074635518	0.99938308321266	0.997140092007244
Unclassified Candidatus Saccharibacteria Phylum	0.907460610506941	0.820775424777993	0.787596402827816	-6.22241151782025e-06	0.991101074635518	0.99938308321266	0.997140092007244
Unclassified Cellvibrionales Order	0.672154596068951	0.398462490436369	0.57520079274737	-2.91542646012768e-05	0.991101074635518	0.99938308321266	0.997140092007244
Unclassified Chromatiales Order	0.688430262247642	0.556212489952039	0.491331343188207	1.96011989492829e-05	0.991101074635518	0.99938308321266	0.997140092007244
Unclassified Chroococcales Order	0.902145585449326	0.488496168538754	0.743385449485039	-1.13275400262321e-05	0.991101074635518	0.99938308321266	0.997140092007244
Unclassified Clostridia Class	0.391959657833711	0.800717371324131	0.69446643040331	-3.45449364810833e-05	0.991101074635518	0.99938308321266	0.997140092007244
Unclassified Clostridiales Order	0.620851862371875	0.521493040029006	0.73191827781267	1.61540254649129e-05	0.991101074635518	0.99938308321266	0.997140092007244
Unclassified Coriobacteriales Order	0.923288057625389	0.444537204862148	0.415063549321175	6.80576573964897e-06	0.991101074635518	0.99938308321266	0.997140092007244
Unclassified Coriobacteriia Class	0.572928558267042	0.656480919418688	0.770046226641815	3.89392187153815e-05	0.991101074635518	0.99938308321266	0.997140092007244
Unclassified Corynebacteriales Order	0.609485560992288	0.762531668943515	0.72486529326044	2.42562228022187e-05	0.991101074635518	0.99938308321266	0.997140092007244
Unclassified Cyanobacteria Phylum	0.173194665849884	0.153942426522338	0.180711610274075	-5.58105469413902e-05	0.991101074635518	0.99938308321266	0.997140092007244
Unclassified Cytophagales Order	0.370462374381982	0.421586706844454	0.692194965650475	-3.49811459349743e-05	0.991101074635518	0.99938308321266	0.997140092007244
Unclassified Dehalococcoidia Class	0.921869452300383	0.880636916261398	0.910717887662089	-5.01973530420729e-06	0.991101074635518	0.99938308321266	0.997140092007244
Unclassified Deinococci Class	0.756895537520464	0.304754789683188	0.591134653168121	2.01983944440649e-05	0.991101074635518	0.99938308321266	0.997140092007244
Unclassified Deltaproteobacteria Class	0.492397397372527	0.20262658591265	0.11588865173613	3.39584523901252e-05	0.991101074635518	0.99938308321266	0.997140092007244
Unclassified Desulfobacterales Order	0.716561105418573	0.899769666421441	0.805311920082755	-3.08072571334702e-05	0.991101074635518	0.99938308321266	0.997140092007244
Unclassified Desulfovibrionales Order	0.69583707553136	0.63082680489119	0.459636244406274	-2.4359431415666e-05	0.991101074635518	0.99938308321266	0.997140092007244
Unclassified Desulfuromonadales Order	0.215401198274325	0.37323682610144	0.154396040233612	5.7343444343895e-05	0.991101074635518	0.99938308321266	0.997140092007244
Unclassified Elusimicrobia Phylum	0.287757568436704	0.537664518216162	0.341082111472869	-5.94855102634827e-05	0.991101074635518	0.99938308321266	0.997140092007244
Unclassified Enterobacterales Order	0.150499458441504	0.528271428221647	0.605981930931468	-6.64469126912064e-05	0.991101074635518	0.99938308321266	0.997140092007244
Unclassified Entomoplasmatales Order	0.501904638643419	0.964182603505601	0.617955737319989	5.65829011467722e-05	0.991101074635518	0.99938308321266	0.997140092007244
Unclassified Epsilonproteobacteria Class	0.0229987722286526	0.651691613718063	0.475311691011269	-9.18662647224229e-05	0.991101074635518	0.99938308321266	0.997140092007244
Unclassified Euryarchaeota Phylum	0.650660908764096	0.844649184518931	0.98352924513853	2.27477621874095e-05	0.991101074635518	0.99938308321266	0.997140092007244
Unclassified Firmicutes Phylum	0.18294114526425	0.815457606520481	0.655586756007246	-4.70068327647911e-05	0.991101074635518	0.99938308321266	0.997140092007244
Unclassified Flavobacteriales Order	0.240345872246086	0.910312844521509	0.89620100882179	-6.37808831083105e-05	0.991101074635518	0.99938308321266	0.997140092007244
Unclassified Frankiales Order	0.624318994377509	0.775926496422411	0.627264184463112	2.89716515889887e-05	0.991101074635518	0.99938308321266	0.997140092007244
Unclassified Fusobacteriales Order	0.0917905695275322	0.382372837487929	0.395563541136865	-9.52547904679925e-05	0.991101074635518	0.99938308321266	0.997140092007244
Unclassified Gammaproteobacteria Class	0.814998287536862	0.644041210174268	0.708045511868313	-8.55129818153083e-06	0.991101074635518	0.99938308321266	0.997140092007244
Unclassified Halanaerobiales Order	0.420782343244976	0.862482515995886	0.794782456866279	-3.75572852872808e-05	0.991101074635518	0.99938308321266	0.997140092007244
Unclassified Halobacteria Class	0.300455970055305	0.822122512495523	0.437705161984126	5.38096942236208e-05	0.991101074635518	0.99938308321266	0.997140092007244
Unclassified Halobacteriales Order	0.220856200936592	0.671455546439399	0.688507905195083	8.14714917110147e-05	0.991101074635518	0.99938308321266	0.997140092007244
Unclassified Haloferacales Order	0.170462298342631	0.592238526610986	0.151093318332882	6.48046283364776e-05	0.991101074635518	0.99938308321266	0.997140092007244
Unclassified Ignavibacteriales Order	0.039232306318429	0.835273718747853	0.51261986336903	-0.000214192955305383	0.991101074635518	0.99938308321266	0.997140092007244
Unclassified Kiritimatiellaeota Phylum	0.727602469979956	0.721143428931199	0.729738759112703	-1.51260728899665e-05	0.991101074635518	0.99938308321266	0.997140092007244
Unclassified Lactobacillales Order	0.605970827628566	0.947489267658854	0.933759917957115	-2.48529127557962e-05	0.991101074635518	0.99938308321266	0.997140092007244
Unclassified Methanococcales Order	0.110390590068684	0.707767156501494	0.69129252054996	-0.000110001919250115	0.991101074635518	0.99938308321266	0.997140092007244
Unclassified Micrococcales Order	0.631918178984414	0.711210268717362	0.720916960439336	2.24104413764285e-05	0.991101074635518	0.99938308321266	0.997140092007244
Unclassified Mollicutes Class	0.648072124590644	0.946774649788583	0.821874538355086	3.44815552058383e-05	0.991101074635518	0.99938308321266	0.997140092007244
Unclassified Myxococcales Order	0.646078401669717	0.788930278634762	0.606231255959264	2.36076463644121e-05	0.991101074635518	0.99938308321266	0.997140092007244
Unclassified Negativicutes Class	0.87769845632683	0.59170351730827	0.508968816655687	7.79535148534913e-06	0.991101074635518	0.99938308321266	0.997140092007244
Unclassified Neisseriales Order	0.50772967499883	0.786189208844966	0.810012111258812	-4.24412335457859e-05	0.991101074635518	0.99938308321266	0.997140092007244
Unclassified Nitrosomonadales Order	0.442680197002283	0.746950796129286	0.848533643931687	-4.57490953576523e-05	0.991101074635518	0.99938308321266	0.997140092007244
Unclassified Nostocales Order	0.276574108657612	0.85358074264805	0.688236672944759	-4.35049925573755e-05	0.991101074635518	0.99938308321266	0.997140092007244
Unclassified Oceanospirillales Order	0.550337547646967	0.0741368008219973	0.0857988836833463	2.48298861243747e-05	0.991101074635518	0.99938308321266	0.997140092007244
Unclassified Oscillatoriales Order	0.588008399168064	0.198876684897465	0.115270003294976	2.76710783728226e-05	0.991101074635518	0.99938308321266	0.997140092007244
Unclassified Phycisphaerae Class	0.838713000150608	0.561767857017466	0.677614698057037	-9.93510087759824e-06	0.991101074635518	0.99938308321266	0.997140092007244
Unclassified Planctomycetales Order	0.675883011380669	0.966900994226957	0.853420157409507	2.03158053397122e-05	0.991101074635518	0.99938308321266	0.997140092007244
Unclassified Planctomycetes Phylum	0.976450387344155	0.7748099947406	0.812041246054241	-1.21327440953586e-06	0.991101074635518	0.99938308321266	0.997140092007244
Unclassified Planctomycetia Class	0.870322808347181	0.583045148149972	0.716875609754398	8.774940026089e-06	0.991101074635518	0.99938308321266	0.997140092007244
Unclassified Propionibacteriales Order	0.769616514691745	0.554395502394245	0.746909764407221	-1.64089228608402e-05	0.991101074635518	0.99938308321266	0.997140092007244
Unclassified Proteobacteria Phylum	0.976318162783416	0.783320727449387	0.735170348658464	1.28035050686791e-06	0.991101074635518	0.99938308321266	0.997140092007244
Unclassified Pseudomonadales Order	0.697405562460246	0.636777729576736	0.603238455089899	1.81401524620912e-05	0.991101074635518	0.99938308321266	0.997140092007244
Unclassified Rhizobiales Order	0.699042061920084	0.766686850820396	0.602968967534402	1.72591092603315e-05	0.991101074635518	0.99938308321266	0.997140092007244
Unclassified Rhodobacterales Order	0.172148770268553	0.0875436607115502	0.0750295824063924	9.49098881747312e-05	0.991101074635518	0.99938308321266	0.997140092007244
Unclassified Rhodocyclales Order	0.447754950931067	0.741529710476855	0.651236637526413	4.05534045586181e-05	0.991101074635518	0.99938308321266	0.997140092007244
Unclassified Rhodospirillales Order	0.886738476106411	0.67841168022473	0.619267328851105	9.45282611690599e-06	0.991101074635518	0.99938308321266	0.997140092007244
Unclassified Rickettsiales Order	0.11886098750826	0.532879116223758	0.403566345639246	-0.000114764896649782	0.991101074635518	0.99938308321266	0.997140092007244
Unclassified Saccharomycetales Order	0.535924574187878	0.714151937777529	0.753982008321233	-4.36638355342133e-05	0.991101074635518	0.99938308321266	0.997140092007244
Unclassified Silvanigrellales Order	0.709978044422362	0.941024803511741	0.935183073678998	-1.73322939303052e-05	0.991101074635518	0.99938308321266	0.997140092007244
Unclassified Sordariomycetes Class	0.682253895089	0.423036687228137	0.705591341746934	3.95973189114529e-05	0.991101074635518	0.99938308321266	0.997140092007244
Unclassified Sphingomonadales Order	0.779926929738424	0.859933885807582	0.76674386281613	1.22163160038316e-05	0.991101074635518	0.99938308321266	0.997140092007244
Unclassified Streptosporangiales Order	0.865093471169732	0.893535561753566	0.912556439513204	1.12369687578754e-05	0.991101074635518	0.99938308321266	0.997140092007244
Unclassified Synechococcales Order	0.777566127119456	0.670408474288496	0.853377193474644	-2.23262399500258e-05	0.991101074635518	0.99938308321266	0.997140092007244
Unclassified Tenericutes Phylum	0.520183610481088	0.979280327162062	0.900505510051419	-3.65584009531827e-05	0.991101074635518	0.99938308321266	0.997140092007244
Unclassified Thaumarchaeota Phylum	0.234853615529325	0.942086722704164	0.89700041295427	-6.28203524736788e-05	0.991101074635518	0.99938308321266	0.997140092007244
Unclassified Thermoanaerobacterales Order	0.778766735502654	0.84561471169118	0.930406082696702	-1.31618976053474e-05	0.991101074635518	0.99938308321266	0.997140092007244
Unclassified Thermoplasmata Class	0.757116028091044	0.21412445821052	0.405663992945693	1.6283679640034e-05	0.991101074635518	0.99938308321266	0.997140092007244
Unclassified Thermoplasmatales Order	0.987501848574974	0.560877380600447	0.764257178655053	8.74314728457377e-07	0.995402639051874	0.99938308321266	0.997140092007244
Unclassified Tissierellia Class	0.185410654280227	0.493048574789982	0.542349032517016	-7.26212551555574e-05	0.991101074635518	0.99938308321266	0.997140092007244
Unclassified Verrucomicrobia Phylum	0.804905097738254	0.735917008667545	0.598477579557576	-1.2065340528802e-05	0.991101074635518	0.99938308321266	0.997140092007244
Unclassified Verrucomicrobiales Order	0.699523631326907	0.774762877982326	0.937684264532271	-5.00977673941992e-05	0.991101074635518	0.99938308321266	0.997140092007244
Unclassified Victivallales Order	0.380377306239659	0.0458337258907467	0.156337010319642	-7.04495284969646e-05	0.991101074635518	0.99938308321266	0.997140092007244
Unclassified Xanthomonadales Order	0.337758212143391	0.576991619673907	0.29341418646043	5.27493097211052e-05	0.991101074635518	0.99938308321266	0.997140092007244
Unclassified candidate division Zixibacteria Phylum	0.812557157720068	0.262354820591448	0.269215432673558	-1.0181157350313e-05	0.991101074635518	0.99938308321266	0.997140092007244
Unikaryonidae	0.626725670484948	0.313291703917142	0.241970480094887	-2.46597283402134e-05	0.991101074635518	0.99938308321266	0.997140092007244
Ustilaginaceae	0.735653118737529	0.834574044245373	0.981277883608201	1.50232043255224e-05	0.991101074635518	0.99938308321266	0.997140092007244
Vallitaleaceae	0.703453709654236	0.75527460062263	0.663565960801937	-1.75189310480012e-05	0.991101074635518	0.99938308321266	0.997140092007244
Veillonellaceae	0.915913449950107	0.186356384390154	0.478455877883897	-6.72192123206936e-06	0.991101074635518	0.99938308321266	0.997140092007244
Verrucomicrobiaceae	0.56761562853021	0.865256785323272	0.505262525475532	2.918832785034e-05	0.991101074635518	0.99938308321266	0.997140092007244
Vibrionaceae	0.24623986352372	0.778036732505944	0.968932089386214	-4.09730043873609e-05	0.991101074635518	0.99938308321266	0.997140092007244
Vicinamibacteraceae	0.909721453276826	0.9037567628924	0.820162391934941	5.68329068073069e-06	0.991101074635518	0.99938308321266	0.997140092007244
Vulgatibacteraceae	0.420485177220755	0.933233320659169	0.808537359925498	-4.69716195335124e-05	0.991101074635518	0.99938308321266	0.997140092007244
Waddliaceae	0.187455229084126	0.455023411417031	0.287684704273129	-8.35552624776259e-05	0.991101074635518	0.99938308321266	0.997140092007244
Wenzhouxiangellaceae	0.905632750288446	0.915968115290418	0.935996038536733	-6.70703700032059e-06	0.991101074635518	0.99938308321266	0.997140092007244
Woeseiaceae	0.0787472942964869	0.7776107004601	0.526202305932469	-0.000104500900520448	0.991101074635518	0.99938308321266	0.997140092007244
Xanthobacteraceae	0.822935266187003	0.985827084440416	0.943736904910142	-1.11218567439094e-05	0.991101074635518	0.99938308321266	0.997140092007244
Xanthomonadaceae	0.577808559540414	0.742924736017114	0.645259565961044	2.57121954718978e-05	0.991101074635518	0.99938308321266	0.997140092007244
Yersiniaceae	0.816958940523217	0.735726547086235	0.764386911990727	-9.18922998800019e-06	0.991101074635518	0.99938308321266	0.997140092007244
Zoogloeaceae	0.7037453846762	0.844580108228363	0.723236798742164	1.73654475872984e-05	0.991101074635518	0.99938308321266	0.997140092007244
