p-variable	p-treatment	p-interaction	slope	adjusted.p-variable	adjusted.p-treatment	adjusted.p-interaction
Acaryochloridaceae	0.312103500777934	0.7217458388229	0.464580829764498	0.00939290948991212	0.995079705772104	0.996474747558481	0.99909601806862
Acetobacteraceae	0.76461145104416	0.640915397840378	0.914697041686466	-0.00212355892277219	0.995079705772104	0.996474747558481	0.99909601806862
Acholeplasmataceae	0.349874932378479	0.445882894045725	0.355228092442997	-0.0090129493127515	0.995079705772104	0.996474747558481	0.99909601806862
Acidaminococcaceae	0.0849473907313502	0.116397527341192	0.0910190996094414	-0.0381563984472303	0.995079705772104	0.996474747558481	0.99909601806862
Acidiferrobacteraceae	0.570045349044785	0.876692122375794	0.844284876806909	0.00458240110771084	0.995079705772104	0.996474747558481	0.99909601806862
Acidilobaceae	0.720756513904952	0.783915722954419	0.404874578361289	-0.00361166212979656	0.995079705772104	0.996474747558481	0.99909601806862
Acidimicrobiaceae	0.606670819951657	0.337051256045887	0.279847983748163	-0.00595452597619101	0.995079705772104	0.996474747558481	0.99909601806862
Acidithiobacillaceae	0.785761287314351	0.794855978835113	0.660315610937229	-0.00205553352647253	0.995079705772104	0.996474747558481	0.99909601806862
Acidobacteriaceae	0.812599885962221	0.943875538919724	0.757147827056138	-0.00178045072808156	0.995079705772104	0.996474747558481	0.99909601806862
Acidothermaceae	0.958737247644604	0.322559874106951	0.695774955589295	0.000385794128889862	0.995079705772104	0.996474747558481	0.99909601806862
Actinomycetaceae	0.205082469681678	0.0619144458976338	0.0595145408700621	-0.0107256577176338	0.995079705772104	0.996474747558481	0.99909601806862
Actinopolysporaceae	0.402869322929631	0.525830057006316	0.588888413909528	-0.00858058411818612	0.995079705772104	0.996474747558481	0.99909601806862
Aerococcaceae	0.953607687753959	0.893329681355063	0.668906408278187	0.000350104500404616	0.995079705772104	0.996474747558481	0.99909601806862
Aeromonadaceae	0.980016429380148	0.556641669796623	0.726357808400456	0.00018709676908036	0.995079705772104	0.996474747558481	0.99909601806862
Akkermansiaceae	0.618381048856293	0.597386117385293	0.660674621705302	-0.0143113645788617	0.995079705772104	0.996474747558481	0.99909601806862
Alcaligenaceae	0.975233710687932	0.961824394217081	0.877772306319676	0.000222539778017444	0.995079705772104	0.996474747558481	0.99909601806862
Alcanivoracaceae	0.978863596054297	0.55523471005141	0.876334023753672	0.000180058926567051	0.995079705772104	0.996474747558481	0.99909601806862
Alicyclobacillaceae	0.638773134144127	0.692133716075908	0.749964022585688	0.003400671501167	0.995079705772104	0.996474747558481	0.99909601806862
Alteromonadaceae	0.76560719273274	0.779214958683853	0.94229338930959	-0.00186445586837274	0.995079705772104	0.996474747558481	0.99909601806862
Amoebophilaceae	0.639868355555166	0.884132874915232	0.96556747894422	-0.00424101532132228	0.995079705772104	0.996474747558481	0.99909601806862
Anaerohalosphaeraceae	0.8385084796108	0.858678954222632	0.971974835369782	-0.00170858146184125	0.995079705772104	0.996474747558481	0.99909601806862
Anaerolineaceae	0.978731161583048	0.586781633508312	0.800462159598636	0.000183271553127498	0.995079705772104	0.996474747558481	0.99909601806862
Anaeromyxobacteraceae	0.884394291560937	0.843775563045359	0.961294832282943	0.00123906628213893	0.995079705772104	0.996474747558481	0.99909601806862
Anaplasmataceae	0.0710299351114616	0.150808602322828	0.0887868896115448	-0.0146466862064987	0.995079705772104	0.996474747558481	0.99909601806862
Aphanizomenonaceae	0.650519913596716	0.528008212062373	0.378984874194641	0.00358386538717715	0.995079705772104	0.996474747558481	0.99909601806862
Aphanothecaceae	0.582358798857748	0.967530600738729	0.872216839661205	-0.00388530583040469	0.995079705772104	0.996474747558481	0.99909601806862
Aquificaceae	0.821133552820706	0.856404974644565	0.808635942058288	-0.00197179949943381	0.995079705772104	0.996474747558481	0.99909601806862
Archaeoglobaceae	0.817243569607955	0.86938565080648	0.709635336954684	-0.00169851523094187	0.995079705772104	0.996474747558481	0.99909601806862
Archangiaceae	0.842050224292	0.736742103073918	0.895368359047811	0.00158609008229697	0.995079705772104	0.996474747558481	0.99909601806862
Ardenticatenaceae	0.487497115572562	0.972612984029349	0.97679514587153	0.00575607170114467	0.995079705772104	0.996474747558481	0.99909601806862
Aspergillaceae	0.632207360342891	0.481628307675137	0.52160436500903	0.00334833513731624	0.995079705772104	0.996474747558481	0.99909601806862
Atopobiaceae	0.340209852940062	0.430621304910328	0.223543709108891	-0.0094705253991069	0.995079705772104	0.996474747558481	0.99909601806862
Aurantimonadaceae	0.762911908123118	0.414868161432321	0.601747151635203	0.00235096205720083	0.995079705772104	0.996474747558481	0.99909601806862
Azonexaceae	0.358068633975665	0.357879220594266	0.197073100850845	-0.00641761785626785	0.995079705772104	0.996474747558481	0.99909601806862
Bacillaceae	0.670855670245833	0.781378155014481	0.715961303116655	-0.00269340748020794	0.995079705772104	0.996474747558481	0.99909601806862
Bacteriovoracaceae	0.267891281824467	0.628485761685203	0.564968449842183	-0.0107112357500851	0.995079705772104	0.996474747558481	0.99909601806862
Bacteroidaceae	0.961281024395412	0.377221991130718	0.36059050396026	0.000755041184254766	0.995079705772104	0.996474747558481	0.99909601806862
Baekduiaceae	0.611899006098115	0.690716821390471	0.700862474642866	0.00518097815247378	0.995079705772104	0.996474747558481	0.99909601806862
Barnesiellaceae	0.202110119486229	0.0195789593629419	0.023092534120108	0.0160780425862276	0.995079705772104	0.996474747558481	0.99909601806862
Bartonellaceae	0.33322213062405	0.986433739453449	0.862116111078844	-0.00705575526736729	0.995079705772104	0.996474747558481	0.99909601806862
Bdellovibrionaceae	0.507814896887518	0.785266793851513	0.957851830591582	-0.00439891145748474	0.995079705772104	0.996474747558481	0.99909601806862
Beijerinckiaceae	0.530677440388905	0.632417515338813	0.423318450391705	-0.00517351006439069	0.995079705772104	0.996474747558481	0.99909601806862
Bernardetiaceae	0.346456247936357	0.93335813249744	0.939366657952597	-0.0106082500606149	0.995079705772104	0.996474747558481	0.99909601806862
Beutenbergiaceae	0.980503924778472	0.911819701979031	0.682208829983701	0.000207752184477997	0.995079705772104	0.996474747558481	0.99909601806862
Bifidobacteriaceae	0.696122826987019	0.153415042777404	0.284279090248469	0.00727565701761843	0.995079705772104	0.996474747558481	0.99909601806862
Blattabacteriaceae	0.523521861983496	0.81518250151953	0.700357330361509	-0.00587741289619825	0.995079705772104	0.996474747558481	0.99909601806862
Bogoriellaceae	0.787396751215073	0.746144213611023	0.837496469263909	0.00242189852903926	0.995079705772104	0.996474747558481	0.99909601806862
Borreliaceae	0.192657878423054	0.330884268087446	0.3092684539061	-0.01325322262374	0.995079705772104	0.996474747558481	0.99909601806862
Brachyspiraceae	0.210373682547303	0.514183761495308	0.473514760874494	-0.012301055366051	0.995079705772104	0.996474747558481	0.99909601806862
Bradymonadaceae	0.944086564063054	0.700968490259495	0.699326983043678	0.000698933429509523	0.995079705772104	0.996474747558481	0.99909601806862
Bradyrhizobiaceae	0.924192045004448	0.813609387689556	0.968303284794384	0.000698328992105378	0.995079705772104	0.996474747558481	0.99909601806862
Brevibacteriaceae	0.434922529022642	0.800640605705606	0.891925497649737	0.00568289258737817	0.995079705772104	0.996474747558481	0.99909601806862
Brucellaceae	0.869872125461591	0.503682752255341	0.446077369088977	0.00111070823394986	0.995079705772104	0.996474747558481	0.99909601806862
Budviciaceae	0.119307783141398	0.236498040356915	0.179002857956541	0.0101190114979305	0.995079705772104	0.996474747558481	0.99909601806862
Burkholderiaceae	0.937519788719019	0.859325294783803	0.987652548018425	0.000569011511321201	0.995079705772104	0.996474747558481	0.99909601806862
Caldilineaceae	0.904419399067947	0.620918233527578	0.566085137140231	-0.000979074770267698	0.995079705772104	0.996474747558481	0.99909601806862
Caldisphaeraceae	0.0297217562121623	0.0491394245121418	0.0271510607440545	-0.0260042902393054	0.995079705772104	0.996474747558481	0.99909601806862
Calditrichaceae	0.404833504803943	0.456700989450274	0.521334199134546	0.0061380253034382	0.995079705772104	0.996474747558481	0.99909601806862
Calotrichaceae	0.625305469497275	0.538507210902893	0.45148258651681	-0.00345242659622658	0.995079705772104	0.996474747558481	0.99909601806862
Campylobacteraceae	0.908084207524482	0.252514593367444	0.205590987968	0.00110512357140279	0.995079705772104	0.996474747558481	0.99909601806862
Candidatus Brocadiaceae	0.858426388368556	0.538315722588136	0.924519775290798	-0.00140379703993122	0.995079705772104	0.996474747558481	0.99909601806862
Candidatus Deianiraeaceae	0.227842724197871	0.891798551683742	0.99301581716677	0.0164055938037876	0.995079705772104	0.996474747558481	0.99909601806862
Candidatus Methanomethylophilaceae	0.528105349057043	0.26887344496841	0.355692241545833	0.00641582377663356	0.995079705772104	0.996474747558481	0.99909601806862
Candidatus Midichloriaceae	0.424597205889331	0.571161022411231	0.54882879508982	-0.00922715047153214	0.995079705772104	0.996474747558481	0.99909601806862
Candidatus Nanopelagicaceae	0.106796193931017	0.615220419473496	0.423818545322297	-0.0138155384759376	0.995079705772104	0.996474747558481	0.99909601806862
Candidatus Paracaedibacteraceae	0.564488207643395	0.932443150525209	0.963732699860895	-0.00676377334497606	0.995079705772104	0.996474747558481	0.99909601806862
Cardiobacteriaceae	0.692475414093591	0.633452917023731	0.873007809208598	-0.00338549375778987	0.995079705772104	0.996474747558481	0.99909601806862
Carnobacteriaceae	0.26936596903616	0.400477696600386	0.39188155322199	-0.00838259922996941	0.995079705772104	0.996474747558481	0.99909601806862
Casimicrobiaceae	0.85298881839839	0.772716385113393	0.674572456287858	-0.00168103664811148	0.995079705772104	0.996474747558481	0.99909601806862
Catenulisporaceae	0.975882432661602	0.916357803783953	0.945597855758911	0.000268594817726932	0.995079705772104	0.996474747558481	0.99909601806862
Caulobacteraceae	0.906812785617541	0.948956986106197	0.816506277340451	-0.000909321155653046	0.995079705772104	0.996474747558481	0.99909601806862
Cellulomonadaceae	0.833069891221009	0.847401850335993	0.841905647492508	0.00173021006616661	0.995079705772104	0.996474747558481	0.99909601806862
Cellvibrionaceae	0.710833222276928	0.136370041977947	0.22759327650674	0.00259640861876227	0.995079705772104	0.996474747558481	0.99909601806862
Chaetomiaceae	0.956107339182799	0.516718786856367	0.650234327172299	-0.000425948530099545	0.995079705772104	0.996474747558481	0.99909601806862
Chamaesiphonaceae	0.885764784100884	0.802052134036347	0.865826490927378	0.00120596739117219	0.995079705772104	0.996474747558481	0.99909601806862
Chelatococcaceae	0.867340453450992	0.593047842933748	0.566175513337187	0.00156753178867489	0.995079705772104	0.996474747558481	0.99909601806862
Chitinophagaceae	0.383237994030695	0.195091559766263	0.214866102529806	0.00515939006989495	0.995079705772104	0.996474747558481	0.99909601806862
Chlamydiaceae	0.990868379689523	0.440967960713693	0.66718324761366	0.00010004076036953	0.995079705772104	0.996474747558481	0.99909601806862
Chlorobiaceae	0.637077220258418	0.301013854202827	0.427172755383275	0.00319709481397833	0.995079705772104	0.996474747558481	0.99909601806862
Chloroflexaceae	0.826701745935072	0.402482121278993	0.65852172061803	0.00176704230948739	0.995079705772104	0.996474747558481	0.99909601806862
Christensenellaceae	0.384987899698297	0.607653144009763	0.433695345567487	-0.00970549111773616	0.995079705772104	0.996474747558481	0.99909601806862
Chromatiaceae	0.974420128710784	0.823429080045362	0.987539977725712	0.000229564355679116	0.995079705772104	0.996474747558481	0.99909601806862
Chromobacteriaceae	0.894495669205348	0.946406906047224	0.77900682933679	-0.00102834774445595	0.995079705772104	0.996474747558481	0.99909601806862
Chroococcaceae	0.504090518030866	0.743901048107722	0.676760776344336	-0.00463713520025909	0.995079705772104	0.996474747558481	0.99909601806862
Chroococcidiopsidaceae	0.603983036924825	0.988450551196121	0.966625297885411	-0.00472355205736606	0.995079705772104	0.996474747558481	0.99909601806862
Chrysiogenaceae	0.905956750540919	0.820874118088823	0.997007134478982	0.000932235004409306	0.995079705772104	0.996474747558481	0.99909601806862
Chthonomonadaceae	0.167113134418802	0.697513335808786	0.816161192803225	0.0121228148935654	0.995079705772104	0.996474747558481	0.99909601806862
Clavicipitaceae	0.382667990888516	0.240134121896579	0.249211393097781	0.00638858864651414	0.995079705772104	0.996474747558481	0.99909601806862
Clostridiaceae	0.461166525638888	0.199116690860137	0.263792144263136	-0.0052654382102041	0.995079705772104	0.996474747558481	0.99909601806862
Clostridiales Family XIII. Incertae Sedis	0.236201486898845	0.536800023793342	0.547951843814577	-0.00860730048692682	0.995079705772104	0.996474747558481	0.99909601806862
Clostridiales Family XVI. Incertae Sedis	0.845984701121004	0.777895458182943	0.56184793566762	-0.00133343381737081	0.995079705772104	0.996474747558481	0.99909601806862
Clostridiales Family XVII. Incertae Sedis	0.90045779883198	0.919986251915756	0.997156025800525	-0.00112250227412816	0.995079705772104	0.996474747558481	0.99909601806862
Cohaesibacteraceae	0.632303808544465	0.94893675218488	0.761321901533197	-0.00394675398323841	0.995079705772104	0.996474747558481	0.99909601806862
Coleofasciculaceae	0.784008187096417	0.785499141280236	0.899574192878344	-0.00224333490457273	0.995079705772104	0.996474747558481	0.99909601806862
Colwelliaceae	0.647042749434928	0.592146309713093	0.493873783145136	-0.00292484972748353	0.995079705772104	0.996474747558481	0.99909601806862
Comamonadaceae	0.939292501112958	0.865073022881278	0.991580611354437	0.000585361688867715	0.995079705772104	0.996474747558481	0.99909601806862
Conexibacteraceae	0.436839105604213	0.696819582338047	0.830080500031498	0.00738101760664334	0.995079705772104	0.996474747558481	0.99909601806862
Coprothermobacteraceae	0.991900120369473	0.770454220756198	0.90986075973949	0.000126582044056194	0.995079705772104	0.996474747558481	0.99909601806862
Coriobacteriaceae	0.253603091530726	0.563486714349744	0.305448452268082	-0.0190560114811923	0.995079705772104	0.996474747558481	0.99909601806862
Corynebacteriaceae	0.708008566835624	0.915742058823086	0.882355596715605	0.00257211233497794	0.995079705772104	0.996474747558481	0.99909601806862
Coxiellaceae	0.333966205955797	0.1966895265754	0.108087067324209	-0.0068723817918053	0.995079705772104	0.996474747558481	0.99909601806862
Crocinitomicaceae	0.329770143437676	0.258759473851911	0.272066194181045	0.0090779366310986	0.995079705772104	0.996474747558481	0.99909601806862
Cryomorphaceae	0.224560174436013	0.0463682451393479	0.0402527449093058	0.0121542040498413	0.995079705772104	0.996474747558481	0.99909601806862
Cryptococcaceae	0.826884683221583	0.742858488433909	0.699396165492322	-0.00174848212071469	0.995079705772104	0.996474747558481	0.99909601806862
Cuniculiplasmataceae	0.142089429358322	0.244750271074693	0.322566873523688	-0.0141018823125092	0.995079705772104	0.996474747558481	0.99909601806862
Cyanobacteriaceae	0.16399287713328	0.485467796432533	0.494886460141441	-0.0126972843941822	0.995079705772104	0.996474747558481	0.99909601806862
Cyanothecaceae	0.49469453740311	0.232915657777143	0.182282406175456	-0.00553403534692983	0.995079705772104	0.996474747558481	0.99909601806862
Cyclobacteriaceae	0.391238509012977	0.298083445108579	0.276332890006062	0.00521153284810863	0.995079705772104	0.996474747558481	0.99909601806862
Cytophagaceae	0.201626006644236	0.147311754320616	0.169446342371142	0.00797645598460076	0.995079705772104	0.996474747558481	0.99909601806862
Debaryomycetaceae	0.39865602117908	0.419122106937886	0.43899610068976	-0.00765495880179157	0.995079705772104	0.996474747558481	0.99909601806862
Deferribacteraceae	0.317123295989516	0.553330788742389	0.480190466577376	-0.00669531757684829	0.995079705772104	0.996474747558481	0.99909601806862
Dehalococcoidaceae	0.183663466379029	0.839286462920566	0.660457703898901	0.0122567338053885	0.995079705772104	0.996474747558481	0.99909601806862
Deinococcaceae	0.753505743953382	0.737975052215594	0.885904392218476	0.00251991462068272	0.995079705772104	0.996474747558481	0.99909601806862
Dermabacteraceae	0.848571264685378	0.644063197986494	0.691758240332619	0.00144136299017729	0.995079705772104	0.996474747558481	0.99909601806862
Dermacoccaceae	0.693276565005774	0.933170858771042	0.758202462501226	0.00354286800943462	0.995079705772104	0.996474747558481	0.99909601806862
Dermatophilaceae	0.953175702272006	0.32288683378908	0.357027879070267	0.000395716642855805	0.995079705772104	0.996474747558481	0.99909601806862
Dermocarpellaceae	0.267288529324228	0.542026896633031	0.317423478134767	-0.0101561936174031	0.995079705772104	0.996474747558481	0.99909601806862
Desulfarculaceae	0.443621367141338	0.653537032684038	0.906214403697503	-0.0071082230474372	0.995079705772104	0.996474747558481	0.99909601806862
Desulfobacteraceae	0.841375152592217	0.666134004615394	0.815575942218515	0.00130535959268269	0.995079705772104	0.996474747558481	0.99909601806862
Desulfobulbaceae	0.69581905327079	0.519402347339896	0.543504959573886	0.00323372994302212	0.995079705772104	0.996474747558481	0.99909601806862
Desulfohalobiaceae	0.866122607432583	0.767788634756775	0.939070167086028	-0.00138799033285886	0.995079705772104	0.996474747558481	0.99909601806862
Desulfomicrobiaceae	0.689333777002485	0.284673006808634	0.234602641652585	0.0032663333327398	0.995079705772104	0.996474747558481	0.99909601806862
Desulfovibrionaceae	0.175799377237647	0.84588424581996	0.73239513629901	-0.0211370226863588	0.995079705772104	0.996474747558481	0.99909601806862
Desulfurellaceae	0.297274865086099	0.864280821958519	0.970172053213989	-0.0087242927466269	0.995079705772104	0.996474747558481	0.99909601806862
Desulfurobacteriaceae	0.379368603344261	0.49430274810877	0.335165025854814	-0.00749576361344274	0.995079705772104	0.996474747558481	0.99909601806862
Desulfurococcaceae	0.710280798307101	0.506074933983644	0.700188022720656	-0.00288277434890017	0.995079705772104	0.996474747558481	0.99909601806862
Desulfuromonadaceae	0.973545401743212	0.915509949619289	0.817882324827357	0.000237818405306491	0.995079705772104	0.996474747558481	0.99909601806862
Dictyoglomaceae	0.30514282083714	0.759011511810898	0.806304089987673	-0.0105463034947233	0.995079705772104	0.996474747558481	0.99909601806862
Dietziaceae	0.721977579054607	0.602604929332908	0.68997556145154	0.00288965842651794	0.995079705772104	0.996474747558481	0.99909601806862
Dipodascaceae	0.982427646161284	0.0194631708544641	0.0383059029256352	-0.000202793830990012	0.995079705772104	0.996474747558481	0.99909601806862
Dysgonamonadaceae	0.0687038293115323	0.0108737009668554	0.00790320358060955	0.0161027463526802	0.995079705772104	0.996474747558481	0.99909601806862
Ectothiorhodospiraceae	0.775588809486006	0.985148254466972	0.886660078040677	-0.00230415519094253	0.995079705772104	0.996474747558481	0.99909601806862
Eggerthellaceae	0.0446154429980976	0.00874930420794255	0.00664978893009859	-0.0294146531269457	0.995079705772104	0.996474747558481	0.99909601806862
Egibacteraceae	0.979268180102493	0.843604400643473	0.785561393688457	0.00023492441892531	0.995079705772104	0.996474747558481	0.99909601806862
Egicoccaceae	0.597396032476585	0.916223131393606	0.984728040264172	0.00531471852201125	0.995079705772104	0.996474747558481	0.99909601806862
Elusimicrobiaceae	0.283325507016707	0.936903992784549	0.847648533689618	-0.00856387410119876	0.995079705772104	0.996474747558481	0.99909601806862
Emcibacteraceae	0.764082701329328	0.681679601270999	0.57690669643261	-0.00213051397037984	0.995079705772104	0.996474747558481	0.99909601806862
Endomicrobiaceae	0.441674668249695	0.578458186336959	0.404536195882515	0.00732386033007398	0.995079705772104	0.996474747558481	0.99909601806862
Endozoicomonadaceae	0.43679311974873	0.36607693344776	0.445094664019567	-0.00672457143170074	0.995079705772104	0.996474747558481	0.99909601806862
Enterobacteriaceae	0.976476137753203	0.497439210463165	0.82620786187549	0.000350453560646987	0.995079705772104	0.996474747558481	0.99909601806862
Enterococcaceae	0.948778018327803	0.681086603091614	0.818955531398314	0.000500585573349667	0.995079705772104	0.996474747558481	0.99909601806862
Entomoplasmataceae	0.187673027083307	0.242267876976229	0.283112034155126	-0.0167239872291599	0.995079705772104	0.996474747558481	0.99909601806862
Erwiniaceae	0.744317172960481	0.784658790975322	0.608717635533204	-0.00219570271431471	0.995079705772104	0.996474747558481	0.99909601806862
Erysipelotrichaceae	0.563686465694422	0.158438643079325	0.202812800166023	-0.00664555866280143	0.995079705772104	0.996474747558481	0.99909601806862
Erythrobacteraceae	0.675974851596026	0.626861536916015	0.764904111068758	0.00312620739665925	0.995079705772104	0.996474747558481	0.99909601806862
Eubacteriaceae	0.310243602513584	0.764659911125816	0.928608917057822	0.00735175023499234	0.995079705772104	0.996474747558481	0.99909601806862
Euzebyaceae	0.967612948924687	0.361867420113533	0.401066975012308	0.000416671810559343	0.995079705772104	0.996474747558481	0.99909601806862
Ferrimonadaceae	0.489788056329212	0.770617809585909	0.937812606961369	-0.00597715348640721	0.995079705772104	0.996474747558481	0.99909601806862
Ferroplasmaceae	0.608754391288927	0.705193659165441	0.655355614483045	-0.00580231820431361	0.995079705772104	0.996474747558481	0.99909601806862
Fervidobacteriaceae	0.0691543672503076	0.33245633793499	0.304213054487618	-0.016536580644786	0.995079705772104	0.996474747558481	0.99909601806862
Fibrobacteraceae	0.86735599828672	0.497803996918713	0.614610374650372	0.00156940586135824	0.995079705772104	0.996474747558481	0.99909601806862
Fimbriimonadaceae	0.849141109307689	0.689357880602367	0.624779664308063	-0.00133193630275242	0.995079705772104	0.996474747558481	0.99909601806862
Flammeovirgaceae	0.941057382592758	0.633925706447809	0.62635082021932	-0.000499182688666244	0.995079705772104	0.996474747558481	0.99909601806862
Flavobacteriaceae	0.975836653496517	0.541178013236916	0.5932356703201	0.000197917422837567	0.995079705772104	0.996474747558481	0.99909601806862
Francisellaceae	0.137019275353872	0.759533290276656	0.718635357096218	-0.0126021338761211	0.995079705772104	0.996474747558481	0.99909601806862
Frankiaceae	0.775624179665978	0.928246833500214	0.755115792204015	-0.00216845382049703	0.995079705772104	0.996474747558481	0.99909601806862
Fusobacteriaceae	0.200314811408381	0.398462970040937	0.415200634455719	-0.0119655926208771	0.995079705772104	0.996474747558481	0.99909601806862
Gallionellaceae	0.727866534304465	0.696727195365988	0.879319463171258	-0.00238951722720639	0.995079705772104	0.996474747558481	0.99909601806862
Gemmataceae	0.441733161628849	0.957724723680013	0.900128568211171	0.00616185100423682	0.995079705772104	0.996474747558481	0.99909601806862
Gemmatimonadaceae	0.833057448528888	0.837506107924152	0.962567756989843	0.00169731223425368	0.995079705772104	0.996474747558481	0.99909601806862
Geobacteraceae	0.699494454926574	0.677397783892389	0.881966883600793	0.00302505092848475	0.995079705772104	0.996474747558481	0.99909601806862
Geodermatophilaceae	0.825926142530536	0.871218399194214	0.904593345678341	-0.00201056048397652	0.995079705772104	0.996474747558481	0.99909601806862
Gloeobacteraceae	0.853290566949894	0.774358187118618	0.948653346152289	-0.00170075303230092	0.995079705772104	0.996474747558481	0.99909601806862
Gloeomargaritaceae	0.873754541158155	0.900939466406137	0.951018275017025	-0.0013472458754511	0.995079705772104	0.996474747558481	0.99909601806862
Glomerellaceae	0.773243838057436	0.297771022182306	0.479800681391753	0.0019739906681297	0.995079705772104	0.996474747558481	0.99909601806862
Glycomycetaceae	0.599591325113843	0.974143437747096	0.891071057462297	-0.00540009677001255	0.995079705772104	0.996474747558481	0.99909601806862
Gomontiellaceae	0.41090819234324	0.610409118598946	0.4518427701326	0.00795086696296593	0.995079705772104	0.996474747558481	0.99909601806862
Gordoniaceae	0.779074542352159	0.951546882291084	0.82758412939321	0.00214622620069764	0.995079705772104	0.996474747558481	0.99909601806862
Gottschalkiaceae	0.0204181977280389	0.127106150559194	0.0703010146313242	-0.0255027741065663	0.995079705772104	0.996474747558481	0.99909601806862
Granulosicoccaceae	0.736978007858264	0.240921736449443	0.306973586221811	0.0026660069222449	0.995079705772104	0.996474747558481	0.99909601806862
Hafniaceae	0.805756540786577	0.912478200464087	0.861948358242119	0.00173640309914941	0.995079705772104	0.996474747558481	0.99909601806862
Hahellaceae	0.481429955850434	0.849730261296163	0.697461608848043	0.00521855994604329	0.995079705772104	0.996474747558481	0.99909601806862
Halanaerobiaceae	0.596230197956977	0.556018023194375	0.529010374220655	-0.00424615001796181	0.995079705772104	0.996474747558481	0.99909601806862
Halieaceae	0.689614612346949	0.46545001013534	0.508991895591791	0.00286991335599977	0.995079705772104	0.996474747558481	0.99909601806862
Haliscomenobacteraceae	0.314396964667274	0.0946230191752039	0.132855394192879	0.00775199143228896	0.995079705772104	0.996474747558481	0.99909601806862
Haloarculaceae	0.876597235638201	0.675535366090342	0.883929121401061	0.00127331775723969	0.995079705772104	0.996474747558481	0.99909601806862
Halobacteriaceae	0.350742587021985	0.704344794306225	0.712118041777227	0.00873310800677721	0.995079705772104	0.996474747558481	0.99909601806862
Halobacteriovoraceae	0.620935691202874	0.564847468560161	0.572012397876656	-0.00551846680790446	0.995079705772104	0.996474747558481	0.99909601806862
Halobacteroidaceae	0.688204776045324	0.696840386458989	0.750220255246489	-0.0035080062483251	0.995079705772104	0.996474747558481	0.99909601806862
Haloferacaceae	0.601801717251317	0.565130813043378	0.712779562303174	0.00413688957899964	0.995079705772104	0.996474747558481	0.99909601806862
Halomonadaceae	0.885378979769156	0.845492044364157	0.99682596290282	-0.00108272666261556	0.995079705772104	0.996474747558481	0.99909601806862
Halorubraceae	0.991471514585623	0.630041824378927	0.828926526723935	9.23437866107381e-05	0.995079705772104	0.996474747558481	0.99909601806862
Halothiobacillaceae	0.393858012043124	0.523334999174546	0.404961448648279	-0.00893633703670802	0.995079705772104	0.996474747558481	0.99909601806862
Hapalosiphonaceae	0.539462273636843	0.904340538537798	0.672548705719973	0.00505550760312984	0.995079705772104	0.996474747558481	0.99909601806862
Helicobacteraceae	0.747338645145473	0.996474747558481	0.950849107478537	-0.00244173576199904	0.995079705772104	0.996474747558481	0.99909601806862
Heliobacteriaceae	0.948522363628382	0.576114990159797	0.841877628700143	0.000497149661325934	0.995079705772104	0.996474747558481	0.99909601806862
Holosporaceae	0.0527857731612572	0.0228659475264894	0.0231518873468302	-0.0182440508197946	0.995079705772104	0.996474747558481	0.99909601806862
Hungateiclostridiaceae	0.933472868508544	0.9156229482177	0.870607813289825	-0.000548547908130479	0.995079705772104	0.996474747558481	0.99909601806862
Hydrogenophilaceae	0.881159286373096	0.309446343406414	0.219362522810318	-0.00143269463551287	0.995079705772104	0.996474747558481	0.99909601806862
Hydrogenothermaceae	0.221951250661987	0.254861139797249	0.222468975005613	-0.0124691740354487	0.995079705772104	0.996474747558481	0.99909601806862
Hyellaceae	0.579018941188564	0.897374006626776	0.638595281886943	-0.0061442635871814	0.995079705772104	0.996474747558481	0.99909601806862
Hymenobacteraceae	0.667148634696086	0.232951325973833	0.336150957756288	0.00309789694312617	0.995079705772104	0.996474747558481	0.99909601806862
Hyphomicrobiaceae	0.820661353301503	0.660964068867386	0.76058695998883	0.00169897407388551	0.995079705772104	0.996474747558481	0.99909601806862
Hyphomonadaceae	0.758534613834904	0.762826065703827	0.892429661356298	-0.00229898477696579	0.995079705772104	0.996474747558481	0.99909601806862
Iamiaceae	0.874528065069244	0.677802587084469	0.779469938015451	0.00147659745959218	0.995079705772104	0.996474747558481	0.99909601806862
Ichthyobacteriaceae	0.505360861253912	0.663770658615947	0.730771983884846	-0.00713706119933714	0.995079705772104	0.996474747558481	0.99909601806862
Idiomarinaceae	0.897813209746799	0.242105049819715	0.321366740194422	-0.000930092976302192	0.995079705772104	0.996474747558481	0.99909601806862
Ignavibacteriaceae	0.699615777841489	0.0687207662611904	0.125965511051772	0.00372705048092343	0.995079705772104	0.996474747558481	0.99909601806862
Ilumatobacteraceae	0.79900079917333	0.396789154524679	0.531683981875124	-0.00280862935988746	0.995079705772104	0.996474747558481	0.99909601806862
Immundisolibacteraceae	0.764781134002977	0.74571135433981	0.636924801025599	-0.0027206819670759	0.995079705772104	0.996474747558481	0.99909601806862
Intrasporangiaceae	0.805378455671151	0.921482011168486	0.980822038480504	0.00203171260020159	0.995079705772104	0.996474747558481	0.99909601806862
Isosphaeraceae	0.834656010599536	0.888041224376653	0.952931439368315	0.00170550302273472	0.995079705772104	0.996474747558481	0.99909601806862
Jiangellaceae	0.626893487826949	0.626195137955609	0.617412933594423	0.00442411467632951	0.995079705772104	0.996474747558481	0.99909601806862
Jonesiaceae	0.870534354837103	0.368026722123054	0.520056198093634	-0.00151275054414069	0.995079705772104	0.996474747558481	0.99909601806862
Kangiellaceae	0.893270788390529	0.480935023875775	0.518045215711052	-0.0012140454977755	0.995079705772104	0.996474747558481	0.99909601806862
Kineosporiaceae	0.835493020841209	0.596245324696225	0.781910384316849	-0.00223463085362534	0.995079705772104	0.996474747558481	0.99909601806862
Kiritimatiellaceae	0.391913022803516	0.794296481204842	0.728189291772999	0.00862393776908335	0.995079705772104	0.996474747558481	0.99909601806862
Kofleriaceae	0.404170781722415	0.274000901713738	0.261307070238885	0.00749695469161686	0.995079705772104	0.996474747558481	0.99909601806862
Kosmotogaceae	0.587316327062706	0.85439402380005	0.780189213126597	-0.0035681176494568	0.995079705772104	0.996474747558481	0.99909601806862
Ktedonosporobacteraceae	0.777637317990292	0.884955470763555	0.832172171748431	0.00219288652213771	0.995079705772104	0.996474747558481	0.99909601806862
Labilitrichaceae	0.923651378723965	0.338950713415351	0.344784792695724	0.000809736380649077	0.995079705772104	0.996474747558481	0.99909601806862
Lachnospiraceae	0.655351685460323	0.589639427448568	0.433622063955896	-0.0034557111245412	0.995079705772104	0.996474747558481	0.99909601806862
Lacipirellulaceae	0.667148934118106	0.905861114823011	0.830909914936139	-0.00351875027492068	0.995079705772104	0.996474747558481	0.99909601806862
Lactobacillaceae	0.305840357351975	0.168244746514406	0.1281472700903	-0.00981772782039492	0.995079705772104	0.996474747558481	0.99909601806862
Legionellaceae	0.906335561725843	0.781218897572384	0.694835575401245	-0.000769980625512241	0.995079705772104	0.996474747558481	0.99909601806862
Leptolyngbyaceae	0.485141968663866	0.33920958269831	0.380874236399322	0.00520179810062037	0.995079705772104	0.996474747558481	0.99909601806862
Leptospiraceae	0.64347244348974	0.687948336466305	0.867661109538358	-0.00321239462570071	0.995079705772104	0.996474747558481	0.99909601806862
Leptotrichiaceae	0.233335863630699	0.656275983107594	0.568431002464603	-0.0105454271502565	0.995079705772104	0.996474747558481	0.99909601806862
Leuconostocaceae	0.96710129114951	0.574024458495151	0.6585540988983	-0.000454073845697458	0.995079705772104	0.996474747558481	0.99909601806862
Lichenihabitantaceae	0.0748886635713114	0.779621705391431	0.71198685886004	0.015020790774834	0.995079705772104	0.996474747558481	0.99909601806862
Limnochordaceae	0.669302735011803	0.476462351971317	0.525497255954259	0.00384699030399959	0.995079705772104	0.996474747558481	0.99909601806862
Listeriaceae	0.368099238989183	0.53999049527875	0.529887631137748	-0.00668225851393153	0.995079705772104	0.996474747558481	0.99909601806862
Litoricolaceae	0.262547658090671	0.258398444550809	0.258201504675782	-0.0089896972613962	0.995079705772104	0.996474747558481	0.99909601806862
Magnetococcaceae	0.701429542360672	0.333484317411418	0.402632690186339	-0.00292127869209736	0.995079705772104	0.996474747558481	0.99909601806862
Malasseziaceae	0.914041181384612	0.487143324819838	0.49082812954751	0.00115099335322757	0.995079705772104	0.996474747558481	0.99909601806862
Marinifilaceae	0.538869558794927	0.470034921809992	0.392452319770302	0.0055064095765936	0.995079705772104	0.996474747558481	0.99909601806862
Marinilabiliaceae	0.346316171706985	0.0406548261508477	0.0194819423221512	0.00743378274840396	0.995079705772104	0.996474747558481	0.99909601806862
Mariprofundaceae	0.528839131210851	0.780722323688271	0.940436948146976	-0.00479181885845202	0.995079705772104	0.996474747558481	0.99909601806862
Melioribacteraceae	0.408667573335366	0.647305137158074	0.726238560387307	-0.00842165662146558	0.995079705772104	0.996474747558481	0.99909601806862
Merismopediaceae	0.980657999174585	0.623521687071115	0.904770451149347	0.000172830713427808	0.995079705772104	0.996474747558481	0.99909601806862
Mesoaciditogaceae	0.148032548465081	0.720535449227045	0.585393467157544	-0.0140208060957225	0.995079705772104	0.996474747558481	0.99909601806862
Methanobacteriaceae	0.993147512168663	0.803988429644797	0.94003151721587	-0.000173641926252108	0.995079705772104	0.996474747558481	0.99909601806862
Methanocaldococcaceae	0.106213263754611	0.374894763332893	0.344839962638348	-0.0199108364287805	0.995079705772104	0.996474747558481	0.99909601806862
Methanocellaceae	0.885347648659369	0.2010154744045	0.315195131702084	0.00127127035902622	0.995079705772104	0.996474747558481	0.99909601806862
Methanococcaceae	0.414440686679304	0.753332683684027	0.61597213515395	-0.00698997277460873	0.995079705772104	0.996474747558481	0.99909601806862
Methanocorpusculaceae	0.872355830749817	0.96709555967915	0.801100051251374	-0.00125093457351063	0.995079705772104	0.996474747558481	0.99909601806862
Methanomassiliicoccaceae	0.223719504543041	0.431740440790081	0.56898518559485	0.00878195956634993	0.995079705772104	0.996474747558481	0.99909601806862
Methanomicrobiaceae	0.923799741647946	0.600053391210452	0.713154564359245	-0.000639438799512282	0.995079705772104	0.996474747558481	0.99909601806862
Methanopyraceae	0.796351273136354	0.135037348923887	0.0913872901284775	0.00259302277756225	0.995079705772104	0.996474747558481	0.99909601806862
Methanoregulaceae	0.706454920773106	0.360163944480031	0.369949069281623	0.00340696049815213	0.995079705772104	0.996474747558481	0.99909601806862
Methanosarcinaceae	0.345705604019109	0.753859948060736	0.596131370473346	-0.00567491182903527	0.995079705772104	0.996474747558481	0.99909601806862
Methanospirillaceae	0.73307776554623	0.473775642371013	0.967553889651241	-0.00261703217624261	0.995079705772104	0.996474747558481	0.99909601806862
Methanothermaceae	0.0871129064334867	0.0871188792572123	0.21258169033223	-0.0211523250588526	0.995079705772104	0.996474747558481	0.99909601806862
Methanotrichaceae	0.846943859666503	0.435435723220162	0.614454275470066	0.00189360697882105	0.995079705772104	0.996474747558481	0.99909601806862
Methylacidiphilaceae	0.300205337960815	0.962758946241965	0.823367139755638	-0.00915643307178833	0.995079705772104	0.996474747558481	0.99909601806862
Methylobacteriaceae	0.729096823072515	0.562917978466031	0.651853689473701	0.00284215249185451	0.995079705772104	0.996474747558481	0.99909601806862
Methylococcaceae	0.924651379192085	0.718130463565835	0.64987174447005	0.000596172480851303	0.995079705772104	0.996474747558481	0.99909601806862
Methylocystaceae	0.810737352679357	0.752503696805899	0.839227920939188	-0.00193114660895673	0.995079705772104	0.996474747558481	0.99909601806862
Methylophilaceae	0.978807552634228	0.854439979957113	0.751413714803888	0.000173609356128334	0.995079705772104	0.996474747558481	0.99909601806862
Microbacteriaceae	0.684755366698223	0.858673610197456	0.943829103100523	0.00318143380082006	0.995079705772104	0.996474747558481	0.99909601806862
Microbulbiferaceae	0.729057649105779	0.324497386000484	0.323999403621451	0.00244854986869904	0.995079705772104	0.996474747558481	0.99909601806862
Micrococcaceae	0.797252887934203	0.524784003260708	0.592869931401077	-0.00218676411185212	0.995079705772104	0.996474747558481	0.99909601806862
Microcoleaceae	0.821305364837873	0.749236444820921	0.73767917936191	-0.00138170239757121	0.995079705772104	0.996474747558481	0.99909601806862
Microcystaceae	0.283471714526447	0.581607190027071	0.467023740552843	-0.00704149246261968	0.995079705772104	0.996474747558481	0.99909601806862
Micromonosporaceae	0.758015259078238	0.713246513341451	0.860960444811143	0.00258590203822379	0.995079705772104	0.996474747558481	0.99909601806862
Moraxellaceae	0.532574598535588	0.750423501635514	0.695622752426013	-0.00405982640590426	0.995079705772104	0.996474747558481	0.99909601806862
Morganellaceae	0.303612419348796	0.708415182560707	0.543084432932043	-0.00646128043573365	0.995079705772104	0.996474747558481	0.99909601806862
Moritellaceae	0.720900055235319	0.828827247708751	0.76609146960647	0.00313345120731908	0.995079705772104	0.996474747558481	0.99909601806862
Muribaculaceae	0.418354526285172	0.0890981253639585	0.0932870973373404	0.00822075415050281	0.995079705772104	0.996474747558481	0.99909601806862
Mycobacteriaceae	0.84517267767805	0.783103267729322	0.940771992237975	0.00150517334012805	0.995079705772104	0.996474747558481	0.99909601806862
Mycoplasmataceae	0.224275949730463	0.206389359878176	0.24642245965638	-0.0111051000941459	0.995079705772104	0.996474747558481	0.99909601806862
Mycosphaerellaceae	0.459104018302389	0.163432032679946	0.177425035092961	0.00538851140632344	0.995079705772104	0.996474747558481	0.99909601806862
Myxococcaceae	0.766046082004768	0.69816651705451	0.822722117286553	0.00257446517939301	0.995079705772104	0.996474747558481	0.99909601806862
Nakamurellaceae	0.834272140405644	0.469472368918142	0.642949017587125	-0.00183090204073204	0.995079705772104	0.996474747558481	0.99909601806862
Natranaerobiaceae	0.0447197991829189	0.382967877201666	0.376704134552044	-0.0186003263601489	0.995079705772104	0.996474747558481	0.99909601806862
Natrialbaceae	0.473293594640675	0.977992730301724	0.922293712509153	0.00528290223227112	0.995079705772104	0.996474747558481	0.99909601806862
Nautiliaceae	0.249980947304988	0.539507030337067	0.542754090971281	-0.011599479261899	0.995079705772104	0.996474747558481	0.99909601806862
Nectriaceae	0.627096610957857	0.791235206546995	0.94220796611013	-0.00305336105753899	0.995079705772104	0.996474747558481	0.99909601806862
Neisseriaceae	0.886654201851427	0.933884467308269	0.884867847635663	0.000954843250149147	0.995079705772104	0.996474747558481	0.99909601806862
Nitrosomonadaceae	0.36672649668729	0.872010541709996	0.904914334581317	-0.00642041587017693	0.995079705772104	0.996474747558481	0.99909601806862
Nitrosopumilaceae	0.372044146073462	0.623892452558587	0.736321906756661	-0.0101415209569595	0.995079705772104	0.996474747558481	0.99909601806862
Nitrososphaeraceae	0.897705198302362	0.878336253268344	0.871316337267974	0.00103834277578776	0.995079705772104	0.996474747558481	0.99909601806862
Nitrospiraceae	0.911514995423899	0.327924593588662	0.442014171873082	-0.000784993641991196	0.995079705772104	0.996474747558481	0.99909601806862
Nocardiaceae	0.738641842825689	0.717957196652826	0.93172669810946	0.00259888897721458	0.995079705772104	0.996474747558481	0.99909601806862
Nocardioidaceae	0.792343802453018	0.614266950550152	0.74571793657072	0.00222955553284801	0.995079705772104	0.996474747558481	0.99909601806862
Nocardiopsaceae	0.865186345944309	0.884770545260269	0.846247160635956	-0.00137696809892972	0.995079705772104	0.996474747558481	0.99909601806862
Nostocaceae	0.906012364652687	0.78335076946326	0.639704797471869	-0.000672480236051499	0.995079705772104	0.996474747558481	0.99909601806862
Oceanospirillaceae	0.715200763095241	0.462183491662599	0.685208455453138	0.00238320347847616	0.995079705772104	0.996474747558481	0.99909601806862
Odoribacteraceae	0.230120848018064	0.0746397197140946	0.0518924153493873	0.0169868767698922	0.995079705772104	0.996474747558481	0.99909601806862
Oleiphilaceae	0.692942126097146	0.455028443806478	0.476911709251104	-0.00352515347559385	0.995079705772104	0.996474747558481	0.99909601806862
Opitutaceae	0.760511798187751	0.648044993780347	0.673303442658677	0.00234789001207548	0.995079705772104	0.996474747558481	0.99909601806862
Orbaceae	0.291393669078025	0.762231978455635	0.494867661261569	-0.0093642949569806	0.995079705772104	0.996474747558481	0.99909601806862
Oscillatoriaceae	0.662055482322457	0.597379556131448	0.512156608409949	0.00340537587996271	0.995079705772104	0.996474747558481	0.99909601806862
Oscillospiraceae	0.0579166924891492	0.0748304012956753	0.0341468413542168	0.0151052068836982	0.995079705772104	0.996474747558481	0.99909601806862
Oxalobacteraceae	0.493186572901775	0.570429265343183	0.492649372760731	-0.00623376013642926	0.995079705772104	0.996474747558481	0.99909601806862
Paenibacillaceae	0.782257051938187	0.662219409031301	0.862727928782422	0.00166467568712651	0.995079705772104	0.996474747558481	0.99909601806862
Paludibacteraceae	0.361523162304916	0.022951450977434	0.0243996280551431	0.00944230366790759	0.995079705772104	0.996474747558481	0.99909601806862
Parachlamydiaceae	0.526605076477531	0.482799264354714	0.580757206994629	-0.00562663433155609	0.995079705772104	0.996474747558481	0.99909601806862
Parvularculaceae	0.130269980080273	0.926791524444982	0.539572819293908	0.015460042027687	0.995079705772104	0.996474747558481	0.99909601806862
Pasteurellaceae	0.865868594205879	0.649836424998763	0.700525034764989	-0.00133660017427144	0.995079705772104	0.996474747558481	0.99909601806862
Pectobacteriaceae	0.671197781403756	0.674546176429181	0.852915707976125	0.0026618214374885	0.995079705772104	0.996474747558481	0.99909601806862
Pelagibacteraceae	0.234515704579536	0.420359180173716	0.372097915669581	-0.0146363619063747	0.995079705772104	0.996474747558481	0.99909601806862
Peptococcaceae	0.939013600908606	0.727859058976411	0.875435079309901	0.000478307790850834	0.995079705772104	0.996474747558481	0.99909601806862
Peptoniphilaceae	0.324415230733688	0.807939489186686	0.722307348119259	-0.00694358589658071	0.995079705772104	0.996474747558481	0.99909601806862
Peptostreptococcaceae	0.963089233179961	0.770262193681283	0.714012423289024	-0.000296115213559854	0.995079705772104	0.996474747558481	0.99909601806862
Petrotogaceae	0.520285703585061	0.681664619192121	0.5955274791906	-0.00651832357768048	0.995079705772104	0.996474747558481	0.99909601806862
Phaffomycetaceae	0.415897962273637	0.706206060979751	0.589069671693401	-0.00701807540217663	0.995079705772104	0.996474747558481	0.99909601806862
Phycisphaeraceae	0.36655759566633	0.389677316013147	0.383273274686477	-0.00976600240471121	0.995079705772104	0.996474747558481	0.99909601806862
Phyllobacteriaceae	0.989357444709386	0.746914374828776	0.858955709366718	-9.51353657017363e-05	0.995079705772104	0.996474747558481	0.99909601806862
Pichiaceae	0.351775468366758	0.218034804893539	0.175525541401562	-0.00741144357005974	0.995079705772104	0.996474747558481	0.99909601806862
Picrophilaceae	0.310765000522118	0.99209341846699	0.902560928159524	-0.0150458199709115	0.995079705772104	0.996474747558481	0.99909601806862
Pirellulaceae	0.180046702943471	0.485420649097714	0.53815859378647	0.00898540556551627	0.995079705772104	0.996474747558481	0.99909601806862
Piscirickettsiaceae	0.942463907997345	0.612217052507785	0.74701824592995	-0.000462112688539558	0.995079705772104	0.996474747558481	0.99909601806862
Planctomycetaceae	0.758333035728004	0.457547075226748	0.606958752510051	0.00223856441280318	0.995079705772104	0.996474747558481	0.99909601806862
Planococcaceae	0.579210891133171	0.828577584342539	0.736138544365902	-0.00368029519492269	0.995079705772104	0.996474747558481	0.99909601806862
Polyangiaceae	0.637822654937007	0.993478411369952	0.980143857930353	0.00382785503296202	0.995079705772104	0.996474747558481	0.99909601806862
Porphyromonadaceae	0.50014258741113	0.0574800039155059	0.0640620736639258	0.00623661206464797	0.995079705772104	0.996474747558481	0.99909601806862
Prevotellaceae	0.207682532089811	0.0382915192002035	0.0930400307830036	0.0157260254349675	0.995079705772104	0.996474747558481	0.99909601806862
Prochloraceae	0.226191414149724	0.599976298570927	0.527481561642911	-0.0114962363422064	0.995079705772104	0.996474747558481	0.99909601806862
Prochlorotrichaceae	0.665816329621754	0.681608853129579	0.48581734224115	-0.00335032789177291	0.995079705772104	0.996474747558481	0.99909601806862
Prolixibacteraceae	0.168839709561134	0.0478259014490539	0.0357485052099724	0.0103094826518772	0.995079705772104	0.996474747558481	0.99909601806862
Promicromonosporaceae	0.647754423948781	0.792761848032517	0.809762732429602	0.00394297830462107	0.995079705772104	0.996474747558481	0.99909601806862
Propionibacteriaceae	0.47367853746339	0.2532923259129	0.18314084542907	-0.00584965666071386	0.995079705772104	0.996474747558481	0.99909601806862
Pseudanabaenaceae	0.779539735728438	0.734557878293808	0.828068017001579	-0.0020530695710899	0.995079705772104	0.996474747558481	0.99909601806862
Pseudoalteromonadaceae	0.537233144044408	0.868778392149909	0.692760233375623	-0.00426945957080595	0.995079705772104	0.996474747558481	0.99909601806862
Pseudomonadaceae	0.902077172524645	0.913236713233606	0.856566401238008	-0.000947102418199275	0.995079705772104	0.996474747558481	0.99909601806862
Pseudonocardiaceae	0.981742831707603	0.993404249748202	0.815510453977983	0.000184168769898382	0.995079705772104	0.996474747558481	0.99909601806862
Psychromonadaceae	0.706300662707719	0.713525732710806	0.78974432728141	-0.0035293684654778	0.995079705772104	0.996474747558481	0.99909601806862
Puniceicoccaceae	0.753380156723116	0.781186795679958	0.947631772057574	0.00338816775763175	0.995079705772104	0.996474747558481	0.99909601806862
Pyriculariaceae	0.868314968871095	0.898932870961522	0.713308548718866	-0.00100609312226019	0.995079705772104	0.996474747558481	0.99909601806862
Pyrodictiaceae	0.70015547647733	0.903751936670025	0.600936709948096	-0.00339122999026452	0.995079705772104	0.996474747558481	0.99909601806862
Rhizobiaceae	0.885814989544447	0.667813087158321	0.832883994361894	0.00102479144385845	0.995079705772104	0.996474747558481	0.99909601806862
Rhodanobacteraceae	0.753685396751908	0.540457579447203	0.695260890865253	-0.0025259699755664	0.995079705772104	0.996474747558481	0.99909601806862
Rhodobacteraceae	0.869297940257261	0.838185134132779	0.958659696663053	-0.00123129622968062	0.995079705772104	0.996474747558481	0.99909601806862
Rhodobiaceae	0.70410803182405	0.737024388114924	0.736445278187079	0.00326396173603266	0.995079705772104	0.996474747558481	0.99909601806862
Rhodocyclaceae	0.97736201703732	0.906869785675895	0.994443203115957	0.00021171206512365	0.995079705772104	0.996474747558481	0.99909601806862
Rhodospirillaceae	0.92676593670027	0.746645565293849	0.944801212247905	-0.000707988662445311	0.995079705772104	0.996474747558481	0.99909601806862
Rhodothermaceae	0.754345130522988	0.530164638792089	0.718475632479123	0.00259412569318852	0.995079705772104	0.996474747558481	0.99909601806862
Rickettsiaceae	0.209124101830936	0.448202099716955	0.513705965952541	-0.0121892294350397	0.995079705772104	0.996474747558481	0.99909601806862
Rikenellaceae	0.771689322735116	0.995737522844553	0.863009667330324	-0.00584915202255925	0.995079705772104	0.996474747558481	0.99909601806862
Rivulariaceae	0.434514445236264	0.731948540343749	0.775744837366581	-0.00677769590523396	0.995079705772104	0.996474747558481	0.99909601806862
Roseiflexaceae	0.933118035595868	0.935134928853523	0.714165837360142	-0.000678943738128765	0.995079705772104	0.996474747558481	0.99909601806862
Ruaniaceae	0.958242545275377	0.678537013767149	0.817870910046012	0.000469824704918374	0.995079705772104	0.996474747558481	0.99909601806862
Rubrobacteraceae	0.73205773863017	0.785770321252986	0.779578985474267	0.00270740530394902	0.995079705772104	0.996474747558481	0.99909601806862
Ruminococcaceae	0.494879622129856	0.966050834845833	0.759589788479659	-0.00452453612243208	0.995079705772104	0.996474747558481	0.99909601806862
Saccharomycetaceae	0.597648971888542	0.574191603509785	0.387743961224458	-0.00422170963299882	0.995079705772104	0.996474747558481	0.99909601806862
Saccharospirillaceae	0.691796711921003	0.366202618833475	0.437943407728617	0.00281318562259037	0.995079705772104	0.996474747558481	0.99909601806862
Salinisphaeraceae	0.267131275195554	0.604498416135921	0.303350786850245	-0.0109849619386844	0.995079705772104	0.996474747558481	0.99909601806862
Salinivirgaceae	0.53972409237218	0.108611768713709	0.109361129863345	-0.00574534117712282	0.995079705772104	0.996474747558481	0.99909601806862
Sandaracinaceae	0.827498349132679	0.510405211483189	0.588638126814384	0.00196399084141912	0.995079705772104	0.996474747558481	0.99909601806862
Sanguibacteraceae	0.955232543026634	0.99445515042738	0.89578195960486	-0.000468154286055241	0.995079705772104	0.996474747558481	0.99909601806862
Saprospiraceae	0.0309535115403538	0.143904766315702	0.139400409363383	0.0208011804937444	0.995079705772104	0.996474747558481	0.99909601806862
Schizosaccharomycetaceae	0.398494225574017	0.661356751960661	0.681528729604949	-0.0082832787453027	0.995079705772104	0.996474747558481	0.99909601806862
Sclerotiniaceae	0.467598381447429	0.792318059156883	0.828656077110262	-0.00596102419487041	0.995079705772104	0.996474747558481	0.99909601806862
Scytonemataceae	0.81611751810284	0.237184213401433	0.328842018820071	-0.0021302833296472	0.995079705772104	0.996474747558481	0.99909601806862
Sedimentisphaeraceae	0.847519518218776	0.619058366177071	0.71809599183581	-0.00139145373092722	0.995079705772104	0.996474747558481	0.99909601806862
Segniliparaceae	0.670608019222368	0.370189198430693	0.306101879131079	-0.00439553002121197	0.995079705772104	0.996474747558481	0.99909601806862
Selenomonadaceae	0.750744719004293	0.941945923939014	0.691908390062038	0.00287894810414021	0.995079705772104	0.996474747558481	0.99909601806862
Shewanellaceae	0.722745546150051	0.970268813392786	0.744824492017022	-0.00223321987154852	0.995079705772104	0.996474747558481	0.99909601806862
Silvanigrellaceae	0.955724912531153	0.438789454434682	0.587129557765645	-0.000652375259982681	0.995079705772104	0.996474747558481	0.99909601806862
Simkaniaceae	0.0405265119434849	0.250184259500792	0.302407070894665	0.0226837774002133	0.995079705772104	0.996474747558481	0.99909601806862
Sinobacteraceae	0.89330457080801	0.807544749066285	0.875046172911759	0.00115131039940445	0.995079705772104	0.996474747558481	0.99909601806862
Solibacteraceae	0.720037482687054	0.232851485366188	0.430331365696866	0.00288122356987518	0.995079705772104	0.996474747558481	0.99909601806862
Sordariaceae	0.800372645468169	0.993259713077777	0.962200580353001	0.00177784217446143	0.995079705772104	0.996474747558481	0.99909601806862
Sphaerobacteraceae	0.217315584478431	0.967562390701558	0.902208606001167	0.0111492851622448	0.995079705772104	0.996474747558481	0.99909601806862
Sphingobacteriaceae	0.383811115957216	0.135357443828821	0.164965386349939	0.00474787245998898	0.995079705772104	0.996474747558481	0.99909601806862
Sphingomonadaceae	0.944287953317355	0.65954477793932	0.831355926693605	0.000513556629316954	0.995079705772104	0.996474747558481	0.99909601806862
Spirochaetaceae	0.708090229611567	0.615027194259335	0.618545448901944	0.00231259973206775	0.995079705772104	0.996474747558481	0.99909601806862
Spiroplasmataceae	0.390209031948367	0.629357685276074	0.664940118600694	-0.00947364996699669	0.995079705772104	0.996474747558481	0.99909601806862
Spongiibacteraceae	0.830148118758904	0.66156328523181	0.541096028846276	0.00177683062170302	0.995079705772104	0.996474747558481	0.99909601806862
Sporichthyaceae	0.284676603913465	0.0883497728604589	0.119990538319785	0.010229026284661	0.995079705772104	0.996474747558481	0.99909601806862
Sporolactobacillaceae	0.634800679892902	0.907149296680276	0.766880318392024	-0.00313799267467646	0.995079705772104	0.996474747558481	0.99909601806862
Sporomusaceae	0.456701656587057	0.618342850208278	0.655672712126242	0.00466389034573832	0.995079705772104	0.996474747558481	0.99909601806862
Staphylococcaceae	0.132196506809905	0.257179313475322	0.274537788845938	-0.0125877258193821	0.995079705772104	0.996474747558481	0.99909601806862
Steroidobacteraceae	0.612033461563782	0.751876088745406	0.999418731147646	-0.00424572404361174	0.995079705772104	0.996474747558481	0.999418731147646
Sterolibacteriaceae	0.723143081698881	0.535894633428942	0.625099542561967	-0.0028946207371061	0.995079705772104	0.996474747558481	0.99909601806862
Streptococcaceae	0.211074456422287	0.114066466883373	0.123544810360766	-0.0197078029533053	0.995079705772104	0.996474747558481	0.99909601806862
Streptomycetaceae	0.819832888175084	0.694168399900824	0.839228961741722	0.00183542191216755	0.995079705772104	0.996474747558481	0.99909601806862
Streptosporangiaceae	0.958904838346534	0.828838449150656	0.685385241939023	0.000402616354902099	0.995079705772104	0.996474747558481	0.99909601806862
Succinivibrionaceae	0.14836913856899	0.96261451743758	0.787028881128728	-0.0124277390435708	0.995079705772104	0.996474747558481	0.99909601806862
Sulfolobaceae	0.101732258474413	0.610304539146001	0.38768716515883	-0.0124341133341302	0.995079705772104	0.996474747558481	0.99909601806862
Sutterellaceae	0.585352015056753	0.169358195503366	0.132057329734168	0.00667763525873255	0.995079705772104	0.996474747558481	0.99909601806862
Symbiobacteriaceae	0.767690141401607	0.898754219369714	0.770589290036988	-0.00264432396335456	0.995079705772104	0.996474747558481	0.99909601806862
Synechococcaceae	0.933277649469679	0.724004976759788	0.949166684065976	-0.000624031920080971	0.995079705772104	0.996474747558481	0.99909601806862
Synergistaceae	0.911859535050744	0.805258777461015	0.66564375472897	-0.001142532915706	0.995079705772104	0.996474747558481	0.99909601806862
Syntrophaceae	0.960592230914487	0.714555894604919	0.784647056504916	-0.000385086160608933	0.995079705772104	0.996474747558481	0.99909601806862
Syntrophobacteraceae	0.833738305189437	0.385843332234827	0.417623843772676	0.0016238097177366	0.995079705772104	0.996474747558481	0.99909601806862
Syntrophomonadaceae	0.697431901564822	0.583144950166799	0.677800158232365	0.00323764287546044	0.995079705772104	0.996474747558481	0.99909601806862
Tannerellaceae	0.573293195684487	0.109682854177236	0.0765277900579123	0.00974930661209279	0.995079705772104	0.996474747558481	0.99909601806862
Tepidiformaceae	0.741224493631054	0.898528416365833	0.440720502820621	-0.00280396579301373	0.995079705772104	0.996474747558481	0.99909601806862
Thermaceae	0.512360645006983	0.763241618234767	0.805282351779318	0.00480047821231632	0.995079705772104	0.996474747558481	0.99909601806862
Thermoactinomycetaceae	0.501994644291376	0.349893697564942	0.425192301243651	0.00443033236176373	0.995079705772104	0.996474747558481	0.99909601806862
Thermoanaerobacteraceae	0.844094362158513	0.661604372112276	0.569152792389818	-0.00123554145452074	0.995079705772104	0.996474747558481	0.99909601806862
Thermoanaerobacterales Family III. Incertae Sedis	0.280856631571717	0.685306337751791	0.629997680187333	-0.00782840339689966	0.995079705772104	0.996474747558481	0.99909601806862
Thermoanaerobacterales Family IV. Incertae Sedis	0.356252328492643	0.796179047956427	0.993943036317542	-0.00581440337723512	0.995079705772104	0.996474747558481	0.99909601806862
Thermococcaceae	0.803978897613123	0.869745940096202	0.844573282415165	0.00158523628952572	0.995079705772104	0.996474747558481	0.99909601806862
Thermodesulfobacteriaceae	0.353083546787163	0.572555850358282	0.58285267561035	-0.00657392749639937	0.995079705772104	0.996474747558481	0.99909601806862
Thermodesulfobiaceae	0.299317538609033	0.479285129528467	0.630704129564262	-0.0110895061131485	0.995079705772104	0.996474747558481	0.99909601806862
Thermofilaceae	0.66552584152365	0.641806627853585	0.637450861802359	-0.0047497639423427	0.995079705772104	0.996474747558481	0.99909601806862
Thermoguttaceae	0.762924232963137	0.859067932117116	0.842732777567081	0.00279352327339962	0.995079705772104	0.996474747558481	0.99909601806862
Thermomicrobiaceae	0.399001064798204	0.311992199214332	0.438384555717734	0.00815125746517989	0.995079705772104	0.996474747558481	0.99909601806862
Thermomonosporaceae	0.866602977474796	0.806363248409983	0.965187222891125	-0.00147407480060357	0.995079705772104	0.996474747558481	0.99909601806862
Thermoplasmataceae	0.794956172479442	0.970696218617266	0.595918019006824	-0.00327550539522066	0.995079705772104	0.996474747558481	0.99909601806862
Thermoproteaceae	0.517397991636458	0.317834109652931	0.313087714808157	-0.00510371677540442	0.995079705772104	0.996474747558481	0.99909601806862
Thermotogaceae	0.594972909578091	0.815576311966329	0.799017778453937	-0.00375040917942665	0.995079705772104	0.996474747558481	0.99909601806862
Thioalkalibacteraceae	0.765851791694301	0.549435563617164	0.701817928802155	0.00257276629603695	0.995079705772104	0.996474747558481	0.99909601806862
Thioalkalispiraceae	0.811096841937295	0.38086443614147	0.539531207239775	-0.00185910674632319	0.995079705772104	0.996474747558481	0.99909601806862
Thiobacillaceae	0.48188591894854	0.150689378038702	0.251407824442409	0.00624778065064353	0.995079705772104	0.996474747558481	0.99909601806862
Thiotrichaceae	0.181096127177548	0.853934631712533	0.90645620283166	-0.0110108074848505	0.995079705772104	0.996474747558481	0.99909601806862
Tissierellaceae	0.393299491577069	0.567466434398176	0.569234789271283	-0.00610420954103579	0.995079705772104	0.996474747558481	0.99909601806862
Tolypothrichaceae	0.408570625062948	0.829437022553156	0.696740231585683	0.00933874653807663	0.995079705772104	0.996474747558481	0.99909601806862
Trichocomaceae	0.718331926715322	0.582525019959809	0.637971412406648	-0.00296392691710265	0.995079705772104	0.996474747558481	0.99909601806862
Trichomonascaceae	0.709997488838415	0.796553303250405	0.917883755647744	-0.00321273219294801	0.995079705772104	0.996474747558481	0.99909601806862
Trueperaceae	0.947402741903553	0.83833856345204	0.979985326377949	0.000640523957702336	0.995079705772104	0.996474747558481	0.99909601806862
Tsukamurellaceae	0.812525222215924	0.620422386450363	0.671548548476733	0.00206564490922396	0.995079705772104	0.996474747558481	0.99909601806862
Unclassified Acidobacteria Phylum	0.145420737544787	0.743043750259004	0.419500556058233	-0.0194965405027609	0.995079705772104	0.996474747558481	0.99909601806862
Unclassified Actinobacteria Class	0.933568888240633	0.92317817034368	0.914782586266517	-0.000646083893961772	0.995079705772104	0.996474747558481	0.99909601806862
Unclassified Actinobacteria Phylum	0.188395171316075	0.0504795596885412	0.0248423456393172	-0.0119764857663785	0.995079705772104	0.996474747558481	0.99909601806862
Unclassified Alphaproteobacteria Class	0.849258609283558	0.689921906781506	0.811779214421798	-0.00146136342511652	0.995079705772104	0.996474747558481	0.99909601806862
Unclassified Alteromonadales Order	0.934411401999823	0.869427163636629	0.861126149598721	-0.000583472735295564	0.995079705772104	0.996474747558481	0.99909601806862
Unclassified Aquificales Order	0.292103204854576	0.296268906718875	0.392693499491319	-0.0103062355381705	0.995079705772104	0.996474747558481	0.99909601806862
Unclassified Armatimonadetes Phylum	0.653059849968655	0.38382460539765	0.425759055715154	-0.00335525318272637	0.995079705772104	0.996474747558481	0.99909601806862
Unclassified Ascomycota Phylum	0.249108748106824	0.052951542390283	0.152349706314883	0.0143101012387613	0.995079705772104	0.996474747558481	0.99909601806862
Unclassified Bacillales Order	0.449642417354958	0.681666666970102	0.532601061610797	-0.00495955065055175	0.995079705772104	0.996474747558481	0.99909601806862
Unclassified Bacilli Class	0.598407142102045	0.365987462074016	0.42416123941803	-0.00387177440619969	0.995079705772104	0.996474747558481	0.99909601806862
Unclassified Bacteroidales Order	0.847890635028556	0.264594361058825	0.267924919921432	0.00269043412406137	0.995079705772104	0.996474747558481	0.99909601806862
Unclassified Bacteroidetes Phylum	0.407253698880316	0.18462779442301	0.179253031743231	0.0086079013918068	0.995079705772104	0.996474747558481	0.99909601806862
Unclassified Bacteroidia Class	0.309865449152612	0.0872775500887105	0.0663066493282037	0.014539701690406	0.995079705772104	0.996474747558481	0.99909601806862
Unclassified Balneolaeota Phylum	0.797905129121373	0.597595920195985	0.718087533097979	-0.00208651101244905	0.995079705772104	0.996474747558481	0.99909601806862
Unclassified Betaproteobacteria Class	0.759674938371406	0.710987852458695	0.909990536464562	-0.00246982777989565	0.995079705772104	0.996474747558481	0.99909601806862
Unclassified Blastocatellia Class	0.347068629927381	0.731234097975704	0.933137055595622	0.00770982365752241	0.995079705772104	0.996474747558481	0.99909601806862
Unclassified Bradymonadales Order	0.823040324265943	0.961235304854381	0.991048501654791	0.00160019967234861	0.995079705772104	0.996474747558481	0.99909601806862
Unclassified Burkholderiales Order	0.974743068491267	0.620561691387182	0.683429978002791	0.000252823268647556	0.995079705772104	0.996474747558481	0.99909601806862
Unclassified Campylobacterales Order	0.985711176242825	0.830806533710799	0.966210392720077	0.000129258494334496	0.995079705772104	0.996474747558481	0.99909601806862
Unclassified Candidatus Bipolaricaulota Phylum	0.619934324480794	0.944286268233494	0.775631433620605	0.00468827365259294	0.995079705772104	0.996474747558481	0.99909601806862
Unclassified Candidatus Cloacimonetes Phylum	0.0401210498582281	0.568462080227856	0.503574971785445	-0.0228410071418297	0.995079705772104	0.996474747558481	0.99909601806862
Unclassified Candidatus Gracilibacteria Phylum	0.252989457823966	0.668016812210374	0.648967107711631	-0.0148239307793569	0.995079705772104	0.996474747558481	0.99909601806862
Unclassified Candidatus Saccharibacteria Phylum	0.0634114322457512	0.21375806108337	0.130897356537161	-0.0167124298611405	0.995079705772104	0.996474747558481	0.99909601806862
Unclassified Cellvibrionales Order	0.041659386292187	0.135146457403628	0.0651897832963087	-0.0239156951994133	0.995079705772104	0.996474747558481	0.99909601806862
Unclassified Chromatiales Order	0.320665795801594	0.277602561625664	0.311027978150462	0.00827299968445437	0.995079705772104	0.996474747558481	0.99909601806862
Unclassified Chroococcales Order	0.335264389656653	0.581916156093972	0.956226778080802	-0.016123321388596	0.995079705772104	0.996474747558481	0.99909601806862
Unclassified Clostridia Class	0.578339414350227	0.590782033500701	0.511858351315539	-0.0039370082883118	0.995079705772104	0.996474747558481	0.99909601806862
Unclassified Clostridiales Order	0.388710615745401	0.594172617258793	0.53976964385158	0.00482502997014315	0.995079705772104	0.996474747558481	0.99909601806862
Unclassified Coriobacteriales Order	0.249270974421446	0.124293988780257	0.0490283756394719	-0.0143517433539462	0.995079705772104	0.996474747558481	0.99909601806862
Unclassified Coriobacteriia Class	0.194417039392784	0.0253686741668054	0.0137831159129132	-0.0151495654921562	0.995079705772104	0.996474747558481	0.99909601806862
Unclassified Corynebacteriales Order	0.78368356929391	0.764048875099522	0.948271069662899	0.00224551114188974	0.995079705772104	0.996474747558481	0.99909601806862
Unclassified Cyanobacteria Phylum	0.514552954856185	0.247879504917493	0.302725462291365	-0.0045603044670079	0.995079705772104	0.996474747558481	0.99909601806862
Unclassified Cytophagales Order	0.836594761912687	0.44101470985374	0.59873899409374	0.00137245075036567	0.995079705772104	0.996474747558481	0.99909601806862
Unclassified Dehalococcoidia Class	0.784575089499524	0.744735747287398	0.639786289561261	0.00234130020841421	0.995079705772104	0.996474747558481	0.99909601806862
Unclassified Deinococci Class	0.335073393679392	0.0583229770324503	0.0787840175906788	-0.0109792764432092	0.995079705772104	0.996474747558481	0.99909601806862
Unclassified Deltaproteobacteria Class	0.789872526474732	0.413621712405479	0.341154806196783	0.00229901803771801	0.995079705772104	0.996474747558481	0.99909601806862
Unclassified Desulfobacterales Order	0.334972454645965	0.53641168817011	0.53165986832141	-0.0142898520870441	0.995079705772104	0.996474747558481	0.99909601806862
Unclassified Desulfovibrionales Order	0.730420377045579	0.559271534519276	0.354859205166996	-0.00367009861960913	0.995079705772104	0.996474747558481	0.99909601806862
Unclassified Desulfuromonadales Order	0.508891182260998	0.617973700851392	0.482518002712081	0.00515336163923963	0.995079705772104	0.996474747558481	0.99909601806862
Unclassified Elusimicrobia Phylum	0.0870881363586394	0.202335571872372	0.106827405061822	-0.0170011443885271	0.995079705772104	0.996474747558481	0.99909601806862
Unclassified Enterobacterales Order	0.876327168537797	0.980249211007183	0.806724285469597	-0.00124064036867395	0.995079705772104	0.996474747558481	0.99909601806862
Unclassified Entomoplasmatales Order	0.79960942900571	0.25426078669969	0.352575106050097	-0.00367379155051427	0.995079705772104	0.996474747558481	0.99909601806862
Unclassified Epsilonproteobacteria Class	0.572774071589906	0.738449754983345	0.785907932761259	-0.00385110751086294	0.995079705772104	0.996474747558481	0.99909601806862
Unclassified Euryarchaeota Phylum	0.584292494263459	0.628960060639933	0.692727085257766	0.00508565735205537	0.995079705772104	0.996474747558481	0.99909601806862
Unclassified Firmicutes Phylum	0.318600240047554	0.555955619462383	0.480839568866266	-0.00619616307966959	0.995079705772104	0.996474747558481	0.99909601806862
Unclassified Flavobacteriales Order	0.665005711928485	0.961102067610616	0.846156222498346	-0.00420303789409098	0.995079705772104	0.996474747558481	0.99909601806862
Unclassified Frankiales Order	0.917904824097241	0.882394918095046	0.809359335740439	0.00103676289173767	0.995079705772104	0.996474747558481	0.99909601806862
Unclassified Fusobacteriales Order	0.0295584285387515	0.0923295559460882	0.104493897572523	-0.0215193283480855	0.995079705772104	0.996474747558481	0.99909601806862
Unclassified Gammaproteobacteria Class	0.850421064156274	0.706560863097416	0.859225997468621	-0.00117819416518845	0.995079705772104	0.996474747558481	0.99909601806862
Unclassified Halanaerobiales Order	0.241584325930377	0.492119031729198	0.464120788648497	-0.00961286940474945	0.995079705772104	0.996474747558481	0.99909601806862
Unclassified Halobacteria Class	0.41505446902019	0.60187146186004	0.475076468706353	0.00747004853683698	0.995079705772104	0.996474747558481	0.99909601806862
Unclassified Halobacteriales Order	0.482764849299997	0.928333899697637	0.611847839719125	0.00844943706414159	0.995079705772104	0.996474747558481	0.99909601806862
Unclassified Haloferacales Order	0.425744450523954	0.467283863085699	0.211396047810102	0.00658556675432391	0.995079705772104	0.996474747558481	0.99909601806862
Unclassified Ignavibacteriales Order	0.269578847648281	0.527353301432495	0.630885296887244	-0.02023624070909	0.995079705772104	0.996474747558481	0.99909601806862
Unclassified Kiritimatiellaeota Phylum	0.796244449585923	0.934427953539454	0.902397959543636	0.00193608825422006	0.995079705772104	0.996474747558481	0.99909601806862
Unclassified Lactobacillales Order	0.308506718613915	0.66832667421649	0.73387872838638	-0.00872561494978909	0.995079705772104	0.996474747558481	0.99909601806862
Unclassified Methanococcales Order	0.236922894397721	0.477694455711472	0.695225222676223	-0.0140721376362939	0.995079705772104	0.996474747558481	0.99909601806862
Unclassified Micrococcales Order	0.934212043617199	0.39006608625393	0.604179263823656	0.000675219586193382	0.995079705772104	0.996474747558481	0.99909601806862
Unclassified Mollicutes Class	0.614085517535417	0.389829903890595	0.393100065039209	-0.00672406276126064	0.995079705772104	0.996474747558481	0.99909601806862
Unclassified Myxococcales Order	0.739154559898641	0.615827397478426	0.647986511122496	0.00288445990556222	0.995079705772104	0.996474747558481	0.99909601806862
Unclassified Negativicutes Class	0.67157897550192	0.249637119391533	0.240933349058484	-0.003611069991068	0.995079705772104	0.996474747558481	0.99909601806862
Unclassified Neisseriales Order	0.92617742672549	0.918524437391654	0.961364911954854	-0.00101991123102422	0.995079705772104	0.996474747558481	0.99909601806862
Unclassified Nitrosomonadales Order	0.0226235795562918	0.179737907472313	0.122226059543633	-0.0231553085427473	0.995079705772104	0.996474747558481	0.99909601806862
Unclassified Nostocales Order	0.380451708762159	0.937114851338576	0.883426573789414	-0.00622860434061626	0.995079705772104	0.996474747558481	0.99909601806862
Unclassified Oceanospirillales Order	0.838119463851046	0.2346434945666	0.282403243226496	0.00153796296422401	0.995079705772104	0.996474747558481	0.99909601806862
Unclassified Oscillatoriales Order	0.781299630595117	0.391780855925682	0.320457205444891	0.00239181406591696	0.995079705772104	0.996474747558481	0.99909601806862
Unclassified Phycisphaerae Class	0.72610519725312	0.217616157153078	0.331123391275898	0.00291441215821278	0.995079705772104	0.996474747558481	0.99909601806862
Unclassified Planctomycetales Order	0.910990404186567	0.809863760690169	0.78031431603977	-0.000949749721557699	0.995079705772104	0.996474747558481	0.99909601806862
Unclassified Planctomycetes Phylum	0.832194825812855	0.860298169403138	0.958298916188491	0.00146917896412819	0.995079705772104	0.996474747558481	0.99909601806862
Unclassified Planctomycetia Class	0.746825949215704	0.982677938521263	0.740684668559803	-0.00331624825595774	0.995079705772104	0.996474747558481	0.99909601806862
Unclassified Propionibacteriales Order	0.443814118097083	0.360864755736257	0.563731422489169	0.00708826242895143	0.995079705772104	0.996474747558481	0.99909601806862
Unclassified Proteobacteria Phylum	0.919410744700121	0.729449242070998	0.84977788338658	-0.00073362058352508	0.995079705772104	0.996474747558481	0.99909601806862
Unclassified Pseudomonadales Order	0.469766193467076	0.40438041733488	0.445339361112371	0.00579616718442675	0.995079705772104	0.996474747558481	0.99909601806862
Unclassified Rhizobiales Order	0.958254131266193	0.603246830069608	0.641109574957259	0.000407257059297508	0.995079705772104	0.996474747558481	0.99909601806862
Unclassified Rhodobacterales Order	0.385266618394498	0.0526898493716958	0.0827187603459538	0.0108089040599751	0.995079705772104	0.996474747558481	0.99909601806862
Unclassified Rhodocyclales Order	0.55668740634277	0.731482980276822	0.904076611854219	0.00527994319800312	0.995079705772104	0.996474747558481	0.99909601806862
Unclassified Rhodospirillales Order	0.688591259893874	0.724159179234276	0.875055139264636	-0.00424085680516658	0.995079705772104	0.996474747558481	0.99909601806862
Unclassified Rickettsiales Order	0.215382534867717	0.619958646118475	0.63212143681851	-0.0160664305186876	0.995079705772104	0.996474747558481	0.99909601806862
Unclassified Saccharomycetales Order	0.944426731696248	0.126546786190596	0.378794283124264	-0.00086858521666465	0.995079705772104	0.996474747558481	0.99909601806862
Unclassified Silvanigrellales Order	0.375529582834713	0.922884361792873	0.979099223648762	-0.00744916861601952	0.995079705772104	0.996474747558481	0.99909601806862
Unclassified Sordariomycetes Class	0.730237655248801	0.481954757238149	0.580246674189478	0.00592650669552126	0.995079705772104	0.996474747558481	0.99909601806862
Unclassified Sphingomonadales Order	0.831769191944391	0.338632305481637	0.378677024124339	0.00169955139479871	0.995079705772104	0.996474747558481	0.99909601806862
Unclassified Streptosporangiales Order	0.97633322649169	0.867824101576871	0.749061159394014	-0.000351848969846685	0.995079705772104	0.996474747558481	0.99909601806862
Unclassified Synechococcales Order	0.334423896992456	0.682639935946346	0.97874242442717	-0.0137977914279169	0.995079705772104	0.996474747558481	0.99909601806862
Unclassified Tenericutes Phylum	0.546602765978579	0.396082058871782	0.464166326798073	-0.00598063524280224	0.995079705772104	0.996474747558481	0.99909601806862
Unclassified Thaumarchaeota Phylum	0.829505926781432	0.821558382243363	0.836466359056227	0.00194550411847202	0.995079705772104	0.996474747558481	0.99909601806862
Unclassified Thermoanaerobacterales Order	0.354664926703476	0.749625377111385	0.968257630569786	0.00747768020315102	0.995079705772104	0.996474747558481	0.99909601806862
Unclassified Thermoplasmata Class	0.849636294573841	0.746285031285691	0.707172689114701	0.00167209991375167	0.995079705772104	0.996474747558481	0.99909601806862
Unclassified Thermoplasmatales Order	0.665937485449145	0.724938413361794	0.67251313354333	0.00414098889052909	0.995079705772104	0.996474747558481	0.99909601806862
Unclassified Tissierellia Class	0.234915108702519	0.102421375196492	0.129941616253318	-0.0106561006767444	0.995079705772104	0.996474747558481	0.99909601806862
Unclassified Verrucomicrobia Phylum	0.652842888853816	0.831331762388672	0.872132583560405	-0.00363718603053736	0.995079705772104	0.996474747558481	0.99909601806862
Unclassified Verrucomicrobiales Order	0.717320532691445	0.895861279161331	0.944381342792691	-0.00838218739120294	0.995079705772104	0.996474747558481	0.99909601806862
Unclassified Victivallales Order	0.401498163033118	0.0174562451117894	0.0547476005871851	-0.0115540904270358	0.995079705772104	0.996474747558481	0.99909601806862
Unclassified Xanthomonadales Order	0.927083492797905	0.646127588929961	0.578468783477456	-0.000822070610961412	0.995079705772104	0.996474747558481	0.99909601806862
Unclassified candidate division Zixibacteria Phylum	0.300095813307586	0.934095947354203	0.949048778240208	-0.00847014298461049	0.995079705772104	0.996474747558481	0.99909601806862
Unikaryonidae	0.428684942093546	0.820499238502415	0.979128454413366	-0.00702567759968243	0.995079705772104	0.996474747558481	0.99909601806862
Ustilaginaceae	0.348380903831064	0.760603565783946	0.665859251955052	0.00636858377734614	0.995079705772104	0.996474747558481	0.99909601806862
Vallitaleaceae	0.579045168612296	0.781246607163001	0.902450523432719	-0.00465177686729457	0.995079705772104	0.996474747558481	0.99909601806862
Veillonellaceae	0.716565737283095	0.422426289767666	0.238520324817566	-0.00390261803405137	0.995079705772104	0.996474747558481	0.99909601806862
Verrucomicrobiaceae	0.514134708211306	0.945838015327364	0.853521599936143	0.00555336678314238	0.995079705772104	0.996474747558481	0.99909601806862
Vibrionaceae	0.708590374680114	0.808829465660688	0.963780183517285	-0.00230031935606077	0.995079705772104	0.996474747558481	0.99909601806862
Vicinamibacteraceae	0.718276163504191	0.623393945128052	0.425989443945424	0.00312308440296389	0.995079705772104	0.996474747558481	0.99909601806862
Vulgatibacteraceae	0.511150630940308	0.729745387811349	0.956222067805806	-0.00661496401238408	0.995079705772104	0.996474747558481	0.99909601806862
Waddliaceae	0.428295200881802	0.573370433229276	0.448214558440192	-0.00912872189082009	0.995079705772104	0.996474747558481	0.99909601806862
Wenzhouxiangellaceae	0.734096986862578	0.847746473603939	0.77159790689604	0.00340544022216188	0.995079705772104	0.996474747558481	0.99909601806862
Woeseiaceae	0.445851318500328	0.785460963155343	0.865977512600514	-0.00786704493118415	0.995079705772104	0.996474747558481	0.99909601806862
Xanthobacteraceae	0.67092706490811	0.819187239022148	0.936655146479359	-0.00350110867008727	0.995079705772104	0.996474747558481	0.99909601806862
Xanthomonadaceae	0.811333684605452	0.891395076894884	0.934215537478715	0.00182440718138486	0.995079705772104	0.996474747558481	0.99909601806862
Yersiniaceae	0.869087668227234	0.656500692746947	0.778570774591615	0.00108407221697524	0.995079705772104	0.996474747558481	0.99909601806862
Zoogloeaceae	0.998071068602563	0.72610175123631	0.807619103849227	-1.93390652464869e-05	0.998071068602563	0.996474747558481	0.99909601806862
