p-variable	p-treatment	p-interaction	slope	adjusted.p-variable	adjusted.p-treatment	adjusted.p-interaction
Acaryochloridaceae	0.96733101807395	0.543389801197818	0.320818406461667	-7.22432561763901e-07	0.994362224167833	0.99948173792413	0.999534435399553
Acetobacteraceae	0.469071316780111	0.620246954725099	0.824346421588883	-1.01573370889107e-05	0.993782818466773	0.99948173792413	0.999534435399553
Acholeplasmataceae	0.14644092687241	0.72222180915861	0.555934462052495	-2.66463541686587e-05	0.939172008375039	0.99948173792413	0.999534435399553
Acidaminococcaceae	0.0170464102194246	0.858148599107244	0.556420783000923	-9.95675279070251e-05	0.874364406869597	0.99948173792413	0.999534435399553
Acidiferrobacteraceae	0.896205186330776	0.664841259406941	0.526881881134141	2.04403550353142e-06	0.993782818466773	0.99948173792413	0.999534435399553
Acidilobaceae	0.485544416171695	0.553102832145991	0.997306618617003	-1.31629979659086e-05	0.993782818466773	0.99948173792413	0.999534435399553
Acidimicrobiaceae	0.259782555298648	0.403459407696452	0.36125650861024	-2.48624799023685e-05	0.993782818466773	0.99948173792413	0.999534435399553
Acidithiobacillaceae	0.365825674616158	0.965967695434655	0.924438591791595	-1.42976283904364e-05	0.993782818466773	0.99948173792413	0.999534435399553
Acidobacteriaceae	0.648855105321372	0.921303482325487	0.998550960592291	-6.71951336993891e-06	0.993782818466773	0.99948173792413	0.999534435399553
Acidothermaceae	0.678614426308195	0.328566214970303	0.605373769176236	6.11998254990761e-06	0.993782818466773	0.99948173792413	0.999534435399553
Actinomycetaceae	0.914347380877496	0.398524001272322	0.604810198017246	1.82583939472894e-06	0.993782818466773	0.99948173792413	0.999534435399553
Actinopolysporaceae	0.780514567600923	0.148585417308537	0.0927176160480939	5.45801510214443e-06	0.993782818466773	0.99948173792413	0.999534435399553
Aerococcaceae	0.214489765212193	0.569466598111762	0.327124008079247	-1.43872879708009e-05	0.939172008375039	0.99948173792413	0.999534435399553
Aeromonadaceae	0.653505235678811	0.640714928909999	0.718770511535267	-6.67820771964552e-06	0.993782818466773	0.99948173792413	0.999534435399553
Akkermansiaceae	0.316365191577988	0.979035448677879	0.935937205513358	-5.45860281477879e-05	0.993782818466773	0.99948173792413	0.999534435399553
Alcaligenaceae	0.814103221649596	0.647292965787168	0.663849273654084	-3.43315872535488e-06	0.993782818466773	0.99948173792413	0.999534435399553
Alcanivoracaceae	0.62841785145396	0.621137263258667	0.837617172464949	-6.81617935672113e-06	0.993782818466773	0.99948173792413	0.999534435399553
Alicyclobacillaceae	0.90130708276962	0.639570413583797	0.598244501809371	-1.74315666074911e-06	0.993782818466773	0.99948173792413	0.999534435399553
Alteromonadaceae	0.445029974886448	0.523524394898874	0.617606533170834	-9.42092954418155e-06	0.993782818466773	0.99948173792413	0.999534435399553
Amoebophilaceae	0.712823322707022	0.527125997367909	0.476505464913954	-6.64148644938604e-06	0.993782818466773	0.99948173792413	0.999534435399553
Anaerohalosphaeraceae	0.15173248512356	0.813169475364875	0.702445497483893	-2.46882226422225e-05	0.939172008375039	0.99948173792413	0.999534435399553
Anaerolineaceae	0.624528910256279	0.510130489967656	0.608447373870432	-6.94474566225261e-06	0.993782818466773	0.99948173792413	0.999534435399553
Anaeromyxobacteraceae	0.882323388377467	0.813140410771472	0.875843559146203	-2.4674968120131e-06	0.993782818466773	0.99948173792413	0.999534435399553
Anaplasmataceae	0.0694383915234839	0.420833755349649	0.272982220585443	-2.87109094196427e-05	0.874364406869597	0.99948173792413	0.999534435399553
Aphanizomenonaceae	0.171133729652604	0.522911299827564	0.444283190984911	-2.02663478395636e-05	0.939172008375039	0.99948173792413	0.999534435399553
Aphanothecaceae	0.184484502173219	0.603396935284955	0.451175458264674	-1.75233855445081e-05	0.939172008375039	0.99948173792413	0.999534435399553
Aquificaceae	0.358551290871774	0.867129634375433	0.834076493508093	-1.56361396937032e-05	0.993782818466773	0.99948173792413	0.999534435399553
Archaeoglobaceae	0.634568579878572	0.719539004900735	0.522087248635544	-6.20531370370438e-06	0.993782818466773	0.99948173792413	0.999534435399553
Archangiaceae	0.909682119950728	0.591418850523228	0.607708964673879	-1.8103187654285e-06	0.993782818466773	0.99948173792413	0.999534435399553
Ardenticatenaceae	0.558099381124465	0.714647827592754	0.563162967811681	9.63837862009425e-06	0.993782818466773	0.99948173792413	0.999534435399553
Aspergillaceae	0.567177120663714	0.904135855341955	0.949793107961163	-7.81961513207765e-06	0.993782818466773	0.99948173792413	0.999534435399553
Atopobiaceae	0.511823511084423	0.853972347483884	0.926515652418179	-1.26801399304961e-05	0.993782818466773	0.99948173792413	0.999534435399553
Aurantimonadaceae	0.764599809820857	0.604528623488178	0.670250687659929	-4.89951848396147e-06	0.993782818466773	0.99948173792413	0.999534435399553
Azonexaceae	0.663390818047732	0.894167342801278	0.715848222678776	-5.89899997940756e-06	0.993782818466773	0.99948173792413	0.999534435399553
Bacillaceae	0.199911145041762	0.87424540674981	0.761253418374654	-1.546050556095e-05	0.939172008375039	0.99948173792413	0.999534435399553
Bacteriovoracaceae	0.366556582588325	0.955635369973156	0.854939900666695	-1.64118632025763e-05	0.993782818466773	0.99948173792413	0.999534435399553
Bacteroidaceae	0.576354534642266	0.278669337701172	0.293989735042494	1.70906541795502e-05	0.993782818466773	0.99948173792413	0.999534435399553
Baekduiaceae	0.925933033510791	0.912882499381732	0.898248642611308	1.89851461861412e-06	0.993782818466773	0.99948173792413	0.999534435399553
Barnesiellaceae	0.83387330303431	0.0326528100440423	0.0598084920100317	-5.19190617973645e-06	0.993782818466773	0.99948173792413	0.999534435399553
Bartonellaceae	0.0949037561405807	0.745886417787874	0.591032924959994	-2.4138738610112e-05	0.874364406869597	0.99948173792413	0.999534435399553
Bdellovibrionaceae	0.147373706154167	0.839947692143756	0.816256784918584	-1.86085960548903e-05	0.939172008375039	0.99948173792413	0.999534435399553
Beijerinckiaceae	0.424644096585693	0.964150882650089	0.875446950690123	-1.32104497849928e-05	0.993782818466773	0.99948173792413	0.999534435399553
Bernardetiaceae	0.0902955264748899	0.99948173792413	0.816753265422232	-3.58048324806767e-05	0.874364406869597	0.99948173792413	0.999534435399553
Beutenbergiaceae	0.883937722011648	0.40554559866466	0.580359868663582	2.49909743462602e-06	0.993782818466773	0.99948173792413	0.999534435399553
Bifidobacteriaceae	0.436530942682408	0.586976966212052	0.910637806102181	2.78497394011502e-05	0.993782818466773	0.99948173792413	0.999534435399553
Blattabacteriaceae	0.0587205027445858	0.3977405381789	0.22425124899646	-3.2840897758631e-05	0.874364406869597	0.99948173792413	0.999534435399553
Bogoriellaceae	0.323287455011557	0.347790677053325	0.26566341462597	1.68547236006663e-05	0.993782818466773	0.99948173792413	0.999534435399553
Borreliaceae	0.042883485874892	0.254778017715125	0.185309404966972	-3.85365757578328e-05	0.874364406869597	0.99948173792413	0.999534435399553
Brachyspiraceae	0.0649936144081952	0.450059850655402	0.344049865817863	-3.42374095198258e-05	0.874364406869597	0.99948173792413	0.999534435399553
Bradymonadaceae	0.667261555251022	0.160620386823057	0.100237769525841	8.30927230447964e-06	0.993782818466773	0.99948173792413	0.999534435399553
Bradyrhizobiaceae	0.755199234671147	0.737840016524045	0.776608361048258	-4.55077710824616e-06	0.993782818466773	0.99948173792413	0.999534435399553
Brevibacteriaceae	0.623609935724294	0.710833973051062	0.46207723450098	7.01030690691783e-06	0.993782818466773	0.99948173792413	0.999534435399553
Brucellaceae	0.539147366561835	0.81261708815468	0.827088097744934	-8.32934414659984e-06	0.993782818466773	0.99948173792413	0.999534435399553
Budviciaceae	0.843064585996631	0.519042591701048	0.381427251758704	2.52743312205374e-06	0.993782818466773	0.99948173792413	0.999534435399553
Burkholderiaceae	0.937634778892543	0.500944638185336	0.503158774687195	-1.13727318070443e-06	0.993782818466773	0.99948173792413	0.999534435399553
Caldilineaceae	0.600461233775351	0.972088061433204	0.915861655805234	-9.11619181188168e-06	0.993782818466773	0.99948173792413	0.999534435399553
Caldisphaeraceae	0.0964320350064063	0.524488807501422	0.332392395666013	-3.69472756632276e-05	0.874364406869597	0.99948173792413	0.999534435399553
Calditrichaceae	0.745188537853769	0.781761907324082	0.886092019166604	4.54962049216212e-06	0.993782818466773	0.99948173792413	0.999534435399553
Calotrichaceae	0.0676368981387757	0.42055855083509	0.268218158635612	-2.43882447836087e-05	0.874364406869597	0.99948173792413	0.999534435399553
Campylobacteraceae	0.54202387438418	0.894748201221262	0.724105315266229	-1.10546170626272e-05	0.993782818466773	0.99948173792413	0.999534435399553
Candidatus Brocadiaceae	0.181038451574483	0.840549082526059	0.464697404497841	-2.02280343417689e-05	0.939172008375039	0.99948173792413	0.999534435399553
Candidatus Deianiraeaceae	0.586339071666472	0.407614334934481	0.337479450298787	1.4019328647147e-05	0.993782818466773	0.99948173792413	0.999534435399553
Candidatus Methanomethylophilaceae	0.662329371350489	0.682401884726608	0.851835980658373	-8.26866105326741e-06	0.993782818466773	0.99948173792413	0.999534435399553
Candidatus Midichloriaceae	0.220810131781838	0.860277138007907	0.994874043033852	-2.72016750744506e-05	0.939172008375039	0.99948173792413	0.999534435399553
Candidatus Nanopelagicaceae	0.072404515562401	0.876263520497413	0.589326309907465	-2.8984787385633e-05	0.874364406869597	0.99948173792413	0.999534435399553
Candidatus Paracaedibacteraceae	0.383063518612272	0.884779106208417	0.910503209298352	-2.20949723497597e-05	0.993782818466773	0.99948173792413	0.999534435399553
Cardiobacteriaceae	0.125658165750569	0.986539872719979	0.68631999556278	-2.47380384560527e-05	0.880680002905654	0.99948173792413	0.999534435399553
Carnobacteriaceae	0.288898967582372	0.709157945714113	0.71366134122229	-1.5252724499721e-05	0.993782818466773	0.99948173792413	0.999534435399553
Casimicrobiaceae	0.114971119111514	0.634703333305459	0.506213861069742	-3.00729135035551e-05	0.880680002905654	0.99948173792413	0.999534435399553
Catenulisporaceae	0.813809842932607	0.94812499464577	0.938030005509475	-4.09301836209279e-06	0.993782818466773	0.99948173792413	0.999534435399553
Caulobacteraceae	0.808271952929739	0.698066855569522	0.790359432208183	-3.76534280820208e-06	0.993782818466773	0.99948173792413	0.999534435399553
Cellulomonadaceae	0.815716205994758	0.749659094789097	0.601602804633507	3.68716146216191e-06	0.993782818466773	0.99948173792413	0.999534435399553
Cellvibrionaceae	0.420810460253296	0.553057581852051	0.777255774967131	-1.14235859804829e-05	0.993782818466773	0.99948173792413	0.999534435399553
Chaetomiaceae	0.44371413978283	0.798633974872419	0.907509122733496	-1.15933100667639e-05	0.993782818466773	0.99948173792413	0.999534435399553
Chamaesiphonaceae	0.104855705717154	0.82740676386685	0.784300618765293	-2.75511778830651e-05	0.874364406869597	0.99948173792413	0.999534435399553
Chelatococcaceae	0.986657456208215	0.799917925033603	0.731662474754453	-2.95878916358296e-07	0.996330568523982	0.99948173792413	0.999534435399553
Chitinophagaceae	0.615651935860593	0.210362839725606	0.252440826481801	-5.81795714362322e-06	0.993782818466773	0.99948173792413	0.999534435399553
Chlamydiaceae	0.899228750269627	0.747714007478397	0.422714126187519	2.0706782199148e-06	0.993782818466773	0.99948173792413	0.999534435399553
Chlorobiaceae	0.642183582738415	0.531939656683851	0.649447017838679	-6.32843387013422e-06	0.993782818466773	0.99948173792413	0.999534435399553
Chloroflexaceae	0.48565049277729	0.4619906036274	0.753500212591697	-1.10299989160412e-05	0.993782818466773	0.99948173792413	0.999534435399553
Christensenellaceae	0.100572507116964	0.58221333442161	0.418544162889438	-3.56287815164947e-05	0.874364406869597	0.99948173792413	0.999534435399553
Chromatiaceae	0.710344800882352	0.665360736371094	0.713691729237093	-5.2280701977367e-06	0.993782818466773	0.99948173792413	0.999534435399553
Chromobacteriaceae	0.697645850511376	0.750780406897628	0.772333966423391	-6.10307222996408e-06	0.993782818466773	0.99948173792413	0.999534435399553
Chroococcaceae	0.302234933513554	0.909339380028206	0.964736481049355	-1.31519884793644e-05	0.993782818466773	0.99948173792413	0.999534435399553
Chroococcidiopsidaceae	0.779678858155844	0.510047566767019	0.406497539103041	4.9844616918876e-06	0.993782818466773	0.99948173792413	0.999534435399553
Chrysiogenaceae	0.813228613012578	0.981309544182268	0.654531275812138	-3.77171539246697e-06	0.993782818466773	0.99948173792413	0.999534435399553
Chthonomonadaceae	0.753166006793976	0.316514823412981	0.385649987357151	5.49612251281898e-06	0.993782818466773	0.99948173792413	0.999534435399553
Clavicipitaceae	0.428544451823256	0.906988857540108	0.94239364212477	-1.08368408861488e-05	0.993782818466773	0.99948173792413	0.999534435399553
Clostridiaceae	0.0731326075419027	0.277419428306123	0.303911131447667	-2.43392233285603e-05	0.874364406869597	0.99948173792413	0.999534435399553
Clostridiales Family XIII. Incertae Sedis	0.455378304528923	0.884798184662022	0.930887856683655	-1.08491380383272e-05	0.993782818466773	0.99948173792413	0.999534435399553
Clostridiales Family XVI. Incertae Sedis	0.789507986477211	0.986076063558923	0.887613159084417	3.61605389916859e-06	0.993782818466773	0.99948173792413	0.999534435399553
Clostridiales Family XVII. Incertae Sedis	0.697564076411829	0.91774464077698	0.978113953720985	-6.7749281741554e-06	0.993782818466773	0.99948173792413	0.999534435399553
Cohaesibacteraceae	0.311060216153187	0.564733114157384	0.716047463763877	-1.6297620607793e-05	0.993782818466773	0.99948173792413	0.999534435399553
Coleofasciculaceae	0.744871719364432	0.743101680920362	0.987437261548751	-5.0637660399313e-06	0.993782818466773	0.99948173792413	0.999534435399553
Colwelliaceae	0.215620414505997	0.585125635631168	0.400762453581144	-1.50597127856699e-05	0.939172008375039	0.99948173792413	0.999534435399553
Comamonadaceae	0.976536793332368	0.60531132203541	0.578424446381381	-4.56002712356993e-07	0.994675980024785	0.99948173792413	0.999534435399553
Conexibacteraceae	0.780536348183155	0.666731018723428	0.646411559661895	5.18292741691229e-06	0.993782818466773	0.99948173792413	0.999534435399553
Coprothermobacteraceae	0.668007866540069	0.812449130235332	0.877771159244022	-1.02053805880504e-05	0.993782818466773	0.99948173792413	0.999534435399553
Coriobacteriaceae	0.589420614136443	0.937636653151457	0.820785760141487	-1.6582353571779e-05	0.993782818466773	0.99948173792413	0.999534435399553
Corynebacteriaceae	0.724894467531568	0.467608222383726	0.46980402043433	4.89625063588436e-06	0.993782818466773	0.99948173792413	0.999534435399553
Coxiellaceae	0.0993738049959493	0.254935601955933	0.11935758987795	-2.23672969564614e-05	0.874364406869597	0.99948173792413	0.999534435399553
Crocinitomicaceae	0.0682391447794127	0.948250659610102	0.783994737254157	-3.28042660406374e-05	0.874364406869597	0.99948173792413	0.999534435399553
Cryomorphaceae	0.634997033440608	0.00436239639782598	0.00441584047584026	8.71023026814305e-06	0.993782818466773	0.99948173792413	0.999534435399553
Cryptococcaceae	0.389592198233169	0.761414180735195	0.653473212611679	-1.28779943563139e-05	0.993782818466773	0.99948173792413	0.999534435399553
Cuniculiplasmataceae	0.427957406538658	0.756357961611809	0.563290537239532	-1.46888410252676e-05	0.993782818466773	0.99948173792413	0.999534435399553
Cyanobacteriaceae	0.382160690994521	0.817662065470439	0.837705450106675	-1.49109388091385e-05	0.993782818466773	0.99948173792413	0.999534435399553
Cyanothecaceae	0.510420698260501	0.512935818089157	0.434741759711243	-1.03132495304353e-05	0.993782818466773	0.99948173792413	0.999534435399553
Cyclobacteriaceae	0.416963786323173	0.397279273695844	0.439722276771547	-9.60146594600737e-06	0.993782818466773	0.99948173792413	0.999534435399553
Cytophagaceae	0.653234386542062	0.384779363325356	0.461550478818193	-5.64921327449814e-06	0.993782818466773	0.99948173792413	0.999534435399553
Debaryomycetaceae	0.0800454483045053	0.323618875365924	0.303211110024091	-3.07215557789468e-05	0.874364406869597	0.99948173792413	0.999534435399553
Deferribacteraceae	0.277943011153245	0.798834195752999	0.725879578037865	-1.37916820210939e-05	0.993782818466773	0.99948173792413	0.999534435399553
Dehalococcoidaceae	0.59248662938478	0.937863949686329	0.77061952610689	9.46585431063375e-06	0.993782818466773	0.99948173792413	0.999534435399553
Deinococcaceae	0.943901284803795	0.685575191776445	0.675405022134485	-1.14459412721373e-06	0.993782818466773	0.99948173792413	0.999534435399553
Dermabacteraceae	0.760550205131768	0.593788222763226	0.470735941920503	4.42109974306119e-06	0.993782818466773	0.99948173792413	0.999534435399553
Dermacoccaceae	0.902919529540067	0.746115308183979	0.824758915759249	-2.13911078394085e-06	0.993782818466773	0.99948173792413	0.999534435399553
Dermatophilaceae	0.648377916893292	0.718405592631303	0.520416558020743	5.96956784938979e-06	0.993782818466773	0.99948173792413	0.999534435399553
Dermocarpellaceae	0.105903335695811	0.861532651083991	0.40195526941587	-2.73321516009141e-05	0.874364406869597	0.99948173792413	0.999534435399553
Desulfarculaceae	0.406057964691938	0.626428831875453	0.813311383884404	-1.45344672421794e-05	0.993782818466773	0.99948173792413	0.999534435399553
Desulfobacteraceae	0.957871299672775	0.542879313515215	0.543162216708867	-7.02576418284361e-07	0.993782818466773	0.99948173792413	0.999534435399553
Desulfobulbaceae	0.995721908553469	0.579073176383342	0.555898819150661	8.4840091465943e-08	0.997659110710188	0.99948173792413	0.999534435399553
Desulfohalobiaceae	0.474315107507006	0.436496703855413	0.215233452136219	1.06742841190595e-05	0.993782818466773	0.99948173792413	0.999534435399553
Desulfomicrobiaceae	0.880944778471556	0.618426885237549	0.525420313252973	-2.34274370366427e-06	0.993782818466773	0.99948173792413	0.999534435399553
Desulfovibrionaceae	0.307720803114513	0.781416393700206	0.606210080957351	-2.98108300648218e-05	0.993782818466773	0.99948173792413	0.999534435399553
Desulfurellaceae	0.110921949191529	0.963481873922402	0.828034917417033	-2.62167487535308e-05	0.880680002905654	0.99948173792413	0.999534435399553
Desulfurobacteriaceae	0.113747195283774	0.403557876885243	0.238926196570723	-2.51113477046758e-05	0.880680002905654	0.99948173792413	0.999534435399553
Desulfurococcaceae	0.495654710218454	0.401143365492315	0.63733945813223	-1.00406384414783e-05	0.993782818466773	0.99948173792413	0.999534435399553
Desulfuromonadaceae	0.646527400227828	0.969508014267302	0.92906811006753	-6.63008418274537e-06	0.993782818466773	0.99948173792413	0.999534435399553
Dictyoglomaceae	0.285691165419268	0.940962281720407	0.968095651929204	-2.05334339533662e-05	0.993782818466773	0.99948173792413	0.999534435399553
Dietziaceae	0.689703927961437	0.890001279380257	0.890163950490745	-6.46759564716299e-06	0.993782818466773	0.99948173792413	0.999534435399553
Dipodascaceae	0.0816017268377409	0.19774322469276	0.437720150688432	-3.26930902389912e-05	0.874364406869597	0.99948173792413	0.999534435399553
Dysgonamonadaceae	0.685473782673603	0.0523755592969016	0.0712341526855881	-6.79349771399456e-06	0.993782818466773	0.99948173792413	0.999534435399553
Ectothiorhodospiraceae	0.43772367110342	0.911814737021258	0.933051693673205	-1.27466998784523e-05	0.993782818466773	0.99948173792413	0.999534435399553
Eggerthellaceae	0.638833866317912	0.635662078107538	0.741535515972846	1.44272076669604e-05	0.993782818466773	0.99948173792413	0.999534435399553
Egibacteraceae	0.483029181564936	0.882099948221525	0.887608723051244	-1.29816238112772e-05	0.993782818466773	0.99948173792413	0.999534435399553
Egicoccaceae	0.70659822767696	0.801205544084402	0.696894206848308	7.60596557764997e-06	0.993782818466773	0.99948173792413	0.999534435399553
Elusimicrobiaceae	0.976867635421596	0.372317807379025	0.209504309835108	-4.18134536155098e-07	0.994675980024785	0.99948173792413	0.999534435399553
Emcibacteraceae	0.559623326378253	0.77884573246048	0.735494049108376	-8.60511672006479e-06	0.993782818466773	0.99948173792413	0.999534435399553
Endomicrobiaceae	0.694742663673177	0.809480090719992	0.943716724878468	-7.03282669637106e-06	0.993782818466773	0.99948173792413	0.999534435399553
Endozoicomonadaceae	0.344185652664619	0.343517421909047	0.415088901913258	-1.56901276469937e-05	0.993782818466773	0.99948173792413	0.999534435399553
Enterobacteriaceae	0.469354072347373	0.0816227826123719	0.497127203500974	-1.69999124058653e-05	0.993782818466773	0.99948173792413	0.999534435399553
Enterococcaceae	0.621007497319982	0.878623405810206	0.966006316257569	-7.18057228981647e-06	0.993782818466773	0.99948173792413	0.999534435399553
Entomoplasmataceae	0.0933513333325419	0.359367921945325	0.364731739120559	-4.08597509183268e-05	0.874364406869597	0.99948173792413	0.999534435399553
Erwiniaceae	0.198813251098456	0.791352700261743	0.577660969367374	-1.67820540645577e-05	0.939172008375039	0.99948173792413	0.999534435399553
Erysipelotrichaceae	0.0380464472800952	0.128566568464442	0.121391040429269	-4.49369557891868e-05	0.874364406869597	0.99948173792413	0.999534435399553
Erythrobacteraceae	0.930629455354658	0.56406451985508	0.548940275408465	1.31778785373575e-06	0.993782818466773	0.99948173792413	0.999534435399553
Eubacteriaceae	0.637810725475494	0.80209359642702	0.787444950519445	7.20587239905333e-06	0.993782818466773	0.99948173792413	0.999534435399553
Euzebyaceae	0.782389115538217	0.473957168139964	0.432895600475671	-5.59455509550903e-06	0.993782818466773	0.99948173792413	0.999534435399553
Ferrimonadaceae	0.271782253348473	0.869943590087939	0.972063161953738	-1.87114324288996e-05	0.993782818466773	0.99948173792413	0.999534435399553
Ferroplasmaceae	0.0895782554893567	0.142174282440391	0.0886031030843472	-3.52143520428423e-05	0.874364406869597	0.99948173792413	0.999534435399553
Fervidobacteriaceae	0.00798023973502788	0.298732549324218	0.209032460320419	-4.57306398092662e-05	0.874364406869597	0.99948173792413	0.999534435399553
Fibrobacteraceae	0.315066782744827	0.966554802302729	0.893898929017415	-1.8919261752833e-05	0.993782818466773	0.99948173792413	0.999534435399553
Fimbriimonadaceae	0.576538440775677	0.332409722052497	0.152422559692337	8.02280550203212e-06	0.993782818466773	0.99948173792413	0.999534435399553
Flammeovirgaceae	0.0896865421477446	0.976530702962155	0.880879870063527	-2.17014591984765e-05	0.874364406869597	0.99948173792413	0.999534435399553
Flavobacteriaceae	0.114731664907782	0.801730058007461	0.969580155626302	-1.95650640832451e-05	0.880680002905654	0.99948173792413	0.999534435399553
Francisellaceae	0.0940514366715973	0.60067569300345	0.556044134766009	-2.64984374088982e-05	0.874364406869597	0.99948173792413	0.999534435399553
Frankiaceae	0.953230956841205	0.788570362527913	0.757688455421815	-8.98036605116261e-07	0.993782818466773	0.99948173792413	0.999534435399553
Fusobacteriaceae	0.163377449118005	0.782506508569067	0.780768579745633	-2.44985617162072e-05	0.939172008375039	0.99948173792413	0.999534435399553
Gallionellaceae	0.749427863258831	0.589597950317557	0.643925545752583	-4.39853645401907e-06	0.993782818466773	0.99948173792413	0.999534435399553
Gemmataceae	0.921178783345756	0.919885810483083	0.764215391483667	-1.61537140069563e-06	0.993782818466773	0.99948173792413	0.999534435399553
Gemmatimonadaceae	0.641511248430829	0.656027000119811	0.758031081426039	-7.67427168063472e-06	0.993782818466773	0.99948173792413	0.999534435399553
Geobacteraceae	0.876949534712513	0.889884918985258	0.991991092470459	-2.3955245933146e-06	0.993782818466773	0.99948173792413	0.999534435399553
Geodermatophilaceae	0.924110655886535	0.650987866548538	0.706188803052004	-1.69650024541824e-06	0.993782818466773	0.99948173792413	0.999534435399553
Gloeobacteraceae	0.430356373455256	0.850505710802354	0.961678997933645	-1.41228998554987e-05	0.993782818466773	0.99948173792413	0.999534435399553
Gloeomargaritaceae	0.178589253235176	0.369938526747943	0.26304307273448	-2.23752836495536e-05	0.939172008375039	0.99948173792413	0.999534435399553
Glomerellaceae	0.746718551727379	0.246378943935992	0.338856461935903	-4.51425761182063e-06	0.993782818466773	0.99948173792413	0.999534435399553
Glycomycetaceae	0.557679932720468	0.931191770953356	0.933019028607217	-1.18321584959049e-05	0.993782818466773	0.99948173792413	0.999534435399553
Gomontiellaceae	0.897466260153632	0.656459687318568	0.460092346263046	2.27839665045292e-06	0.993782818466773	0.99948173792413	0.999534435399553
Gordoniaceae	0.801404758458013	0.519690500002655	0.450834418560625	3.90299270356559e-06	0.993782818466773	0.99948173792413	0.999534435399553
Gottschalkiaceae	0.0235432704789618	0.225645710275365	0.0938543248136849	-4.70791897582065e-05	0.874364406869597	0.99948173792413	0.999534435399553
Granulosicoccaceae	0.34088735616283	0.548936604063907	0.702119934377136	-1.47875121631219e-05	0.993782818466773	0.99948173792413	0.999534435399553
Hafniaceae	0.331174196766042	0.8180135499895	0.793658871941579	-1.30980386464695e-05	0.993782818466773	0.99948173792413	0.999534435399553
Hahellaceae	0.455938847054016	0.787470072430043	0.903284935316136	-1.07308604673715e-05	0.993782818466773	0.99948173792413	0.999534435399553
Halanaerobiaceae	0.394543956391657	0.896223373320926	0.9378149935319	-1.28593138387722e-05	0.993782818466773	0.99948173792413	0.999534435399553
Halieaceae	0.943313320406996	0.493933330472202	0.456949527190304	-9.92539645345699e-07	0.993782818466773	0.99948173792413	0.999534435399553
Haliscomenobacteraceae	0.212566888703906	0.956255254671462	0.750292337796998	-1.89001663008016e-05	0.939172008375039	0.99948173792413	0.999534435399553
Haloarculaceae	0.738089421561269	0.78430465701208	0.859606797462882	-5.59172870112492e-06	0.993782818466773	0.99948173792413	0.999534435399553
Halobacteriaceae	0.722966661340495	0.652870733437667	0.552084725306856	6.28760957273932e-06	0.993782818466773	0.99948173792413	0.999534435399553
Halobacteriovoraceae	0.53798865344524	0.346347199489212	0.380248117029322	-1.27025424785614e-05	0.993782818466773	0.99948173792413	0.999534435399553
Halobacteroidaceae	0.976728591274083	0.238480439722111	0.24297705935987	4.68746905833456e-07	0.994675980024785	0.99948173792413	0.999534435399553
Haloferacaceae	0.857679899747878	0.43459735360358	0.51562668044939	-2.77230211963559e-06	0.993782818466773	0.99948173792413	0.999534435399553
Halomonadaceae	0.668125041878704	0.854988453976166	0.924339480811446	-6.22729752095646e-06	0.993782818466773	0.99948173792413	0.999534435399553
Halorubraceae	0.744068900475586	0.447706731702367	0.552979376034622	-5.52189789606619e-06	0.993782818466773	0.99948173792413	0.999534435399553
Halothiobacillaceae	0.365165926771939	0.958065432352704	0.929129502577827	-1.80730117656951e-05	0.993782818466773	0.99948173792413	0.999534435399553
Hapalosiphonaceae	0.575897616049628	0.638726666766417	0.816647678204989	9.12254362172723e-06	0.993782818466773	0.99948173792413	0.999534435399553
Helicobacteraceae	0.218928321682174	0.902064409714419	0.995890801172745	-1.7666975922712e-05	0.939172008375039	0.99948173792413	0.999534435399553
Heliobacteriaceae	0.847915164627577	0.420653457344706	0.55785278443642	-2.91042013536345e-06	0.993782818466773	0.99948173792413	0.999534435399553
Holosporaceae	0.10534729785083	0.319106258625343	0.356246847363225	-2.93088364095359e-05	0.874364406869597	0.99948173792413	0.999534435399553
Hungateiclostridiaceae	0.421782037719406	0.841614485269134	0.875243510244743	-1.01259228850385e-05	0.993782818466773	0.99948173792413	0.999534435399553
Hydrogenophilaceae	0.500700916949759	0.994362969450102	0.700249047346963	-1.29389305197375e-05	0.993782818466773	0.99948173792413	0.999534435399553
Hydrogenothermaceae	0.236163241232147	0.39628630765688	0.335157568631925	-2.28910101835653e-05	0.962181172109075	0.99948173792413	0.999534435399553
Hyellaceae	0.441942945756931	0.393189318469101	0.840629453959564	-1.69825013744781e-05	0.993782818466773	0.99948173792413	0.999534435399553
Hymenobacteraceae	0.57855545317481	0.406969909317807	0.527715161624364	-8.06114794137387e-06	0.993782818466773	0.99948173792413	0.999534435399553
Hyphomicrobiaceae	0.777278291167496	0.698795134416449	0.685361830584164	-4.2929067360134e-06	0.993782818466773	0.99948173792413	0.999534435399553
Hyphomonadaceae	0.650489402485899	0.444230690364324	0.432993985644772	-6.86186233373633e-06	0.993782818466773	0.99948173792413	0.999534435399553
Iamiaceae	0.939401968414696	0.695849982204084	0.66524689882269	-1.38262402431664e-06	0.993782818466773	0.99948173792413	0.999534435399553
Ichthyobacteriaceae	0.830285656459213	0.888993863758797	0.87175783257572	-4.2838625769723e-06	0.993782818466773	0.99948173792413	0.999534435399553
Idiomarinaceae	0.0724935770404638	0.780365749752653	0.932406919739651	-2.55420086273574e-05	0.874364406869597	0.99948173792413	0.999534435399553
Ignavibacteriaceae	0.577457585348775	0.00424608439975895	0.00984191283749476	9.71292299189603e-06	0.993782818466773	0.99948173792413	0.999534435399553
Ilumatobacteraceae	0.462152875426737	0.904807314623303	0.96294935612641	-1.63877344494539e-05	0.993782818466773	0.99948173792413	0.999534435399553
Immundisolibacteraceae	0.991211154884655	0.637452670761147	0.676047300448943	1.80201092373134e-07	0.996884993536348	0.99948173792413	0.999534435399553
Intrasporangiaceae	0.878321629488083	0.72719747113658	0.613454822120523	2.49083934135957e-06	0.993782818466773	0.99948173792413	0.999534435399553
Isosphaeraceae	0.847688513968793	0.647397476601646	0.51448162228448	3.1961803029573e-06	0.993782818466773	0.99948173792413	0.999534435399553
Jiangellaceae	0.411441137301322	0.619490486494451	0.435833685632464	1.46504748601879e-05	0.993782818466773	0.99948173792413	0.999534435399553
Jonesiaceae	0.884641658305389	0.832072161276038	0.485595835586872	-2.68327531728382e-06	0.993782818466773	0.99948173792413	0.999534435399553
Kangiellaceae	0.106844114780403	0.308478331950603	0.268045065581962	-2.72986612346615e-05	0.874364406869597	0.99948173792413	0.999534435399553
Kineosporiaceae	0.934204700247928	0.329038394281906	0.362287048930449	1.7023475315441e-06	0.993782818466773	0.99948173792413	0.999534435399553
Kiritimatiellaceae	0.276312780283259	0.23561810919195	0.126043326683537	2.10457510175853e-05	0.993782818466773	0.99948173792413	0.999534435399553
Kofleriaceae	0.960978337080491	0.746771823451689	0.627272034345312	-8.79854678592815e-07	0.993782818466773	0.99948173792413	0.999534435399553
Kosmotogaceae	0.0998767816867931	0.491290123024123	0.416702495904336	-2.18514736688273e-05	0.874364406869597	0.99948173792413	0.999534435399553
Ktedonosporobacteraceae	0.564002452158474	0.663351037619859	0.808624866558432	-1.00293644552055e-05	0.993782818466773	0.99948173792413	0.999534435399553
Labilitrichaceae	0.862959318754007	0.776151923818487	0.616993034766659	-2.91458101273415e-06	0.993782818466773	0.99948173792413	0.999534435399553
Lachnospiraceae	0.223264157834238	0.614957864359954	0.911152486097659	-1.78811062939374e-05	0.939172008375039	0.99948173792413	0.999534435399553
Lacipirellulaceae	0.29837023374085	0.531519602618174	0.537882446464113	-1.71763930230297e-05	0.993782818466773	0.99948173792413	0.999534435399553
Lactobacillaceae	0.13954724119369	0.325599881096401	0.215190144803248	-2.70416642747807e-05	0.93333544434741	0.99948173792413	0.999534435399553
Legionellaceae	0.237275745355054	0.72907745755094	0.571110743430716	-1.44371141375144e-05	0.962181172109075	0.99948173792413	0.999534435399553
Leptolyngbyaceae	0.563138293326239	0.728770735837124	0.813056342356802	-8.43029641741813e-06	0.993782818466773	0.99948173792413	0.999534435399553
Leptospiraceae	0.304211112254316	0.669305841985931	0.923107275421308	-1.38464495259105e-05	0.993782818466773	0.99948173792413	0.999534435399553
Leptotrichiaceae	0.126544311097123	0.785745342008249	0.6317184275896	-2.52344109774611e-05	0.880680002905654	0.99948173792413	0.999534435399553
Leuconostocaceae	0.00324046049411629	0.0675181112048994	0.0474910992935359	-6.15279119129365e-05	0.874364406869597	0.99948173792413	0.999534435399553
Lichenihabitantaceae	0.638643816351607	0.504745373027291	0.383758206238585	8.12344453929671e-06	0.993782818466773	0.99948173792413	0.999534435399553
Limnochordaceae	0.654836876705945	0.899953891712467	0.906231184426474	-7.83217402098615e-06	0.993782818466773	0.99948173792413	0.999534435399553
Listeriaceae	0.167865904886316	0.78083659752306	0.755168073092184	-1.93407551447201e-05	0.939172008375039	0.99948173792413	0.999534435399553
Litoricolaceae	0.907529562462087	0.0268256651075798	0.015343564077784	1.83560619610824e-06	0.993782818466773	0.99948173792413	0.999534435399553
Magnetococcaceae	0.522721587567671	0.436232855425849	0.436004548703485	-9.89564933988444e-06	0.993782818466773	0.99948173792413	0.999534435399553
Malasseziaceae	0.210019965730596	0.581694179021121	0.533954293369368	-2.5345323558643e-05	0.939172008375039	0.99948173792413	0.999534435399553
Marinifilaceae	0.420388354967588	0.203711222810867	0.231652661618399	-1.31986679211761e-05	0.993782818466773	0.99948173792413	0.999534435399553
Marinilabiliaceae	0.0880409156321764	0.513611689788115	0.458063201666983	-2.65229675438748e-05	0.874364406869597	0.99948173792413	0.999534435399553
Mariprofundaceae	0.960211471661199	0.315849423373957	0.422917937851338	7.02562122960994e-07	0.993782818466773	0.99948173792413	0.999534435399553
Melioribacteraceae	0.154830990298994	0.516593752602968	0.686056252396857	-2.73396917266793e-05	0.939172008375039	0.99948173792413	0.999534435399553
Merismopediaceae	0.979224702665177	0.755801986694923	0.37336802084272	3.51026806552943e-07	0.994675980024785	0.99948173792413	0.999534435399553
Mesoaciditogaceae	0.326830828585247	0.507364848700998	0.674181051884466	-1.79317667522386e-05	0.993782818466773	0.99948173792413	0.999534435399553
Methanobacteriaceae	0.783159370868923	0.766252393475679	0.937007573038293	1.1979038522351e-05	0.993782818466773	0.99948173792413	0.999534435399553
Methanocaldococcaceae	0.0808640860703879	0.832095945275286	0.687507113809563	-4.03795245081138e-05	0.874364406869597	0.99948173792413	0.999534435399553
Methanocellaceae	0.677383877298314	0.373717578137154	0.516032138675992	-6.91937256218246e-06	0.993782818466773	0.99948173792413	0.999534435399553
Methanococcaceae	0.126126130028855	0.562339920640566	0.384222396516149	-2.40249994076302e-05	0.880680002905654	0.99948173792413	0.999534435399553
Methanocorpusculaceae	0.213412593239892	0.903914203785278	0.665937178307763	-1.83753911920536e-05	0.939172008375039	0.99948173792413	0.999534435399553
Methanomassiliicoccaceae	0.849979267359046	0.597446614261026	0.661736338882473	-2.92090967441829e-06	0.993782818466773	0.99948173792413	0.999534435399553
Methanomicrobiaceae	0.568473951592413	0.544071272322572	0.558458572038218	-7.68121032508288e-06	0.993782818466773	0.99948173792413	0.999534435399553
Methanopyraceae	0.419122071486449	0.681754760378884	0.615072182171771	-1.69212144352337e-05	0.993782818466773	0.99948173792413	0.999534435399553
Methanoregulaceae	0.617285179330317	0.57517612309115	0.59309419993072	-8.75977925252305e-06	0.993782818466773	0.99948173792413	0.999534435399553
Methanosarcinaceae	0.251724514083294	0.971882369800883	0.793034646851126	-1.30299736909526e-05	0.9896040057473	0.99948173792413	0.999534435399553
Methanospirillaceae	0.169546123276393	0.825613543667619	0.390783818554435	-2.01156932650947e-05	0.939172008375039	0.99948173792413	0.999534435399553
Methanothermaceae	0.174298792349268	0.129429867980451	0.426619760675359	-3.17717581035818e-05	0.939172008375039	0.99948173792413	0.999534435399553
Methanotrichaceae	0.993013595503197	0.424640293929809	0.492328947401359	1.705137412663e-07	0.996884993536348	0.99948173792413	0.999534435399553
Methylacidiphilaceae	0.569941068147914	0.594676269616776	0.763112568712194	-9.56017986445608e-06	0.993782818466773	0.99948173792413	0.999534435399553
Methylobacteriaceae	0.957158995191834	0.493990790618194	0.44806075203902	8.7742041967141e-07	0.993782818466773	0.99948173792413	0.999534435399553
Methylococcaceae	0.531663024847513	0.970841583682643	0.999395947522604	-7.84734325478713e-06	0.993782818466773	0.99948173792413	0.999534435399553
Methylocystaceae	0.3865426589471	0.869983514769985	0.888684608769603	-1.35558889091371e-05	0.993782818466773	0.99948173792413	0.999534435399553
Methylophilaceae	0.434279983076883	0.735200114422489	0.620782593631233	-9.76966200140013e-06	0.993782818466773	0.99948173792413	0.999534435399553
Microbacteriaceae	0.905476676535483	0.671596801918162	0.597273523092721	1.86334812305346e-06	0.993782818466773	0.99948173792413	0.999534435399553
Microbulbiferaceae	0.773381207250318	0.447114901579812	0.400518120334495	-3.93015843480727e-06	0.993782818466773	0.99948173792413	0.999534435399553
Micrococcaceae	0.132296658397434	0.352402699819333	0.403293080553489	-2.49934253466795e-05	0.908437054329048	0.99948173792413	0.999534435399553
Microcoleaceae	0.0860195406384756	0.378672627237078	0.346364944608712	-2.06274769810685e-05	0.874364406869597	0.99948173792413	0.999534435399553
Microcystaceae	0.119725020650719	0.549096287076216	0.710800750246996	-1.98336928991645e-05	0.880680002905654	0.99948173792413	0.999534435399553
Micromonosporaceae	0.999330132320134	0.593144316089304	0.584612382647891	-1.42780569360249e-08	0.999330132320134	0.99948173792413	0.999534435399553
Moraxellaceae	0.185940457765824	0.919738844789024	0.947660028571796	-1.60712637000866e-05	0.939172008375039	0.99948173792413	0.999534435399553
Morganellaceae	0.0832850684596057	0.727363485677539	0.542400394300762	-2.11023320943731e-05	0.874364406869597	0.99948173792413	0.999534435399553
Moritellaceae	0.935793288254372	0.424893505070138	0.359197188688369	-1.36923234510446e-06	0.993782818466773	0.99948173792413	0.999534435399553
Muribaculaceae	0.793025883643783	0.155128932824906	0.184118940693685	5.15287294119564e-06	0.993782818466773	0.99948173792413	0.999534435399553
Mycobacteriaceae	0.89393790578386	0.680891252736205	0.695004357815342	-2.06714247138841e-06	0.993782818466773	0.99948173792413	0.999534435399553
Mycoplasmataceae	0.0393989080917692	0.202143552649456	0.197501719243285	-3.5972425226732e-05	0.874364406869597	0.99948173792413	0.999534435399553
Mycosphaerellaceae	0.823774516540616	0.221660729002189	0.191474141512009	3.10941433372782e-06	0.993782818466773	0.99948173792413	0.999534435399553
Myxococcaceae	0.842315271534527	0.750203166072772	0.747354606890605	-3.43030576422768e-06	0.993782818466773	0.99948173792413	0.999534435399553
Nakamurellaceae	0.945328709535182	0.481992551978229	0.518724779088937	-1.18348139278022e-06	0.993782818466773	0.99948173792413	0.999534435399553
Natranaerobiaceae	0.725152270245789	0.479141053606158	0.451156079134561	-6.02863827630195e-06	0.993782818466773	0.99948173792413	0.999534435399553
Natrialbaceae	0.559056725530401	0.564870516085212	0.510959198545642	8.43536113141883e-06	0.993782818466773	0.99948173792413	0.999534435399553
Nautiliaceae	0.148291382160435	0.755707535649992	0.740693432398382	-2.72207613839984e-05	0.939172008375039	0.99948173792413	0.999534435399553
Nectriaceae	0.196009893009538	0.618153052560218	0.906645267938576	-1.599653115816e-05	0.939172008375039	0.99948173792413	0.999534435399553
Neisseriaceae	0.56617491371926	0.781349666901537	0.931621253563502	-7.543650940651e-06	0.993782818466773	0.99948173792413	0.999534435399553
Nitrosomonadaceae	0.299113574559407	0.784979097353677	0.993455484494968	-1.38857499546439e-05	0.993782818466773	0.99948173792413	0.999534435399553
Nitrosopumilaceae	0.16540943524361	0.785767845907274	0.859851643793135	-2.93014864242413e-05	0.939172008375039	0.99948173792413	0.999534435399553
Nitrososphaeraceae	0.921941117073197	0.994753769754671	0.950675648357612	-1.50033260681831e-06	0.993782818466773	0.99948173792413	0.999534435399553
Nitrospiraceae	0.695669579212429	0.483548165459762	0.56157647612302	-5.40718621353041e-06	0.993782818466773	0.99948173792413	0.999534435399553
Nocardiaceae	0.929388082990682	0.727201106436056	0.807818133507872	-1.38827290413019e-06	0.993782818466773	0.99948173792413	0.999534435399553
Nocardioidaceae	0.95239207200468	0.646865347046154	0.629773430257374	1.00107299897218e-06	0.993782818466773	0.99948173792413	0.999534435399553
Nocardiopsaceae	0.911070425088027	0.529237343333778	0.425368200643613	1.74495426129691e-06	0.993782818466773	0.99948173792413	0.999534435399553
Nostocaceae	0.234047141145615	0.75000348882082	0.527371068170539	-1.25853810383821e-05	0.962181172109075	0.99948173792413	0.999534435399553
Oceanospirillaceae	0.418885059180746	0.590748245070472	0.867449739971764	-1.04572206033958e-05	0.993782818466773	0.99948173792413	0.999534435399553
Odoribacteraceae	0.546131930358117	0.160487800006366	0.134623481239354	1.63424919214956e-05	0.993782818466773	0.99948173792413	0.999534435399553
Oleiphilaceae	0.637042948533283	0.0566720244978557	0.0708021521440126	-7.54076178277039e-06	0.993782818466773	0.99948173792413	0.999534435399553
Opitutaceae	0.951350500075614	0.714258308607791	0.609027188870493	-8.9935879035672e-07	0.993782818466773	0.99948173792413	0.999534435399553
Orbaceae	0.080093632989565	0.783042963627663	0.723422915381843	-2.93537142883091e-05	0.874364406869597	0.99948173792413	0.999534435399553
Oscillatoriaceae	0.678221855902099	0.641302521504153	0.531915027165383	-6.10854682996702e-06	0.993782818466773	0.99948173792413	0.999534435399553
Oscillospiraceae	0.920338488728095	0.300658409268582	0.138336273492147	1.63035172176088e-06	0.993782818466773	0.99948173792413	0.999534435399553
Oxalobacteraceae	0.309916282402393	0.812183081636154	0.802976572893745	-1.85016091562036e-05	0.993782818466773	0.99948173792413	0.999534435399553
Paenibacillaceae	0.504785505361441	0.64051620716619	0.807524170908401	-8.04365166038847e-06	0.993782818466773	0.99948173792413	0.999534435399553
Paludibacteraceae	0.20829686989405	0.228219004107227	0.37348967168495	-2.54884015315776e-05	0.939172008375039	0.99948173792413	0.999534435399553
Parachlamydiaceae	0.272488892137139	0.835221054346183	0.998613266139541	-1.92508440115444e-05	0.993782818466773	0.99948173792413	0.999534435399553
Parvularculaceae	0.419816830927103	0.7994069973271	0.326189496574247	1.55449194301844e-05	0.993782818466773	0.99948173792413	0.999534435399553
Pasteurellaceae	0.0874681752907182	0.854445593418226	0.591682615510086	-2.65336949321061e-05	0.874364406869597	0.99948173792413	0.999534435399553
Pectobacteriaceae	0.483718106496797	0.596690385204675	0.735163527281781	-9.02428683118208e-06	0.993782818466773	0.99948173792413	0.999534435399553
Pelagibacteraceae	0.0690846585153023	0.227989147210853	0.160397235548835	-4.12897187843317e-05	0.874364406869597	0.99948173792413	0.999534435399553
Peptococcaceae	0.604450510456793	0.670745620866204	0.766324300981147	-6.32613512018938e-06	0.993782818466773	0.99948173792413	0.999534435399553
Peptoniphilaceae	0.470866948506326	0.594763330087181	0.60437059843325	-9.75446443109643e-06	0.993782818466773	0.99948173792413	0.999534435399553
Peptostreptococcaceae	0.573782975682285	0.719153633072934	0.753312960439697	-6.97428824011826e-06	0.993782818466773	0.99948173792413	0.999534435399553
Petrotogaceae	0.0962595095315428	0.404757504451389	0.27422148704642	-3.27331948174402e-05	0.874364406869597	0.99948173792413	0.999534435399553
Phaffomycetaceae	0.02287076703879	0.716402566050848	0.690946391369509	-3.93938171734446e-05	0.874364406869597	0.99948173792413	0.999534435399553
Phycisphaeraceae	0.967047181023662	0.974644346385163	0.753301442651977	-8.89426055955378e-07	0.994362224167833	0.99948173792413	0.999534435399553
Phyllobacteriaceae	0.570561209403055	0.732432291724957	0.748451089211411	-8.13946240571522e-06	0.993782818466773	0.99948173792413	0.999534435399553
Pichiaceae	0.0316772962054034	0.432412724204686	0.295169422929982	-3.43885678780374e-05	0.874364406869597	0.99948173792413	0.999534435399553
Picrophilaceae	0.415214743610077	0.960680803876915	0.799327523735349	-2.24477286920615e-05	0.993782818466773	0.99948173792413	0.999534435399553
Pirellulaceae	0.847181612693765	0.540855283634293	0.542121220161468	2.59999232850812e-06	0.993782818466773	0.99948173792413	0.999534435399553
Piscirickettsiaceae	0.284790201079972	0.213107135157754	0.314883478080208	-1.30914384612673e-05	0.993782818466773	0.99948173792413	0.999534435399553
Planctomycetaceae	0.612105011269521	0.646025357669962	0.760445862643922	-7.25670233471108e-06	0.993782818466773	0.99948173792413	0.999534435399553
Planococcaceae	0.190351235241674	0.96294321543451	0.904186289605749	-1.66727781123582e-05	0.939172008375039	0.99948173792413	0.999534435399553
Polyangiaceae	0.816230246937107	0.760943141760437	0.636938951482038	3.72589366203936e-06	0.993782818466773	0.99948173792413	0.999534435399553
Porphyromonadaceae	0.653448894620641	0.0430552231503534	0.069585285153144	-7.79369250755188e-06	0.993782818466773	0.99948173792413	0.999534435399553
Prevotellaceae	0.20606536524939	0.0479925545401175	0.260661546834679	-2.97450419880923e-05	0.939172008375039	0.99948173792413	0.999534435399553
Prochloraceae	0.160435206402977	0.745945426133826	0.845850734562369	-2.50888854831496e-05	0.939172008375039	0.99948173792413	0.999534435399553
Prochlorotrichaceae	0.89327430675793	0.274246794402786	0.368442360289986	-2.04108265973331e-06	0.993782818466773	0.99948173792413	0.999534435399553
Prolixibacteraceae	0.449403422791215	0.150498574651776	0.179986945585368	-1.08099889103387e-05	0.993782818466773	0.99948173792413	0.999534435399553
Promicromonosporaceae	0.428299255891996	0.708030973483535	0.527109310121997	1.29011692377234e-05	0.993782818466773	0.99948173792413	0.999534435399553
Propionibacteriaceae	0.535459996523106	0.666044915250892	0.499858451812103	-9.74343239934036e-06	0.993782818466773	0.99948173792413	0.999534435399553
Pseudanabaenaceae	0.221195400384327	0.915969505842714	0.64625526812643	-1.83121735625652e-05	0.939172008375039	0.99948173792413	0.999534435399553
Pseudoalteromonadaceae	0.168839797506568	0.842762393173159	0.926473767797789	-1.82478348702731e-05	0.939172008375039	0.99948173792413	0.999534435399553
Pseudomonadaceae	0.630564475242027	0.920554870675229	0.973312322182862	-7.4672605644045e-06	0.993782818466773	0.99948173792413	0.999534435399553
Pseudonocardiaceae	0.937385801141911	0.712585651553979	0.715837201884505	-1.28118901707748e-06	0.993782818466773	0.99948173792413	0.999534435399553
Psychromonadaceae	0.909062942407716	0.640919647017297	0.719969161614825	2.0202463210032e-06	0.993782818466773	0.99948173792413	0.999534435399553
Puniceicoccaceae	0.359279564408435	0.0840488495957845	0.085106573150907	1.88283286685637e-05	0.993782818466773	0.99948173792413	0.999534435399553
Pyriculariaceae	0.349367754603009	0.998916320377943	0.827406442221132	-1.08690330904717e-05	0.993782818466773	0.99948173792413	0.999534435399553
Pyrodictiaceae	0.406295580253138	0.965292319415443	0.61190402982888	-1.38748248230966e-05	0.993782818466773	0.99948173792413	0.999534435399553
Rhizobiaceae	0.6854471518662	0.589928794551286	0.664255684118569	-5.7476127425387e-06	0.993782818466773	0.99948173792413	0.999534435399553
Rhodanobacteraceae	0.631048109911288	0.677680286576815	0.724241821447859	-7.64440792453415e-06	0.993782818466773	0.99948173792413	0.999534435399553
Rhodobacteraceae	0.643029978942367	0.695275690834219	0.766547242687895	-6.9898808893548e-06	0.993782818466773	0.99948173792413	0.999534435399553
Rhodobiaceae	0.728229153942168	0.602064540389928	0.584184736266199	-5.58990232309363e-06	0.993782818466773	0.99948173792413	0.999534435399553
Rhodocyclaceae	0.909084649702845	0.974207667067853	0.669948096957439	1.73781234632299e-06	0.993782818466773	0.99948173792413	0.999534435399553
Rhodospirillaceae	0.751483478445472	0.655244658632863	0.713611376036244	-4.86941233971299e-06	0.993782818466773	0.99948173792413	0.999534435399553
Rhodothermaceae	0.474137683695333	0.879642652344281	0.968201217539857	-1.19623927434545e-05	0.993782818466773	0.99948173792413	0.999534435399553
Rickettsiaceae	0.0272294250566742	0.520820001195869	0.546891925217494	-4.08969577787384e-05	0.874364406869597	0.99948173792413	0.999534435399553
Rikenellaceae	0.773091442105373	0.454632610991401	0.333413384375534	-1.08339027666346e-05	0.993782818466773	0.99948173792413	0.999534435399553
Rivulariaceae	0.3219874624326	0.428511458994017	0.456254864098246	-1.66321122605259e-05	0.993782818466773	0.99948173792413	0.999534435399553
Roseiflexaceae	0.324883034593972	0.775936809486148	0.578750390573454	-1.54976706154566e-05	0.993782818466773	0.99948173792413	0.999534435399553
Ruaniaceae	0.889919836275333	0.693067173059181	0.72870503557589	-2.42912124413715e-06	0.993782818466773	0.99948173792413	0.999534435399553
Rubrobacteraceae	0.763655757197113	0.760095905912966	0.605731849409451	4.70236403820363e-06	0.993782818466773	0.99948173792413	0.999534435399553
Ruminococcaceae	0.908117644255112	0.903761699188402	0.684158039143096	1.50008809303725e-06	0.993782818466773	0.99948173792413	0.999534435399553
Saccharomycetaceae	0.106961082782106	0.210450745305692	0.0732047653239172	-2.46191320600239e-05	0.874364406869597	0.99948173792413	0.999534435399553
Saccharospirillaceae	0.529938222802723	0.432951924830785	0.566024692246534	-8.72306331507261e-06	0.993782818466773	0.99948173792413	0.999534435399553
Salinisphaeraceae	0.0615834868023155	0.480956003410615	0.220158223860138	-3.74865856268531e-05	0.874364406869597	0.99948173792413	0.999534435399553
Salinivirgaceae	0.00543068180829033	0.786764181142568	0.530144302725345	-5.26737583370401e-05	0.874364406869597	0.99948173792413	0.999534435399553
Sandaracinaceae	0.905935538032018	0.544193714250156	0.50805477248072	2.08323269896597e-06	0.993782818466773	0.99948173792413	0.999534435399553
Sanguibacteraceae	0.610036844169639	0.861013390991329	0.917645321180603	-8.60638310209165e-06	0.993782818466773	0.99948173792413	0.999534435399553
Saprospiraceae	0.196037016157348	0.787369680670726	0.592404864216914	-2.61791844333561e-05	0.939172008375039	0.99948173792413	0.999534435399553
Schizosaccharomycetaceae	0.0788406046585141	0.722805430016564	0.629070102410393	-3.29767155507154e-05	0.874364406869597	0.99948173792413	0.999534435399553
Sclerotiniaceae	0.384259174379444	0.823170607153818	0.909405343859331	-1.32488079780739e-05	0.993782818466773	0.99948173792413	0.999534435399553
Scytonemataceae	0.30033258377198	0.794869273853289	0.949428868810638	-1.88871583747837e-05	0.993782818466773	0.99948173792413	0.999534435399553
Sedimentisphaeraceae	0.510960351231061	0.504308643553713	0.56960154770186	-9.25424037029946e-06	0.993782818466773	0.99948173792413	0.999534435399553
Segniliparaceae	0.389048320369391	0.406765927221437	0.386741165005165	-1.70177316353687e-05	0.993782818466773	0.99948173792413	0.999534435399553
Selenomonadaceae	0.759954482594444	0.755287597856637	0.997911361846411	-5.17660717027375e-06	0.993782818466773	0.99948173792413	0.999534435399553
Shewanellaceae	0.245025114675894	0.896071408218397	0.659187875512226	-1.42480428709108e-05	0.978201039209965	0.99948173792413	0.999534435399553
Silvanigrellaceae	0.192690454442769	0.565971396872724	0.693625114629972	-2.91988444982532e-05	0.939172008375039	0.99948173792413	0.999534435399553
Simkaniaceae	0.501007868603493	0.348037414500371	0.373048501703915	1.47836017808374e-05	0.993782818466773	0.99948173792413	0.999534435399553
Sinobacteraceae	0.863315564103241	0.584889929962622	0.488098177737665	2.92287696004549e-06	0.993782818466773	0.99948173792413	0.999534435399553
Solibacteraceae	0.73913895778948	0.429759754544563	0.68900548765278	-5.231461774404e-06	0.993782818466773	0.99948173792413	0.999534435399553
Sordariaceae	0.72007158086299	0.792759186115288	0.63430216492208	-5.02667449325692e-06	0.993782818466773	0.99948173792413	0.999534435399553
Sphaerobacteraceae	0.667009099857075	0.630791608892272	0.502860482316743	7.39091932691178e-06	0.993782818466773	0.99948173792413	0.999534435399553
Sphingobacteriaceae	0.224307101029378	0.293034577605024	0.469736512247096	-1.27880151746472e-05	0.939172008375039	0.99948173792413	0.999534435399553
Sphingomonadaceae	0.693212413801753	0.643439938380103	0.710455354631063	-5.77836041901246e-06	0.993782818466773	0.99948173792413	0.999534435399553
Spirochaetaceae	0.643064419513424	0.775388289514593	0.730928769792144	-5.50751445784747e-06	0.993782818466773	0.99948173792413	0.999534435399553
Spiroplasmataceae	0.173098819518713	0.699897389039636	0.684665549919593	-2.83131943322224e-05	0.939172008375039	0.99948173792413	0.999534435399553
Spongiibacteraceae	0.293784607570311	0.893175519651483	0.80916671505026	-1.63928235281232e-05	0.993782818466773	0.99948173792413	0.999534435399553
Sporichthyaceae	0.58541104782816	0.334873615494222	0.416906869612534	-1.05731880797738e-05	0.993782818466773	0.99948173792413	0.999534435399553
Sporolactobacillaceae	0.0948391760790365	0.839665827779574	0.613927625699741	-2.20044862141604e-05	0.874364406869597	0.99948173792413	0.999534435399553
Sporomusaceae	0.708054918298658	0.466308749552373	0.434617735401193	4.49941600703651e-06	0.993782818466773	0.99948173792413	0.999534435399553
Staphylococcaceae	0.0548270988925664	0.309763408649531	0.309430317688396	-3.09439674450361e-05	0.874364406869597	0.99948173792413	0.999534435399553
Steroidobacteraceae	0.291624146104867	0.846786248612885	0.881952555551488	-1.68197069586303e-05	0.993782818466773	0.99948173792413	0.999534435399553
Sterolibacteriaceae	0.598675009242105	0.445766824509345	0.443046104951497	-8.57395432601187e-06	0.993782818466773	0.99948173792413	0.999534435399553
Streptococcaceae	0.539224991491784	0.416280869402242	0.493671838589965	-1.81516493624932e-05	0.993782818466773	0.99948173792413	0.999534435399553
Streptomycetaceae	0.959734311405232	0.653056327765735	0.652689553549561	-8.12390450832617e-07	0.993782818466773	0.99948173792413	0.999534435399553
Streptosporangiaceae	0.906910163788782	0.938947554321131	0.924362859323252	-1.82920184005252e-06	0.993782818466773	0.99948173792413	0.999534435399553
Succinivibrionaceae	0.0148772380326983	0.927954032613312	0.756427326343594	-4.14733302804237e-05	0.874364406869597	0.99948173792413	0.999534435399553
Sulfolobaceae	0.126469959630371	0.98942347409454	0.590229611921697	-2.07669112887565e-05	0.880680002905654	0.99948173792413	0.999534435399553
Sutterellaceae	0.787988323508911	0.126342033486716	0.0860817540457129	6.78631044854647e-06	0.993782818466773	0.99948173792413	0.999534435399553
Symbiobacteriaceae	0.480086671669786	0.995932533777537	0.999534435399553	-1.2892690071366e-05	0.993782818466773	0.99948173792413	0.999534435399553
Synechococcaceae	0.572646242909165	0.748452665629198	0.867418584196572	-8.51317379129778e-06	0.993782818466773	0.99948173792413	0.999534435399553
Synergistaceae	0.183139080550678	0.484043609680487	0.641443426496586	-2.63162814761644e-05	0.939172008375039	0.99948173792413	0.999534435399553
Syntrophaceae	0.395257425047083	0.812345476154153	0.802910628326207	-1.32793712565145e-05	0.993782818466773	0.99948173792413	0.999534435399553
Syntrophobacteraceae	0.886071526941335	0.780659832269857	0.686248564236613	-2.19830034476987e-06	0.993782818466773	0.99948173792413	0.999534435399553
Syntrophomonadaceae	0.527722829194396	0.919256706610841	0.893682072761487	-9.76622607608043e-06	0.993782818466773	0.99948173792413	0.999534435399553
Tannerellaceae	0.679926395064274	0.0864804730238883	0.054479367511637	1.32924644279285e-05	0.993782818466773	0.99948173792413	0.999534435399553
Tepidiformaceae	0.456464311798343	0.799614407508046	0.814130348025949	-1.29919750424883e-05	0.993782818466773	0.99948173792413	0.999534435399553
Thermaceae	0.745032346553495	0.740481175951537	0.610273395809429	4.79962127209575e-06	0.993782818466773	0.99948173792413	0.999534435399553
Thermoactinomycetaceae	0.966366254226399	0.488191841915084	0.500739474664924	-5.58371874738843e-07	0.994362224167833	0.99948173792413	0.999534435399553
Thermoanaerobacteraceae	0.314186239380193	0.674728400827223	0.597224294073829	-1.24006265097983e-05	0.993782818466773	0.99948173792413	0.999534435399553
Thermoanaerobacterales Family III. Incertae Sedis	0.0982747964329417	0.683333685662034	0.575537393001987	-2.27161752360091e-05	0.874364406869597	0.99948173792413	0.999534435399553
Thermoanaerobacterales Family IV. Incertae Sedis	0.295280612861824	0.463007682300494	0.678552461997473	-1.23667551541899e-05	0.993782818466773	0.99948173792413	0.999534435399553
Thermococcaceae	0.563081938882845	0.932038489395051	0.970487846247493	-7.27623600758478e-06	0.993782818466773	0.99948173792413	0.999534435399553
Thermodesulfobacteriaceae	0.218956245456748	0.598719996841317	0.666156687459868	-1.72098447019884e-05	0.939172008375039	0.99948173792413	0.999534435399553
Thermodesulfobiaceae	0.488464327111391	0.507734249042985	0.83527262279612	-1.54883894340832e-05	0.993782818466773	0.99948173792413	0.999534435399553
Thermofilaceae	0.852676299747623	0.878590738186763	0.964246588419127	-3.86977016931301e-06	0.993782818466773	0.99948173792413	0.999534435399553
Thermoguttaceae	0.54689137678786	0.150343320537845	0.119146408940256	9.97277215947421e-06	0.993782818466773	0.99948173792413	0.999534435399553
Thermomicrobiaceae	0.935091661143715	0.961734645658672	0.724402100571504	1.60006749824831e-06	0.993782818466773	0.99948173792413	0.999534435399553
Thermomonosporaceae	0.726839581843309	0.628593202179711	0.71404435847227	-6.22922955503332e-06	0.993782818466773	0.99948173792413	0.999534435399553
Thermoplasmataceae	0.192745314896529	0.117224770409551	0.269728781598958	-3.08657322549898e-05	0.939172008375039	0.99948173792413	0.999534435399553
Thermoproteaceae	0.418472999209944	0.683000731450547	0.763950458481737	-1.29770467235571e-05	0.993782818466773	0.99948173792413	0.999534435399553
Thermotogaceae	0.11876819689888	0.923763313460787	0.916736465192147	-2.16384586234036e-05	0.880680002905654	0.99948173792413	0.999534435399553
Thioalkalibacteraceae	0.858140115881605	0.472769979220759	0.465848167928301	3.12730735375382e-06	0.993782818466773	0.99948173792413	0.999534435399553
Thioalkalispiraceae	0.84306593212708	0.301103978618806	0.336380010559201	-3.05523344454598e-06	0.993782818466773	0.99948173792413	0.999534435399553
Thiobacillaceae	0.409672963691987	0.395925118380702	0.601474705233043	-1.47141765116554e-05	0.993782818466773	0.99948173792413	0.999534435399553
Thiotrichaceae	0.0555318734210379	0.595763628197297	0.348877194298178	-3.01046375714933e-05	0.874364406869597	0.99948173792413	0.999534435399553
Tissierellaceae	0.497559875587795	0.777178084080224	0.724019344436341	-9.07938867511412e-06	0.993782818466773	0.99948173792413	0.999534435399553
Tolypothrichaceae	0.239734029122068	0.732253957888188	0.712523926852221	-2.46498938007547e-05	0.964554882795822	0.99948173792413	0.999534435399553
Trichocomaceae	0.124848298349023	0.616358864386822	0.710830019642344	-2.50801972936567e-05	0.880680002905654	0.99948173792413	0.999534435399553
Trichomonascaceae	0.220138608702497	0.639028923468428	0.550498113016385	-1.94321476794714e-05	0.939172008375039	0.99948173792413	0.999534435399553
Trueperaceae	0.625246544212728	0.917640676884104	0.667056094933703	-8.95245240737456e-06	0.993782818466773	0.99948173792413	0.999534435399553
Tsukamurellaceae	0.838454298258519	0.363128944248512	0.31056182343185	3.42269393000894e-06	0.993782818466773	0.99948173792413	0.999534435399553
Unclassified Acidobacteria Phylum	0.0419609176352004	0.549641172055463	0.192728449536765	-4.92397546183288e-05	0.874364406869597	0.99948173792413	0.999534435399553
Unclassified Actinobacteria Class	0.852304978727635	0.698693690005403	0.656333842268635	2.84035574117152e-06	0.993782818466773	0.99948173792413	0.999534435399553
Unclassified Actinobacteria Phylum	0.978341889027101	0.863106750165745	0.765964631015703	5.09326519743458e-07	0.994675980024785	0.99948173792413	0.999534435399553
Unclassified Alphaproteobacteria Class	0.692623572208074	0.67083664654553	0.665165943591125	-5.96589078657096e-06	0.993782818466773	0.99948173792413	0.999534435399553
Unclassified Alteromonadales Order	0.410196869029446	0.805798626215281	0.925067662301218	-1.17743752151875e-05	0.993782818466773	0.99948173792413	0.999534435399553
Unclassified Aquificales Order	0.347624558802467	0.985977134465768	0.66943668303676	-1.81094294789406e-05	0.993782818466773	0.99948173792413	0.999534435399553
Unclassified Armatimonadetes Phylum	0.822992795764364	0.522394118147308	0.408252052512622	3.26173118388948e-06	0.993782818466773	0.99948173792413	0.999534435399553
Unclassified Ascomycota Phylum	0.948436786427804	0.107661442262174	0.402711040562896	1.51128300600917e-06	0.993782818466773	0.99948173792413	0.999534435399553
Unclassified Bacillales Order	0.342208394556836	0.997203042727758	0.865662173082151	-1.19785502717964e-05	0.993782818466773	0.99948173792413	0.999534435399553
Unclassified Bacilli Class	0.204807515186829	0.713916990279669	0.768772750731122	-1.77301050087906e-05	0.939172008375039	0.99948173792413	0.999534435399553
Unclassified Bacteroidales Order	0.81301560072205	0.271622615863728	0.318169517904419	6.34550741482343e-06	0.993782818466773	0.99948173792413	0.999534435399553
Unclassified Bacteroidetes Phylum	0.942262476637481	0.128691184487009	0.184774979578296	-1.46175579034698e-06	0.993782818466773	0.99948173792413	0.999534435399553
Unclassified Bacteroidia Class	0.883684754881403	0.0488314530963145	0.0518072340587129	3.93270572633835e-06	0.993782818466773	0.99948173792413	0.999534435399553
Unclassified Balneolaeota Phylum	0.461886349617681	0.322428031440555	0.401727737104561	-1.16759568803255e-05	0.993782818466773	0.99948173792413	0.999534435399553
Unclassified Betaproteobacteria Class	0.84007458285652	0.45230756374565	0.49645360628214	-3.20736588683144e-06	0.993782818466773	0.99948173792413	0.999534435399553
Unclassified Blastocatellia Class	0.481216571666484	0.744116488955375	0.379436139302911	1.20013075578345e-05	0.993782818466773	0.99948173792413	0.999534435399553
Unclassified Bradymonadales Order	0.645674366577179	0.382483844577271	0.276307800915968	6.72635931348341e-06	0.993782818466773	0.99948173792413	0.999534435399553
Unclassified Burkholderiales Order	0.971912398109459	0.466758715163956	0.393884491581298	-5.70724116387744e-07	0.994675980024785	0.99948173792413	0.999534435399553
Unclassified Campylobacterales Order	0.387268756208458	0.954287773873053	0.864063488033922	-1.3009332406712e-05	0.993782818466773	0.99948173792413	0.999534435399553
Unclassified Candidatus Bipolaricaulota Phylum	0.781449787960805	0.295913506449496	0.522725977946589	-4.97679485869288e-06	0.993782818466773	0.99948173792413	0.999534435399553
Unclassified Candidatus Cloacimonetes Phylum	0.0398858458289247	0.936195433226946	0.936163354596432	-4.285807721419e-05	0.874364406869597	0.99948173792413	0.999534435399553
Unclassified Candidatus Gracilibacteria Phylum	0.448936668855181	0.368924391133354	0.362111207595066	-1.75299316555491e-05	0.993782818466773	0.99948173792413	0.999534435399553
Unclassified Candidatus Saccharibacteria Phylum	0.740559609800359	0.501180554141667	0.487288952432921	-5.87985601844407e-06	0.993782818466773	0.99948173792413	0.999534435399553
Unclassified Cellvibrionales Order	0.351490122975406	0.378411289601216	0.596471167686015	-2.13824652442725e-05	0.993782818466773	0.99948173792413	0.999534435399553
Unclassified Chromatiales Order	0.903874040335801	0.508087861040633	0.502418765818479	-1.99078425181392e-06	0.993782818466773	0.99948173792413	0.999534435399553
Unclassified Chroococcales Order	0.550215151214083	0.284561713690037	0.567542546588438	-1.83700971847524e-05	0.993782818466773	0.99948173792413	0.999534435399553
Unclassified Clostridia Class	0.258554582419207	0.770420064254473	0.67119047512089	-1.53184244660191e-05	0.993782818466773	0.99948173792413	0.999534435399553
Unclassified Clostridiales Order	0.991174651436181	0.832414111187526	0.736403242400566	1.22899058610329e-07	0.996884993536348	0.99948173792413	0.999534435399553
Unclassified Coriobacteriales Order	0.459254682508449	0.743090611868823	0.5213986225382	-1.82129679144728e-05	0.993782818466773	0.99948173792413	0.999534435399553
Unclassified Coriobacteriia Class	0.725272980484268	0.986450623247658	0.901877330357145	-8.40634855312396e-06	0.993782818466773	0.99948173792413	0.999534435399553
Unclassified Corynebacteriales Order	0.921401813536764	0.687253613584869	0.765641135529754	-1.58967363018728e-06	0.993782818466773	0.99948173792413	0.999534435399553
Unclassified Cyanobacteria Phylum	0.135656945277814	0.1990328629597	0.259989887326024	-2.06616251282306e-05	0.919254300237818	0.99948173792413	0.999534435399553
Unclassified Cytophagales Order	0.306749550471629	0.183457300688162	0.345034502283231	-1.32090244824099e-05	0.993782818466773	0.99948173792413	0.999534435399553
Unclassified Dehalococcoidia Class	0.696942217682899	0.796199968591363	0.799043826729757	-6.70989339000924e-06	0.993782818466773	0.99948173792413	0.999534435399553
Unclassified Deinococci Class	0.924837470409616	0.550852637319692	0.848983607555353	-2.1018081026351e-06	0.993782818466773	0.99948173792413	0.999534435399553
Unclassified Deltaproteobacteria Class	0.542745067684304	0.323486871119766	0.168889525518981	1.01641400026304e-05	0.993782818466773	0.99948173792413	0.999534435399553
Unclassified Desulfobacterales Order	0.337771260738255	0.753586878495199	0.683931639025199	-2.71020089453317e-05	0.993782818466773	0.99948173792413	0.999534435399553
Unclassified Desulfovibrionales Order	0.861748079874399	0.762303094467757	0.437507239224455	-3.64247339505674e-06	0.993782818466773	0.99948173792413	0.999534435399553
Unclassified Desulfuromonadales Order	0.464606178953303	0.362900142961649	0.166202029660922	1.12772575732367e-05	0.993782818466773	0.99948173792413	0.999534435399553
Unclassified Elusimicrobia Phylum	0.250041996530755	0.33990400762773	0.196263412547988	-2.15159476440467e-05	0.9896040057473	0.99948173792413	0.999534435399553
Unclassified Enterobacterales Order	0.0932779606376293	0.40659778509368	0.563419738394524	-2.60336078525844e-05	0.874364406869597	0.99948173792413	0.999534435399553
Unclassified Entomoplasmatales Order	0.731656075569227	0.787329676116051	0.481938453026303	9.64345654110248e-06	0.993782818466773	0.99948173792413	0.999534435399553
Unclassified Epsilonproteobacteria Class	0.00588457777948929	0.985696179802645	0.874978711968873	-3.6763874930768e-05	0.874364406869597	0.99948173792413	0.999534435399553
Unclassified Euryarchaeota Phylum	0.517326914268118	0.656728114598597	0.846067576819701	1.07910148607774e-05	0.993782818466773	0.99948173792413	0.999534435399553
Unclassified Firmicutes Phylum	0.0861187047478571	0.923900446855366	0.772510472389429	-2.02956811104659e-05	0.874364406869597	0.99948173792413	0.999534435399553
Unclassified Flavobacteriales Order	0.177679820001781	0.9866199037244	0.919727453135845	-2.43886401946471e-05	0.939172008375039	0.99948173792413	0.999534435399553
Unclassified Frankiales Order	0.757847462785123	0.696915786359708	0.657807319675239	-6.15720177042053e-06	0.993782818466773	0.99948173792413	0.999534435399553
Unclassified Fusobacteriales Order	0.0327002243574189	0.648789825305649	0.712738613933452	-3.99663212584653e-05	0.874364406869597	0.99948173792413	0.999534435399553
Unclassified Gammaproteobacteria Class	0.495612444015661	0.60581988404151	0.699086018514532	-8.367050126011e-06	0.993782818466773	0.99948173792413	0.999534435399553
Unclassified Halanaerobiales Order	0.333710319227272	0.903640694617859	0.955275688899991	-1.50713742080045e-05	0.993782818466773	0.99948173792413	0.999534435399553
Unclassified Halobacteria Class	0.610591602118452	0.707417755544618	0.403519566556326	8.93305847655361e-06	0.993782818466773	0.99948173792413	0.999534435399553
Unclassified Halobacteriales Order	0.559571182489755	0.666799628940615	0.277839944353097	1.31892505624563e-05	0.993782818466773	0.99948173792413	0.999534435399553
Unclassified Haloferacales Order	0.426774486430724	0.369967709271412	0.0845272083058799	1.25448681787041e-05	0.993782818466773	0.99948173792413	0.999534435399553
Unclassified Ignavibacteriales Order	0.0465194537501704	0.530274832423131	0.76814637261884	-6.8684752279577e-05	0.874364406869597	0.99948173792413	0.999534435399553
Unclassified Kiritimatiellaeota Phylum	0.484928064565475	0.935001899282002	0.901088217973827	-1.0244411087953e-05	0.993782818466773	0.99948173792413	0.999534435399553
Unclassified Lactobacillales Order	0.393600642805372	0.893363000944666	0.949080908931878	-1.37454087767181e-05	0.993782818466773	0.99948173792413	0.999534435399553
Unclassified Methanococcales Order	0.0773683132514181	0.649761759698858	0.739424378105848	-4.04845121070081e-05	0.874364406869597	0.99948173792413	0.999534435399553
Unclassified Micrococcales Order	0.960461402123592	0.605325033015304	0.72702072724954	-7.84023792286542e-07	0.993782818466773	0.99948173792413	0.999534435399553
Unclassified Mollicutes Class	0.931133261439358	0.980131959321364	0.914391601274755	2.19075714734956e-06	0.993782818466773	0.99948173792413	0.999534435399553
Unclassified Myxococcales Order	0.884072902932514	0.606197427507577	0.477106125764979	2.51940198365306e-06	0.993782818466773	0.99948173792413	0.999534435399553
Unclassified Negativicutes Class	0.928082814289872	0.965584429445123	0.836471789392822	-1.5374848042227e-06	0.993782818466773	0.99948173792413	0.999534435399553
Unclassified Neisseriales Order	0.601456913460183	0.826942034213204	0.740726131964105	-1.12015054731363e-05	0.993782818466773	0.99948173792413	0.999534435399553
Unclassified Nitrosomonadales Order	0.173701148386091	0.907612198480887	0.980427778365619	-2.71423284053811e-05	0.939172008375039	0.99948173792413	0.999534435399553
Unclassified Nostocales Order	0.0775643048470485	0.507423775577599	0.362499338308017	-2.37789012349364e-05	0.874364406869597	0.99948173792413	0.999534435399553
Unclassified Oceanospirillales Order	0.712403214449234	0.185930053102951	0.203269477065897	5.23613969583131e-06	0.993782818466773	0.99948173792413	0.999534435399553
Unclassified Oscillatoriales Order	0.94303910562226	0.259229939022737	0.146950207034055	1.22795323942494e-06	0.993782818466773	0.99948173792413	0.999534435399553
Unclassified Phycisphaerae Class	0.727650064786499	0.403236691946275	0.510421488498755	-5.69753867676594e-06	0.993782818466773	0.99948173792413	0.999534435399553
Unclassified Planctomycetales Order	0.777283602947623	0.912900038159807	0.760224208627015	4.61408602912271e-06	0.993782818466773	0.99948173792413	0.999534435399553
Unclassified Planctomycetes Phylum	0.704024822696765	0.723979634079539	0.805174124871358	-5.25715627192103e-06	0.993782818466773	0.99948173792413	0.999534435399553
Unclassified Planctomycetia Class	0.9143392796846	0.63804558013214	0.811229126774186	1.93943861584389e-06	0.993782818466773	0.99948173792413	0.999534435399553
Unclassified Propionibacteriales Order	0.842923920064038	0.818024401631037	0.99808997879865	-3.72676766435496e-06	0.993782818466773	0.99948173792413	0.999534435399553
Unclassified Proteobacteria Phylum	0.661708946256529	0.688101838136425	0.686980731656253	-6.3491823105553e-06	0.993782818466773	0.99948173792413	0.999534435399553
Unclassified Pseudomonadales Order	0.77271382275807	0.387207805598907	0.377713865537304	4.51703789528735e-06	0.993782818466773	0.99948173792413	0.999534435399553
Unclassified Rhizobiales Order	0.831794554707442	0.554961907943008	0.479381239162745	-3.19578783142037e-06	0.993782818466773	0.99948173792413	0.999534435399553
Unclassified Rhodobacterales Order	0.304365942911559	0.141719829469154	0.147234247316863	2.41252680096287e-05	0.993782818466773	0.99948173792413	0.999534435399553
Unclassified Rhodocyclales Order	0.575790783842214	0.45074125365469	0.441196427099636	1.00569814857435e-05	0.993782818466773	0.99948173792413	0.999534435399553
Unclassified Rhodospirillales Order	0.832272121548653	0.628908979735082	0.594767837901816	-4.70760046606036e-06	0.993782818466773	0.99948173792413	0.999534435399553
Unclassified Rickettsiales Order	0.0731209839796587	0.38173838234919	0.307937176807315	-4.42397056566129e-05	0.874364406869597	0.99948173792413	0.999534435399553
Unclassified Saccharomycetales Order	0.234144249351689	0.778844401838308	0.551707675699309	-2.82057546598939e-05	0.962181172109075	0.99948173792413	0.999534435399553
Unclassified Silvanigrellales Order	0.402152754927106	0.711417851716017	0.742516952964653	-1.29304154600511e-05	0.993782818466773	0.99948173792413	0.999534435399553
Unclassified Sordariomycetes Class	0.624709698774216	0.568845580482674	0.89020819607399	1.59455126394924e-05	0.993782818466773	0.99948173792413	0.999534435399553
Unclassified Sphingomonadales Order	0.799612431801102	0.679073488298111	0.67656411789387	-3.75209848893953e-06	0.993782818466773	0.99948173792413	0.999534435399553
Unclassified Streptosporangiales Order	0.727949127001079	0.837106077475314	0.933452708655937	-7.82971780673254e-06	0.993782818466773	0.99948173792413	0.999534435399553
Unclassified Synechococcales Order	0.335203457746645	0.665976998018607	0.95383695796628	-2.56674189097595e-05	0.993782818466773	0.99948173792413	0.999534435399553
Unclassified Tenericutes Phylum	0.330432844910721	0.737320281858372	0.871684340317138	-1.8588327522193e-05	0.993782818466773	0.99948173792413	0.999534435399553
Unclassified Thaumarchaeota Phylum	0.284334157659629	0.863677153090644	0.821106966799447	-1.91032521333699e-05	0.993782818466773	0.99948173792413	0.999534435399553
Unclassified Thermoanaerobacterales Order	0.793408231769274	0.997441184608848	0.768465815164026	-4.1021999844954e-06	0.993782818466773	0.99948173792413	0.999534435399553
Unclassified Thermoplasmata Class	0.918112255459554	0.154938140115447	0.372021292377614	1.81343245890279e-06	0.993782818466773	0.99948173792413	0.999534435399553
Unclassified Thermoplasmatales Order	0.503574138652826	0.777782845654068	0.905487138952265	-1.2714943087675e-05	0.993782818466773	0.99948173792413	0.999534435399553
Unclassified Tissierellia Class	0.0848593681645138	0.446899302575415	0.541630876251191	-3.1651526749034e-05	0.874364406869597	0.99948173792413	0.999534435399553
Unclassified Verrucomicrobia Phylum	0.720567067612177	0.964513606868216	0.729865279879206	-5.86121909485021e-06	0.993782818466773	0.99948173792413	0.999534435399553
Unclassified Verrucomicrobiales Order	0.93061633882935	0.525922974935645	0.78970646694771	-3.78751039431116e-06	0.993782818466773	0.99948173792413	0.999534435399553
Unclassified Victivallales Order	0.418628809036517	0.140926349312704	0.305685228764657	-2.23612249717198e-05	0.993782818466773	0.99948173792413	0.999534435399553
Unclassified Xanthomonadales Order	0.780910184256535	0.488632080897126	0.279479756720567	5.13408128121384e-06	0.993782818466773	0.99948173792413	0.999534435399553
Unclassified candidate division Zixibacteria Phylum	0.526436835223324	0.29109638882028	0.28426977488246	-9.06548350856219e-06	0.993782818466773	0.99948173792413	0.999534435399553
Unikaryonidae	0.874210553401182	0.385787583125489	0.199433350526769	-2.69792584863018e-06	0.993782818466773	0.99948173792413	0.999534435399553
Ustilaginaceae	0.874340281797834	0.803158798873337	0.760695793572784	-2.38604412395129e-06	0.993782818466773	0.99948173792413	0.999534435399553
Vallitaleaceae	0.498775800729785	0.593130263725901	0.482164065459685	-1.03499361592636e-05	0.993782818466773	0.99948173792413	0.999534435399553
Veillonellaceae	0.981899643714994	0.490329960257371	0.952121563885764	-4.90082377121893e-07	0.995429756915792	0.99948173792413	0.999534435399553
Verrucomicrobiaceae	0.570709722968319	0.651199064059053	0.314138758785154	9.66558605300882e-06	0.993782818466773	0.99948173792413	0.999534435399553
Vibrionaceae	0.141486900503137	0.789646247556095	0.977041255640915	-1.73789386466877e-05	0.934176330245072	0.99948173792413	0.999534435399553
Vicinamibacteraceae	0.690097668666948	0.911273161055119	0.873276421642323	-6.79517366274087e-06	0.993782818466773	0.99948173792413	0.999534435399553
Vulgatibacteraceae	0.223273503233238	0.938693848057458	0.652995714421388	-2.39091195251864e-05	0.939172008375039	0.99948173792413	0.999534435399553
Waddliaceae	0.195055201932986	0.214207299330853	0.134499052443014	-2.73878781362772e-05	0.939172008375039	0.99948173792413	0.999534435399553
Wenzhouxiangellaceae	0.882009978224871	0.93464795030319	0.873476852687956	-2.81897793609769e-06	0.993782818466773	0.99948173792413	0.999534435399553
Woeseiaceae	0.0714998520288958	0.938354873968865	0.858274012240353	-3.58333942222421e-05	0.874364406869597	0.99948173792413	0.999534435399553
Xanthobacteraceae	0.571408309181075	0.737585943160869	0.693373382715766	-9.44026090000685e-06	0.993782818466773	0.99948173792413	0.999534435399553
Xanthomonadaceae	0.985926875763954	0.611462482514283	0.615360852748877	-2.75464750787633e-07	0.996330568523982	0.99948173792413	0.999534435399553
Yersiniaceae	0.467993597115112	0.732737961700788	0.794412543192129	-9.68410643143498e-06	0.993782818466773	0.99948173792413	0.999534435399553
Zoogloeaceae	0.860435266751493	0.722003497630524	0.688566642688838	-2.71767187995654e-06	0.993782818466773	0.99948173792413	0.999534435399553
