p-variable	p-treatment	p-interaction	slope	adjusted.p-variable	adjusted.p-treatment	adjusted.p-interaction
Acaryochloridaceae	0.477378887433431	0.898577015036133	0.58026344571159	-0.00819685237386852	0.766581961396194	0.978366094595367	0.990531296190671
Acetobacteraceae	0.25149452035121	0.471232519268712	0.672232520485906	-0.0101437357294546	0.720447751089561	0.95923517527511	0.990531296190671
Acholeplasmataceae	0.160990696356382	0.824367812996541	0.673395234956659	-0.0155997771742819	0.709098449296272	0.967240443440585	0.990531296190671
Acidaminococcaceae	0.0236375378232739	0.677702686194651	0.933388449832805	-0.0605096210691098	0.656806219959008	0.95923517527511	0.990531296190671
Acidiferrobacteraceae	0.69829168682379	0.366436299470886	0.33765777224701	-0.00381992309725606	0.88795115731914	0.95923517527511	0.990531296190671
Acidilobaceae	0.597662850869338	0.364571409196694	0.664559846837973	-0.00672632148311786	0.831882076210025	0.95923517527511	0.990531296190671
Acidimicrobiaceae	0.179855084136914	0.720483992815153	0.61119775680476	-0.0193552041775755	0.709098449296272	0.95923517527511	0.990531296190671
Acidithiobacillaceae	0.194052317088818	0.53866373965157	0.633854656600355	-0.0130376869456679	0.709098449296272	0.95923517527511	0.990531296190671
Acidobacteriaceae	0.366090266292083	0.569228497942869	0.696024443670225	-0.00861839888118318	0.740498286559762	0.95923517527511	0.990531296190671
Acidothermaceae	0.86884151694982	0.34354907122421	0.62388157895309	-0.00154736580330666	0.950007178830483	0.95923517527511	0.990531296190671
Actinomycetaceae	0.53113409103477	0.835277332869903	0.941178596837232	0.00660147067674932	0.806581402358667	0.967240443440585	0.990531296190671
Actinopolysporaceae	0.899039929749593	0.11268832679929	0.0882065878144285	-0.00155094783673864	0.955729868007452	0.95923517527511	0.990531296190671
Aerococcaceae	0.163726100385849	0.824353231619083	0.53950389433108	-0.0102626325456927	0.709098449296272	0.967240443440585	0.990531296190671
Aeromonadaceae	0.490483900820268	0.518647171920501	0.611842993387556	-0.00638949469386349	0.777034692041358	0.95923517527511	0.990531296190671
Akkermansiaceae	0.219493293841545	0.549995019518332	0.658327463126089	-0.0401943999195488	0.71223240297206	0.95923517527511	0.990531296190671
Alcaligenaceae	0.491870504088316	0.408425271183329	0.468418331491525	-0.00635291657647239	0.777034692041358	0.95923517527511	0.990531296190671
Alcanivoracaceae	0.340218895915745	0.31867770807529	0.498222861038591	-0.00829173915873692	0.740498286559762	0.95923517527511	0.990531296190671
Alicyclobacillaceae	0.476594178497907	0.478427900145015	0.522091567046659	-0.00650570819583429	0.766581961396194	0.95923517527511	0.990531296190671
Alteromonadaceae	0.26516553378583	0.41811710600387	0.52874892552493	-0.00865098607561717	0.72379692530774	0.95923517527511	0.990531296190671
Amoebophilaceae	0.537548644188506	0.14362501219466	0.146778910353011	-0.00656465569932806	0.806581402358667	0.95923517527511	0.990531296190671
Anaerohalosphaeraceae	0.050093905291719	0.780695550530427	0.950400949844433	-0.020576283545734	0.656806219959008	0.967240443440585	0.990531296190671
Anaerolineaceae	0.290246118115368	0.263890609995358	0.370216363535493	-0.00934373248388004	0.724857473652209	0.95923517527511	0.990531296190671
Anaeromyxobacteraceae	0.596974448970696	0.512343779928552	0.612898602886734	-0.0057598558207335	0.831882076210025	0.95923517527511	0.990531296190671
Anaplasmataceae	0.044631940648854	0.835359969194863	0.60988776262971	-0.0192049887398644	0.656806219959008	0.967240443440585	0.990531296190671
Aphanizomenonaceae	0.166947511284947	0.483177697548377	0.440942023785717	-0.0124188236312156	0.709098449296272	0.95923517527511	0.990531296190671
Aphanothecaceae	0.166082118615387	0.921783779723329	0.727336449135508	-0.0114226822910553	0.709098449296272	0.98691980025357	0.990531296190671
Aquificaceae	0.282522999727536	0.826336044799548	0.830185700492732	-0.0112209925474845	0.724857473652209	0.967240443440585	0.990531296190671
Archaeoglobaceae	0.659854278822318	0.741495151418267	0.585714818893224	-0.00371821056439327	0.873585998954997	0.95923517527511	0.990531296190671
Archangiaceae	0.663240124582589	0.490928482645157	0.543193801614397	-0.00450728055157945	0.87445691333856	0.95923517527511	0.990531296190671
Ardenticatenaceae	0.954031357305206	0.550817611180692	0.505377328456092	0.000633551663077135	0.982652298024362	0.95923517527511	0.990531296190671
Aspergillaceae	0.283820103880806	0.658862676746899	0.768659678353373	-0.00938373641299519	0.724857473652209	0.95923517527511	0.990531296190671
Atopobiaceae	0.391484817460709	0.38642049384504	0.561492655557459	-0.0106944820113071	0.740498286559762	0.95923517527511	0.990531296190671
Aurantimonadaceae	0.434058144546271	0.286922830154249	0.372626071462442	-0.00810123877620362	0.740498286559762	0.95923517527511	0.990531296190671
Azonexaceae	0.46484222527396	0.930919170765517	0.864942369436544	-0.00632632524115765	0.757623369656858	0.98691980025357	0.990531296190671
Bacillaceae	0.141138779323334	0.956432152807672	0.908547892947731	-0.0109257184458886	0.709098449296272	0.987846313671075	0.990531296190671
Bacteriovoracaceae	0.321176980191373	0.789376023154664	0.881825999876431	-0.0108636608090864	0.730539177736468	0.967240443440585	0.990531296190671
Bacteroidaceae	0.765401009622602	0.277559787058287	0.293807205211541	0.00544748853509172	0.904552890039165	0.95923517527511	0.990531296190671
Baekduiaceae	0.994810976948439	0.962910387306562	0.921133741555267	-8.86563452672547e-05	0.994810976948439	0.987846313671075	0.990531296190671
Barnesiellaceae	0.271085507632564	0.0290246716540937	0.0592457862395967	-0.0165923816884784	0.724857473652209	0.95923517527511	0.990531296190671
Bartonellaceae	0.0499930312079684	0.712055428167375	0.911913130162726	-0.016928064089444	0.656806219959008	0.95923517527511	0.990531296190671
Bdellovibrionaceae	0.0834167289214882	0.523983599784361	0.81892786519832	-0.0134419738668286	0.656806219959008	0.95923517527511	0.990531296190671
Beijerinckiaceae	0.25294837582852	0.460242772152749	0.63070477243261	-0.0119863080412334	0.720447751089561	0.95923517527511	0.990531296190671
Bernardetiaceae	0.0800436700952416	0.725918409050513	0.59415490897509	-0.0223786833547284	0.656806219959008	0.95923517527511	0.990531296190671
Beutenbergiaceae	0.725050463734515	0.264265746273009	0.418949049411973	-0.00390284021426665	0.89330380101262	0.95923517527511	0.990531296190671
Bifidobacteriaceae	0.181933473237712	0.922781342212849	0.894123445987511	0.0295426120832143	0.709098449296272	0.98691980025357	0.990531296190671
Blattabacteriaceae	0.0574654530791464	0.300993304222315	0.184180868647399	-0.0198624877080729	0.656806219959008	0.95923517527511	0.990531296190671
Bogoriellaceae	0.418889339358514	0.351578639682111	0.287912240023719	0.0092023689805941	0.740498286559762	0.95923517527511	0.990531296190671
Borreliaceae	0.0716952096473227	0.321594084596617	0.25641241072111	-0.0207732801876063	0.656806219959008	0.95923517527511	0.990531296190671
Brachyspiraceae	0.0651842640906308	0.436185234079869	0.348279115317413	-0.0205479078571834	0.656806219959008	0.95923517527511	0.990531296190671
Bradymonadaceae	0.79246428699823	0.218017146394994	0.152979457921002	0.00335687314930805	0.917871250466918	0.95923517527511	0.990531296190671
Bradyrhizobiaceae	0.460158899396836	0.460352719377649	0.544369069716822	-0.00689009801509001	0.754719213978888	0.95923517527511	0.990531296190671
Brevibacteriaceae	0.872102355189445	0.418871404505082	0.314512139048335	0.00148787263312701	0.951552357886789	0.95923517527511	0.990531296190671
Brucellaceae	0.279402974840458	0.715797795507599	0.797571550797286	-0.00930660563537859	0.724857473652209	0.95923517527511	0.990531296190671
Budviciaceae	0.594442185908846	0.045787189923011	0.0429077035005955	-0.0041203043612658	0.831882076210025	0.95923517527511	0.990531296190671
Burkholderiaceae	0.632462747699057	0.326753064286278	0.368349990538202	-0.00445307006518914	0.852880081617645	0.95923517527511	0.990531296190671
Caldilineaceae	0.341479298093453	0.641359673720458	0.628350005041109	-0.0104679159778216	0.740498286559762	0.95923517527511	0.990531296190671
Caldisphaeraceae	0.105877454274524	0.869787673296277	0.633250316384955	-0.0228500951276923	0.674554350276356	0.968536489870806	0.990531296190671
Calditrichaceae	0.888511405021604	0.999769554999388	0.865757284137858	-0.00121122362424603	0.955729868007452	0.999769554999388	0.990531296190671
Calotrichaceae	0.0579152924868464	0.624584682030337	0.438538164209484	-0.0154928075439196	0.656806219959008	0.95923517527511	0.990531296190671
Campylobacteraceae	0.718329776379582	0.489103800786983	0.421617497215996	-0.00405369881137119	0.892849729573305	0.95923517527511	0.990531296190671
Candidatus Brocadiaceae	0.0850825324955019	0.69870876677131	0.975047628053213	-0.0163919234600627	0.656806219959008	0.95923517527511	0.994355501876049
Candidatus Deianiraeaceae	0.980080582556329	0.358907049388341	0.347178580327829	-0.000384062503976196	0.992554656994101	0.95923517527511	0.990531296190671
Candidatus Methanomethylophilaceae	0.514165010646615	0.843248280426192	0.981887983212101	-0.0079216969318106	0.792671877545645	0.968536489870806	0.995118433894313
Candidatus Midichloriaceae	0.291350479700985	0.600527839934632	0.703371782219633	-0.0139992004000128	0.724857473652209	0.95923517527511	0.990531296190671
Candidatus Nanopelagicaceae	0.0717912981213333	0.695427203114177	0.962629501221776	-0.0173876871226321	0.656806219959008	0.95923517527511	0.990531296190671
Candidatus Paracaedibacteraceae	0.303600011787285	0.92919116639073	0.818548386557295	-0.0156105535877018	0.728321885573987	0.98691980025357	0.990531296190671
Cardiobacteriaceae	0.0959450805709981	0.859899818642601	0.82693801284906	-0.0168333656360414	0.656806219959008	0.968536489870806	0.990531296190671
Carnobacteriaceae	0.314840660455172	0.93037752316069	0.94491746936358	-0.00863501579429555	0.728321885573987	0.98691980025357	0.990531296190671
Casimicrobiaceae	0.0306272765344871	0.952199673042004	0.733272763268978	-0.0261503927531564	0.656806219959008	0.987846313671075	0.990531296190671
Catenulisporaceae	0.720965254418967	0.674974429792375	0.70584767736222	-0.00400327919225845	0.892849729573305	0.95923517527511	0.990531296190671
Caulobacteraceae	0.548813549983926	0.464860459295465	0.57593098072234	-0.00596874873437743	0.809678928290865	0.95923517527511	0.990531296190671
Cellulomonadaceae	0.924375486345736	0.622889657923809	0.537069720326451	0.0010016534176616	0.96367080054262	0.95923517527511	0.990531296190671
Cellvibrionaceae	0.167324553859808	0.294462253851478	0.47937059805954	-0.0121470067044834	0.709098449296272	0.95923517527511	0.990531296190671
Chaetomiaceae	0.31969051991549	0.694998619238563	0.819885088189017	-0.00920914589786542	0.730539177736468	0.95923517527511	0.990531296190671
Chamaesiphonaceae	0.0617797918393675	0.737006187761974	0.828906206396112	-0.019785642602371	0.656806219959008	0.95923517527511	0.990531296190671
Chelatococcaceae	0.59481297811742	0.586720172579298	0.607465819119957	-0.00626889192961153	0.831882076210025	0.95923517527511	0.990531296190671
Chitinophagaceae	0.289402787599913	0.135096875546067	0.183334049396377	-0.00743727913919346	0.724857473652209	0.95923517527511	0.990531296190671
Chlamydiaceae	0.730714541836556	0.501320597068465	0.342956243056944	-0.00338099549241268	0.895788855339431	0.95923517527511	0.990531296190671
Chlorobiaceae	0.314320274913498	0.352184189722137	0.485677967837822	-0.00848158263625279	0.728321885573987	0.95923517527511	0.990531296190671
Chloroflexaceae	0.263149649489317	0.369089808018649	0.626065944171112	-0.0112356923417069	0.72379692530774	0.95923517527511	0.990531296190671
Christensenellaceae	0.0704016749340273	0.944251191215371	0.720323112183515	-0.0245343956031561	0.656806219959008	0.98691980025357	0.990531296190671
Chromatiaceae	0.38269048117643	0.458042436246067	0.557535678508896	-0.00779974660683122	0.740498286559762	0.95923517527511	0.990531296190671
Chromobacteriaceae	0.439985389684053	0.513585136781828	0.583354696821623	-0.00769089299437777	0.740498286559762	0.95923517527511	0.990531296190671
Chroococcaceae	0.352049490505278	0.574904928279262	0.501755483745669	-0.00739262101426586	0.740498286559762	0.95923517527511	0.990531296190671
Chroococcidiopsidaceae	0.906332332063901	0.459096376554014	0.407483359807463	-0.00133403931227628	0.955729868007452	0.95923517527511	0.990531296190671
Chrysiogenaceae	0.533996259570902	0.657804120799839	0.49478122713383	-0.00624498309811128	0.806581402358667	0.95923517527511	0.990531296190671
Chthonomonadaceae	0.353685816754621	0.0678065570904814	0.122124776614828	-0.01018633831882	0.740498286559762	0.95923517527511	0.990531296190671
Clavicipitaceae	0.307199958323095	0.795854387282299	0.662973221110486	-0.00886189531455543	0.728321885573987	0.967240443440585	0.990531296190671
Clostridiaceae	0.0781233045801376	0.529062203496144	0.544023742601417	-0.0146285589622172	0.656806219959008	0.95923517527511	0.990531296190671
Clostridiales Family XIII. Incertae Sedis	0.513131257912059	0.947164336718143	0.92563605650342	-0.00593500850501428	0.792671877545645	0.987428407712234	0.990531296190671
Clostridiales Family XVI. Incertae Sedis	0.938838042653889	0.549213979875553	0.670264810801271	-0.000640652495360804	0.972840225285217	0.95923517527511	0.990531296190671
Clostridiales Family XVII. Incertae Sedis	0.543972548519026	0.77748289251632	0.783096580698403	-0.0068759013146162	0.809678928290865	0.967240443440585	0.990531296190671
Cohaesibacteraceae	0.176501251720954	0.563710925152088	0.734843627363799	-0.0137919031990224	0.709098449296272	0.95923517527511	0.990531296190671
Coleofasciculaceae	0.310063313475223	0.458635884665671	0.726413827561	-0.00975573655863466	0.728321885573987	0.95923517527511	0.990531296190671
Colwelliaceae	0.12363898853382	0.792201202678075	0.575260729123597	-0.0113748536570003	0.709098449296272	0.967240443440585	0.990531296190671
Comamonadaceae	0.690234540742227	0.406669276154459	0.432333654750278	-0.00395791868301428	0.88096731769551	0.95923517527511	0.990531296190671
Conexibacteraceae	0.978746785846029	0.518312623305537	0.546336607401244	0.000326926948205652	0.992554656994101	0.95923517527511	0.990531296190671
Coprothermobacteraceae	0.731923204176535	0.749864118826888	0.80809132698448	-0.00523344926696436	0.895788855339431	0.960646818895142	0.990531296190671
Coriobacteriaceae	0.53775882435998	0.678380002198128	0.8968729277578	-0.0129519584200779	0.806581402358667	0.95923517527511	0.990531296190671
Corynebacteriaceae	0.913882545327741	0.292318261658783	0.334317723680661	-0.000973316401422927	0.956604696836965	0.95923517527511	0.990531296190671
Coxiellaceae	0.0649197371940528	0.454623924333882	0.246036672178911	-0.0156344004038969	0.656806219959008	0.95923517527511	0.990531296190671
Crocinitomicaceae	0.0526050286322577	0.886629051601299	0.88305711735002	-0.0212645782973319	0.656806219959008	0.973618069300392	0.990531296190671
Cryomorphaceae	0.951361896435664	0.0242615147055717	0.0275355684728685	-0.000715312987147485	0.981866486301337	0.95923517527511	0.990531296190671
Cryptococcaceae	0.411040027564567	0.633498653608512	0.566449988009175	-0.00766998730497272	0.740498286559762	0.95923517527511	0.990531296190671
Cuniculiplasmataceae	0.386929984671679	0.215892519422544	0.155893599844694	-0.00946943606655141	0.740498286559762	0.95923517527511	0.990531296190671
Cyanobacteriaceae	0.313713392324466	0.803185975722997	0.836968516904889	-0.0103631583183365	0.728321885573987	0.967240443440585	0.990531296190671
Cyanothecaceae	0.474663531503827	0.710031113973858	0.80103197515374	-0.00673571613242249	0.766581961396194	0.95923517527511	0.990531296190671
Cyclobacteriaceae	0.135078823027367	0.14695846124732	0.197924984802906	-0.0105730484065602	0.709098449296272	0.95923517527511	0.990531296190671
Cytophagaceae	0.28446345586107	0.310267932887053	0.415432019098065	-0.0083143103774429	0.724857473652209	0.95923517527511	0.990531296190671
Debaryomycetaceae	0.0704304397288297	0.644759857119252	0.600466307840398	-0.0189237053721334	0.656806219959008	0.95923517527511	0.990531296190671
Deferribacteraceae	0.240284500569375	0.890435166292203	0.797860325353053	-0.00921388546829348	0.720447751089561	0.973618069300392	0.990531296190671
Dehalococcoidaceae	0.926691914343307	0.733363150487545	0.612968100615102	-0.000998354933329805	0.964134011892532	0.95923517527511	0.990531296190671
Deinococcaceae	0.671673956276339	0.49590571369605	0.537648054458966	-0.00447580503176766	0.875487904870044	0.95923517527511	0.990531296190671
Dermabacteraceae	0.905489838876681	0.395275023216572	0.358040424372636	-0.00113303652188111	0.955729868007452	0.95923517527511	0.990531296190671
Dermacoccaceae	0.6516615010005	0.490668325790891	0.588288523784612	-0.00525521356595778	0.869444748744191	0.95923517527511	0.990531296190671
Dermatophilaceae	0.809363173203609	0.418678468436224	0.327311337321818	0.0020279664858315	0.922172642035086	0.95923517527511	0.990531296190671
Dermocarpellaceae	0.117762393546404	0.811123250632336	0.445408915674853	-0.0162007713158632	0.706951460745593	0.967240443440585	0.990531296190671
Desulfarculaceae	0.249637354182088	0.513730599354232	0.699429577734313	-0.0132479688344434	0.720447751089561	0.95923517527511	0.990531296190671
Desulfobacteraceae	0.605427594124713	0.294884761903995	0.338676849807111	-0.0043179312629086	0.837557375433014	0.95923517527511	0.990531296190671
Desulfobulbaceae	0.739517523920857	0.475256123812934	0.493385863791329	-0.00331708008974114	0.898307496649006	0.95923517527511	0.990531296190671
Desulfohalobiaceae	0.655256423112477	0.336912864505731	0.196583331630092	0.00421989596379428	0.871982061764666	0.95923517527511	0.990531296190671
Desulfomicrobiaceae	0.595349484591451	0.529047798734246	0.494797067608728	-0.00526770729843192	0.831882076210025	0.95923517527511	0.990531296190671
Desulfovibrionaceae	0.456525863701458	0.870892776665243	0.943365251180176	-0.0135157307233511	0.754156548234925	0.968536489870806	0.990531296190671
Desulfurellaceae	0.0537447304482011	0.740987862784178	0.939874579231584	-0.018795932705937	0.656806219959008	0.95923517527511	0.990531296190671
Desulfurobacteriaceae	0.189985736607698	0.944760119466039	0.703602774908193	-0.0128683412421881	0.709098449296272	0.98691980025357	0.990531296190671
Desulfurococcaceae	0.354974131599405	0.858744570985748	0.965988755881909	-0.00850360129084083	0.740498286559762	0.968536489870806	0.990531296190671
Desulfuromonadaceae	0.364525953643006	0.555800249433291	0.601773284319674	-0.0083469696026086	0.740498286559762	0.95923517527511	0.990531296190671
Dictyoglomaceae	0.427208679803372	0.882294439388761	0.877522235981723	-0.00916109409620033	0.740498286559762	0.973618069300392	0.990531296190671
Dietziaceae	0.411791215360515	0.478086584295052	0.54137148160463	-0.00864997004572372	0.740498286559762	0.95923517527511	0.990531296190671
Dipodascaceae	0.0411113529360295	0.22324260373697	0.438988195962703	-0.0237383447617569	0.656806219959008	0.95923517527511	0.990531296190671
Dysgonamonadaceae	0.211342690679728	0.0301538984150949	0.0492700972714485	-0.0125728249911869	0.709098449296272	0.95923517527511	0.990531296190671
Ectothiorhodospiraceae	0.276994447040349	0.571753943003562	0.642261716432931	-0.0112491885084494	0.724857473652209	0.95923517527511	0.990531296190671
Eggerthellaceae	0.600527909165142	0.785818004866153	0.86647231452669	0.00958319591872171	0.833616908948917	0.967240443440585	0.990531296190671
Egibacteraceae	0.220695027733086	0.45153248866179	0.520222997412428	-0.0142653589496419	0.71223240297206	0.95923517527511	0.990531296190671
Egicoccaceae	0.907255026690339	0.368955020763436	0.350847168642005	0.00145456355881303	0.955729868007452	0.95923517527511	0.990531296190671
Elusimicrobiaceae	0.772166551425135	0.952499516420256	0.8265569339177	-0.00276121852916237	0.904552890039165	0.987846313671075	0.990531296190671
Emcibacteraceae	0.436152711816821	0.499718734317515	0.505211892439164	-0.00735110639352159	0.740498286559762	0.95923517527511	0.990531296190671
Endomicrobiaceae	0.386127099233751	0.712504939607393	0.611137158687653	-0.0094268976013297	0.740498286559762	0.95923517527511	0.990531296190671
Endozoicomonadaceae	0.25320590863536	0.372384493997207	0.442451682707648	-0.011739330749668	0.720447751089561	0.95923517527511	0.990531296190671
Enterobacteriaceae	0.889640687648981	0.150419648371737	0.590082442067513	-0.00195059465592547	0.955729868007452	0.95923517527511	0.990531296190671
Enterococcaceae	0.751014716681387	0.940497934726381	0.803738312188462	-0.00286163068061519	0.902470118481242	0.98691980025357	0.990531296190671
Entomoplasmataceae	0.112273611141844	0.49314826941461	0.49571310062935	-0.0230438907810158	0.688344163548208	0.95923517527511	0.990531296190671
Erwiniaceae	0.107839471119847	0.983537038555004	0.777537764889443	-0.0129947635832124	0.674573479831067	0.993179558540838	0.990531296190671
Erysipelotrichaceae	0.067799506498348	0.368540118767287	0.345665932375247	-0.0239697510897579	0.656806219959008	0.95923517527511	0.990531296190671
Erythrobacteraceae	0.707273908774422	0.363333862350429	0.401076509084913	-0.00367512626934915	0.892849729573305	0.95923517527511	0.990531296190671
Eubacteriaceae	0.773674154789498	0.883680956024729	0.802142456255109	0.00276629647168275	0.904552890039165	0.973618069300392	0.990531296190671
Euzebyaceae	0.618346996637643	0.30944226431317	0.313759688689086	-0.00635620591153128	0.846938040607409	0.95923517527511	0.990531296190671
Ferrimonadaceae	0.153716729370494	0.499219091066296	0.650491156975677	-0.0149501214428272	0.709098449296272	0.95923517527511	0.990531296190671
Ferroplasmaceae	0.0953839125289656	0.0332868475341557	0.0203154885258515	-0.0215475133305774	0.656806219959008	0.95923517527511	0.990531296190671
Fervidobacteriaceae	0.0149169408914497	0.569927616274496	0.463668299744752	-0.0249350216928722	0.656806219959008	0.95923517527511	0.990531296190671
Fibrobacteraceae	0.224809480870257	0.697715764108623	0.858877739767921	-0.0144871784389159	0.71223240297206	0.95923517527511	0.990531296190671
Fimbriimonadaceae	0.845176550094725	0.253457044003514	0.153107870476324	0.00176786947703147	0.948291771892775	0.95923517527511	0.990531296190671
Flammeovirgaceae	0.0502042190838045	0.619502952391338	0.744400584067781	-0.0150101781900069	0.656806219959008	0.95923517527511	0.990531296190671
Flavobacteriaceae	0.0491686359169875	0.672020820868297	0.901312372821107	-0.0147360115063413	0.656806219959008	0.95923517527511	0.990531296190671
Francisellaceae	0.105269044391777	0.650452318267745	0.59437022007398	-0.0155759120217951	0.674554350276356	0.95923517527511	0.990531296190671
Frankiaceae	0.769258673087662	0.53874654733615	0.557239845941516	-0.00294077636042548	0.904552890039165	0.95923517527511	0.990531296190671
Fusobacteriaceae	0.192361642671442	0.975592604502501	0.990306271112775	-0.013738284614948	0.709098449296272	0.990584544569265	0.997913934644149
Gallionellaceae	0.57333643185344	0.538008507961189	0.614843774402648	-0.00485610299751148	0.819976029050031	0.95923517527511	0.990531296190671
Gemmataceae	0.504465695656622	0.520878557161983	0.498889518570599	-0.00695263403997593	0.792072662387683	0.95923517527511	0.990531296190671
Gemmatimonadaceae	0.429224816836273	0.467384640865842	0.587148506667264	-0.00848085979442624	0.740498286559762	0.95923517527511	0.990531296190671
Geobacteraceae	0.570617400835412	0.472126993461547	0.597615973431451	-0.0055993144678263	0.819976029050031	0.95923517527511	0.990531296190671
Geodermatophilaceae	0.667790014556227	0.313701962496248	0.385691790418738	-0.00486214559357685	0.875487904870044	0.95923517527511	0.990531296190671
Gloeobacteraceae	0.267436608594338	0.563689716742344	0.700441074193856	-0.0126404554914094	0.723895387199688	0.95923517527511	0.990531296190671
Gloeomargaritaceae	0.183138016473805	0.396509587649009	0.307762258306856	-0.0134887028380301	0.709098449296272	0.95923517527511	0.990531296190671
Glomerellaceae	0.425565560193405	0.238225865787059	0.342788888351582	-0.00714327599186259	0.740498286559762	0.95923517527511	0.990531296190671
Glycomycetaceae	0.362561797089643	0.433230769927571	0.488031124303138	-0.011404606355285	0.740498286559762	0.95923517527511	0.990531296190671
Gomontiellaceae	0.735323793766838	0.483448701933228	0.400756644408158	-0.00375516548927581	0.897373824146734	0.95923517527511	0.990531296190671
Gordoniaceae	0.799564046005578	0.289185637983828	0.295464027339959	-0.00257206766109287	0.918724481260761	0.95923517527511	0.990531296190671
Gottschalkiaceae	0.028847419375765	0.244261073129468	0.125309712032493	-0.0273357191063699	0.656806219959008	0.95923517527511	0.990531296190671
Granulosicoccaceae	0.192073781742969	0.268051501642641	0.379524747091162	-0.0121956898430951	0.709098449296272	0.95923517527511	0.990531296190671
Hafniaceae	0.206431845253658	0.653911744697117	0.640980649083772	-0.0109816129102688	0.709098449296272	0.95923517527511	0.990531296190671
Hahellaceae	0.205250160330348	0.934771153250087	0.917568327707875	-0.0110555896651465	0.709098449296272	0.98691980025357	0.990531296190671
Halanaerobiaceae	0.425040300299348	0.815780841134878	0.863723610432595	-0.00730394716761951	0.740498286559762	0.967240443440585	0.990531296190671
Halieaceae	0.620393168740387	0.305853044479605	0.321334457741687	-0.00444696386770178	0.847486689393367	0.95923517527511	0.990531296190671
Haliscomenobacteraceae	0.0840932845699803	0.816177890999082	0.865212287609209	-0.0162361675339628	0.656806219959008	0.967240443440585	0.990531296190671
Haloarculaceae	0.430032435732806	0.398196594218624	0.50104173553149	-0.00843406679893102	0.740498286559762	0.95923517527511	0.990531296190671
Halobacteriaceae	0.910415558040931	0.525562519792617	0.509580500141925	-0.00131430124717122	0.955729868007452	0.95923517527511	0.990531296190671
Halobacteriovoraceae	0.417203981529021	0.408344476294347	0.45910720858211	-0.0102301371882549	0.740498286559762	0.95923517527511	0.990531296190671
Halobacteroidaceae	0.610999314170061	0.171154047670862	0.196544877421688	-0.00500970850332796	0.841349322988185	0.95923517527511	0.990531296190671
Haloferacaceae	0.438856953193223	0.173797905729589	0.250118865116438	-0.00761383613171497	0.740498286559762	0.95923517527511	0.990531296190671
Halomonadaceae	0.42416841154128	0.666071123409895	0.776355087052329	-0.00737444828638942	0.740498286559762	0.95923517527511	0.990531296190671
Halorubraceae	0.405651912278509	0.294748260533105	0.408460782600448	-0.0088995280339911	0.740498286559762	0.95923517527511	0.990531296190671
Halothiobacillaceae	0.268473823213865	0.637079272036184	0.760572444140653	-0.0138374268383545	0.723895387199688	0.95923517527511	0.990531296190671
Hapalosiphonaceae	0.658595978402133	0.481316601666195	0.62383551000403	0.00438293668130188	0.873585998954997	0.95923517527511	0.990531296190671
Helicobacteraceae	0.144989832233597	0.679400654610676	0.801045667695174	-0.012664416423744	0.709098449296272	0.95923517527511	0.990531296190671
Heliobacteriaceae	0.553411617006572	0.483901512106796	0.645447437792891	-0.00582261124175521	0.809678928290865	0.95923517527511	0.990531296190671
Holosporaceae	0.0813651865127993	0.652890262966867	0.640376176440266	-0.0197218769131775	0.656806219959008	0.95923517527511	0.990531296190671
Hungateiclostridiaceae	0.302457099675305	0.702093775708782	0.774986224585107	-0.00816450325965273	0.728321885573987	0.95923517527511	0.990531296190671
Hydrogenophilaceae	0.248101601282191	0.618938886766574	0.474437428686277	-0.0136909210348751	0.720447751089561	0.95923517527511	0.990531296190671
Hydrogenothermaceae	0.195467788956007	0.970576038013848	0.856830803055698	-0.0149116285354206	0.709098449296272	0.990584544569265	0.990531296190671
Hyellaceae	0.60661922531362	0.275334413148137	0.546252500862259	-0.00676443368341667	0.837557375433014	0.95923517527511	0.990531296190671
Hymenobacteraceae	0.244494841292379	0.20660497478339	0.315431296282038	-0.0103751321529035	0.720447751089561	0.95923517527511	0.990531296190671
Hyphomicrobiaceae	0.531499970696819	0.59486385975168	0.633777824047632	-0.00597054812927192	0.806581402358667	0.95923517527511	0.990531296190671
Hyphomonadaceae	0.411714351570085	0.349229301253647	0.372993169889209	-0.00795339765596374	0.740498286559762	0.95923517527511	0.990531296190671
Iamiaceae	0.559829635505755	0.310598638497143	0.350046230104278	-0.00670225140423051	0.814441418885492	0.95923517527511	0.990531296190671
Ichthyobacteriaceae	0.562957247044084	0.734997878317939	0.793600634874005	-0.00733265525110046	0.816684456979446	0.95923517527511	0.990531296190671
Idiomarinaceae	0.025597728566769	0.629693194484112	0.898559778179202	-0.0189965657425521	0.656806219959008	0.95923517527511	0.990531296190671
Ignavibacteriaceae	0.866451552644647	0.0092752969175314	0.0177947691972051	0.00186506128439481	0.950007178830483	0.95923517527511	0.990531296190671
Ilumatobacteraceae	0.29886537651551	0.617713803522049	0.716027421203981	-0.0147172329750618	0.728321885573987	0.95923517527511	0.990531296190671
Immundisolibacteraceae	0.632621730442602	0.272220737262898	0.334844164069356	-0.00527326814528428	0.852880081617645	0.95923517527511	0.990531296190671
Intrasporangiaceae	0.847960708829703	0.477819528009938	0.448397474179358	-0.00203743046771659	0.94841868137678	0.95923517527511	0.990531296190671
Isosphaeraceae	0.803267082606183	0.465612325593729	0.427622374030072	-0.00272116378501656	0.919294550093742	0.95923517527511	0.990531296190671
Jiangellaceae	0.515109278289718	0.613566849032835	0.482194760592309	0.00767238624447229	0.792671877545645	0.95923517527511	0.990531296190671
Jonesiaceae	0.868265047617047	0.643817724893444	0.423917897005541	-0.00190815759027588	0.950007178830483	0.95923517527511	0.990531296190671
Kangiellaceae	0.0921550846749027	0.736124694485362	0.638900834509915	-0.0175888877322698	0.656806219959008	0.95923517527511	0.990531296190671
Kineosporiaceae	0.764256100570276	0.217952878376085	0.262616572331895	-0.00406009182420965	0.904552890039165	0.95923517527511	0.990531296190671
Kiritimatiellaceae	0.77457830001412	0.0775863953942212	0.0570191122499821	0.00349868778276076	0.904552890039165	0.95923517527511	0.990531296190671
Kofleriaceae	0.663908064301703	0.42047577145533	0.393386671576384	-0.0049814343341486	0.87445691333856	0.95923517527511	0.990531296190671
Kosmotogaceae	0.0746043362958074	0.926940165791259	0.786634055768336	-0.0147203027329477	0.656806219959008	0.98691980025357	0.990531296190671
Ktedonosporobacteraceae	0.393952552483117	0.474887800261265	0.602705313649721	-0.00919902661247914	0.740498286559762	0.95923517527511	0.990531296190671
Labilitrichaceae	0.55015898531594	0.449554049361296	0.414154354201032	-0.00639692137661927	0.809678928290865	0.95923517527511	0.990531296190671
Lachnospiraceae	0.389982869117059	0.917124791004578	0.615469381452353	-0.00760999535196921	0.740498286559762	0.98691980025357	0.990531296190671
Lacipirellulaceae	0.212041089692477	0.422554214680815	0.389810639751178	-0.0131874915158674	0.709098449296272	0.95923517527511	0.990531296190671
Lactobacillaceae	0.0811004729165563	0.334038764121875	0.227104736957886	-0.0192407405947197	0.656806219959008	0.95923517527511	0.990531296190671
Legionellaceae	0.155612958909629	0.607356995781119	0.453224319679865	-0.0108783833041316	0.709098449296272	0.95923517527511	0.990531296190671
Leptolyngbyaceae	0.375458249623163	0.621196763876694	0.725934345357312	-0.00788573680520688	0.740498286559762	0.95923517527511	0.990531296190671
Leptospiraceae	0.224187600293175	0.571424460968441	0.793572206875738	-0.0100983054448905	0.71223240297206	0.95923517527511	0.990531296190671
Leptotrichiaceae	0.133897081327304	0.973927207103784	0.829451828639136	-0.0149711304759559	0.709098449296272	0.990584544569265	0.990531296190671
Leuconostocaceae	0.00832201886636221	0.232634431380309	0.188088075168332	-0.0331819558095788	0.656806219959008	0.95923517527511	0.990531296190671
Lichenihabitantaceae	0.984244815716803	0.511775996720348	0.449573837414347	0.000228516583027788	0.992554656994101	0.95923517527511	0.990531296190671
Limnochordaceae	0.44727540636103	0.647489850388161	0.705793657725021	-0.00849105462194072	0.747879332064709	0.95923517527511	0.990531296190671
Listeriaceae	0.152429175595137	0.977811020262549	0.926346355888817	-0.0121414867992406	0.709098449296272	0.990584544569265	0.990531296190671
Litoricolaceae	0.716836060559937	0.0235620539133775	0.0164877793257799	-0.00373858274347913	0.892849729573305	0.95923517527511	0.990531296190671
Magnetococcaceae	0.478040085994076	0.406212806991344	0.405195094856812	-0.00734702308289999	0.766581961396194	0.95923517527511	0.990531296190671
Malasseziaceae	0.387956230521474	0.749596795115917	0.71999785731883	-0.0108610838072706	0.740498286559762	0.960646818895142	0.990531296190671
Marinifilaceae	0.12788970597722	0.291231903410755	0.367398836846547	-0.0153828630302689	0.709098449296272	0.95923517527511	0.990531296190671
Marinilabiliaceae	0.0263793114140656	0.274858285094377	0.283327827015153	-0.0204114267818305	0.656806219959008	0.95923517527511	0.990531296190671
Mariprofundaceae	0.785503461066474	0.224589322443192	0.309883797884856	-0.00247795739131062	0.913169937808655	0.95923517527511	0.990531296190671
Melioribacteraceae	0.194194013800467	0.266256720288332	0.361468920207952	-0.0148124484701736	0.709098449296272	0.95923517527511	0.990531296190671
Merismopediaceae	0.708569492350205	0.631737138541169	0.386530303683189	-0.0031633967180639	0.892849729573305	0.95923517527511	0.990531296190671
Mesoaciditogaceae	0.356881698766802	0.32454274008706	0.42706294896215	-0.0104828502257793	0.740498286559762	0.95923517527511	0.990531296190671
Methanobacteriaceae	0.908921560354858	0.835402314010814	0.961980058281771	0.00312463528247224	0.955729868007452	0.967240443440585	0.990531296190671
Methanocaldococcaceae	0.126834000721708	0.958470947866549	0.923591130862385	-0.0212398823295262	0.709098449296272	0.987846313671075	0.990531296190671
Methanocellaceae	0.3787857845767	0.299351149267326	0.442193542008399	-0.00941156021499332	0.740498286559762	0.95923517527511	0.990531296190671
Methanococcaceae	0.141014150715608	0.358102939486758	0.245831861382431	-0.0143903456243981	0.709098449296272	0.95923517527511	0.990531296190671
Methanocorpusculaceae	0.136249543513163	0.711472035751609	0.965016423454759	-0.0140186955780184	0.709098449296272	0.95923517527511	0.990531296190671
Methanomassiliicoccaceae	0.367070396490768	0.167191003449246	0.242963947429257	-0.00858213962801937	0.740498286559762	0.95923517527511	0.990531296190671
Methanomicrobiaceae	0.371948469618896	0.54624710640087	0.59236768226038	-0.0075332441011999	0.740498286559762	0.95923517527511	0.990531296190671
Methanopyraceae	0.215434212231858	0.608578800887851	0.592616132555864	-0.015872675934144	0.711209098073122	0.95923517527511	0.990531296190671
Methanoregulaceae	0.429831538864069	0.50716062897197	0.553438613399705	-0.00862292383584704	0.740498286559762	0.95923517527511	0.990531296190671
Methanosarcinaceae	0.278380956352583	0.914770022804499	0.935592951333749	-0.00770648777498765	0.724857473652209	0.98691980025357	0.990531296190671
Methanospirillaceae	0.177846385402545	0.350452371256048	0.969374317048735	-0.0125446477809282	0.709098449296272	0.95923517527511	0.990531296190671
Methanothermaceae	0.16920929524186	0.200540683782944	0.454099241789915	-0.0195378859634279	0.709098449296272	0.95923517527511	0.990531296190671
Methanotrichaceae	0.645896946460921	0.211606029418032	0.281190280199953	-0.00558988038604107	0.864354635892908	0.95923517527511	0.990531296190671
Methylacidiphilaceae	0.497538441291916	0.633151217354894	0.784628457023582	-0.0070352303782733	0.783585006927635	0.95923517527511	0.990531296190671
Methylobacteriaceae	0.71297301858715	0.299499881591095	0.312693157081145	-0.00386992408769787	0.892849729573305	0.95923517527511	0.990531296190671
Methylococcaceae	0.230648962858694	0.658434868422973	0.760433855830772	-0.00949244234830292	0.715567565495347	0.95923517527511	0.990531296190671
Methylocystaceae	0.208730733804499	0.507160783054796	0.587893987806382	-0.0122541644897121	0.709098449296272	0.95923517527511	0.990531296190671
Methylophilaceae	0.213843700150605	0.498842258063576	0.479726309147609	-0.00988206552200135	0.710512939210074	0.95923517527511	0.990531296190671
Microbacteriaceae	0.812339824676396	0.430394759991677	0.429485821546192	-0.00242283541176405	0.923520992733651	0.95923517527511	0.990531296190671
Microbulbiferaceae	0.376202697283065	0.344586389756393	0.359648587618923	-0.00768462305287138	0.740498286559762	0.95923517527511	0.990531296190671
Micrococcaceae	0.164430198963709	0.600950345198015	0.631027418152208	-0.0141285040095854	0.709098449296272	0.95923517527511	0.990531296190671
Microcoleaceae	0.0423504798522365	0.997213346855588	0.868330054700334	-0.015192859052414	0.656806219959008	0.999769554999388	0.990531296190671
Microcystaceae	0.122823733383073	0.96727587988404	0.8513749750692	-0.0121305396468749	0.709098449296272	0.990352044016462	0.990531296190671
Micromonosporaceae	0.701751213649958	0.334477085803137	0.370438052630386	-0.00417168224924242	0.890152401551055	0.95923517527511	0.990531296190671
Moraxellaceae	0.131471305519959	0.827469915267579	0.968935168339885	-0.0112642066204698	0.709098449296272	0.967240443440585	0.990531296190671
Morganellaceae	0.0643316570160468	0.917766852680528	0.718932970314701	-0.0138149560787784	0.656806219959008	0.98691980025357	0.990531296190671
Moritellaceae	0.85874258662015	0.219724751750198	0.198147512830381	-0.00182171461251042	0.948809503923323	0.95923517527511	0.990531296190671
Muribaculaceae	0.721824686602007	0.0589127574827952	0.0816749317042866	-0.00407824463203873	0.892849729573305	0.95923517527511	0.990531296190671
Mycobacteriaceae	0.613706612866931	0.421552280110897	0.479070644783153	-0.00500472700432154	0.842823748337251	0.95923517527511	0.990531296190671
Mycoplasmataceae	0.0430247382452177	0.275213961790518	0.264944885888983	-0.0211209277983754	0.656806219959008	0.95923517527511	0.990531296190671
Mycosphaerellaceae	0.851186744901292	0.142796419639111	0.143720593616103	-0.00165199092271328	0.948809503923323	0.95923517527511	0.990531296190671
Myxococcaceae	0.577808961828226	0.434288198752268	0.481754427387629	-0.00616725843605725	0.819976029050031	0.95923517527511	0.990531296190671
Nakamurellaceae	0.629560624372685	0.292588234884705	0.352223224414787	-0.00526769300446696	0.852880081617645	0.95923517527511	0.990531296190671
Natranaerobiaceae	0.739577434134327	0.409840216448397	0.388511318456356	-0.00341518723197372	0.898307496649006	0.95923517527511	0.990531296190671
Natrialbaceae	0.911191000372153	0.315359612959597	0.328944783305722	0.00103219858161633	0.955729868007452	0.95923517527511	0.990531296190671
Nautiliaceae	0.221691089326099	0.822455740665967	0.811581818293391	-0.0139956333316291	0.71223240297206	0.967240443440585	0.990531296190671
Nectriaceae	0.167106724805608	0.494353658257378	0.726169353707185	-0.0104925117455313	0.709098449296272	0.95923517527511	0.990531296190671
Neisseriaceae	0.322639955520347	0.621615290340955	0.7887556313027	-0.00832435598898197	0.730539177736468	0.95923517527511	0.990531296190671
Nitrosomonadaceae	0.146327328624747	0.491381116981284	0.698936211274378	-0.0121334591785608	0.709098449296272	0.95923517527511	0.990531296190671
Nitrosopumilaceae	0.186423234647316	0.833730006675191	0.87444410134924	-0.0168133539579024	0.709098449296272	0.967240443440585	0.990531296190671
Nitrososphaeraceae	0.85868353580456	0.86280497968068	0.854994295375765	-0.00175138945239255	0.948809503923323	0.968536489870806	0.990531296190671
Nitrospiraceae	0.408690416630449	0.204888145439092	0.27336351653792	-0.00692802303285354	0.740498286559762	0.95923517527511	0.990531296190671
Nocardiaceae	0.624787423422211	0.467595297649655	0.575795748886541	-0.00496090689684884	0.848985548977411	0.95923517527511	0.990531296190671
Nocardioidaceae	0.821444453881926	0.489916490127342	0.515789068359597	-0.00246883921015713	0.931814743940951	0.95923517527511	0.990531296190671
Nocardiopsaceae	0.757785159815529	0.33506354569724	0.309658353216421	-0.00309625095609736	0.904552890039165	0.95923517527511	0.990531296190671
Nostocaceae	0.141145279290963	0.727447871293105	0.499366027612168	-0.00989979147514928	0.709098449296272	0.95923517527511	0.990531296190671
Oceanospirillaceae	0.243928361455018	0.367963533921365	0.589807830268568	-0.00934066391317789	0.720447751089561	0.95923517527511	0.990531296190671
Odoribacteraceae	0.895371961678327	0.114160586501648	0.113783894468642	-0.00221152138239179	0.955729868007452	0.95923517527511	0.990531296190671
Oleiphilaceae	0.252036419830629	0.0267509071216938	0.0384970483027372	-0.0109327847469404	0.720447751089561	0.95923517527511	0.990531296190671
Opitutaceae	0.644731091056234	0.589402798402337	0.571039540949103	-0.00453120118581386	0.864354635892908	0.95923517527511	0.990531296190671
Orbaceae	0.105076405528665	0.683748968847438	0.940545469633561	-0.0162780261758989	0.674554350276356	0.95923517527511	0.990531296190671
Oscillatoriaceae	0.31387474601094	0.312649016605776	0.307746155980024	-0.00914921197304861	0.728321885573987	0.95923517527511	0.990531296190671
Oscillospiraceae	0.762253421428573	0.102173944621876	0.0606441825891789	-0.00291982015029505	0.904552890039165	0.95923517527511	0.990531296190671
Oxalobacteraceae	0.165831092006006	0.696429387276787	0.775674011139786	-0.0158110457084353	0.709098449296272	0.95923517527511	0.990531296190671
Paenibacillaceae	0.257363972039372	0.389611283436791	0.550406977855258	-0.00851050809041309	0.721731870183894	0.95923517527511	0.990531296190671
Paludibacteraceae	0.100232537520185	0.167891313468263	0.276813021925872	-0.0198521816477957	0.670386452245395	0.95923517527511	0.990531296190671
Parachlamydiaceae	0.239311793685117	0.884575316722683	0.985457089875922	-0.0125356135626154	0.720447751089561	0.973618069300392	0.995118433894313
Parvularculaceae	0.586309900161057	0.514191909015123	0.245066670470982	0.0065409322149778	0.829531864238858	0.95923517527511	0.990531296190671
Pasteurellaceae	0.077754183728649	0.767915196356685	0.983616970622373	-0.0163838259636412	0.656806219959008	0.967240443440585	0.995118433894313
Pectobacteriaceae	0.264034024861929	0.374134283152229	0.507661667552476	-0.00881774959795369	0.72379692530774	0.95923517527511	0.990531296190671
Pelagibacteraceae	0.0661321758453381	0.26250787383935	0.189524774939635	-0.0254099145365584	0.656806219959008	0.95923517527511	0.990531296190671
Peptococcaceae	0.359414583045975	0.506398221387353	0.623686878148709	-0.00697611535521137	0.740498286559762	0.95923517527511	0.990531296190671
Peptoniphilaceae	0.42548450651934	0.350781452412743	0.378308653202692	-0.0065412386829089	0.740498286559762	0.95923517527511	0.990531296190671
Peptostreptococcaceae	0.419684421686162	0.707738898924503	0.783589505610361	-0.00633238518157862	0.740498286559762	0.95923517527511	0.990531296190671
Petrotogaceae	0.0961533250226794	0.373227056885482	0.258083789494947	-0.0201144184465697	0.656806219959008	0.95923517527511	0.990531296190671
Phaffomycetaceae	0.013047200511902	0.703811990000996	0.655330183229534	-0.0257620453513478	0.656806219959008	0.95923517527511	0.990531296190671
Phycisphaeraceae	0.968405405970144	0.837649005387381	0.677560704847367	-0.000542280036230437	0.989541238243302	0.967240443440585	0.990531296190671
Phyllobacteriaceae	0.328084892929087	0.436170149138506	0.499736794385342	-0.00890911536860997	0.734624868949912	0.95923517527511	0.990531296190671
Pichiaceae	0.0345029564612173	0.798718128810072	0.627442520374555	-0.0201227950153512	0.656806219959008	0.967240443440585	0.990531296190671
Picrophilaceae	0.458059198998696	0.912598656273591	0.784502295450082	-0.0127193931932048	0.754156548234925	0.98691980025357	0.990531296190671
Pirellulaceae	0.785466692166901	0.200903665190356	0.23761549370606	-0.00226563661951683	0.913169937808655	0.95923517527511	0.990531296190671
Piscirickettsiaceae	0.155946838332038	0.206941347703894	0.305232305650595	-0.0107560773507107	0.709098449296272	0.95923517527511	0.990531296190671
Planctomycetaceae	0.35310426516285	0.488496098857117	0.628264318855285	-0.00845454757144298	0.740498286559762	0.95923517527511	0.990531296190671
Planococcaceae	0.168958273444122	0.667207758611807	0.794257297422252	-0.0106339571616566	0.709098449296272	0.95923517527511	0.990531296190671
Polyangiaceae	0.793112051374327	0.39977704235281	0.38524587718788	-0.00270191762590036	0.917871250466918	0.95923517527511	0.990531296190671
Porphyromonadaceae	0.28891669563524	0.00659647804202583	0.0121505538844087	-0.0109200421498633	0.724857473652209	0.95923517527511	0.990531296190671
Prevotellaceae	0.0824486121522279	0.0080053439239451	0.0518880709963326	-0.0234965310700882	0.656806219959008	0.95923517527511	0.990531296190671
Prochloraceae	0.106094956062883	0.546175625414771	0.656110200989809	-0.017428021685814	0.674554350276356	0.95923517527511	0.990531296190671
Prochlorotrichaceae	0.439587408297244	0.0489191806760606	0.0854844655097312	-0.00711213089108725	0.740498286559762	0.95923517527511	0.990531296190671
Prolixibacteraceae	0.108717667623259	0.0939724788619674	0.135568783192266	-0.0137198943659563	0.674573479831067	0.95923517527511	0.990531296190671
Promicromonosporaceae	0.577963686495459	0.531995514006327	0.431458891612978	0.0059847818324226	0.819976029050031	0.95923517527511	0.990531296190671
Propionibacteriaceae	0.748892952319798	0.96073227372431	0.947027077440958	-0.00336036694756555	0.902470118481242	0.987846313671075	0.990531296190671
Pseudanabaenaceae	0.131255757794225	0.767770960495173	0.838428019499848	-0.0138172824579316	0.709098449296272	0.967240443440585	0.990531296190671
Pseudoalteromonadaceae	0.118054030338099	0.60483417248631	0.811942634833925	-0.012529647532312	0.706951460745593	0.95923517527511	0.990531296190671
Pseudomonadaceae	0.445163751725848	0.639224143096875	0.768848673444915	-0.0074463456886993	0.746773068856064	0.95923517527511	0.990531296190671
Pseudonocardiaceae	0.675238572464669	0.438244915514534	0.487074881096122	-0.00438830855915514	0.875487904870044	0.95923517527511	0.990531296190671
Psychromonadaceae	0.964483482551451	0.455753682350526	0.49566819573285	0.000479343262814518	0.987493028854865	0.95923517527511	0.990531296190671
Puniceicoccaceae	0.993876047660794	0.0107495346574024	0.0153483351786207	-9.43669175304042e-05	0.994810976948439	0.95923517527511	0.990531296190671
Pyriculariaceae	0.175890541617125	0.88998182822964	0.895944879092309	-0.0101478521099231	0.709098449296272	0.973618069300392	0.990531296190671
Pyrodictiaceae	0.323423169949349	0.59926196248771	0.364723273135126	-0.0101135989984375	0.730539177736468	0.95923517527511	0.990531296190671
Rhizobiaceae	0.409142313608051	0.400232102055222	0.499424670592413	-0.00740320001907659	0.740498286559762	0.95923517527511	0.990531296190671
Rhodanobacteraceae	0.435961814015099	0.366368862222864	0.432933504124775	-0.00774871043976819	0.740498286559762	0.95923517527511	0.990531296190671
Rhodobacteraceae	0.406933400094464	0.476486178203038	0.575679136279616	-0.00794919190245463	0.740498286559762	0.95923517527511	0.990531296190671
Rhodobiaceae	0.355158443547941	0.268040233661303	0.311525951294609	-0.0094174166305255	0.740498286559762	0.95923517527511	0.990531296190671
Rhodocyclaceae	0.854909987820202	0.738079575220416	0.569569543980823	-0.00176558859964016	0.948809503923323	0.95923517527511	0.990531296190671
Rhodospirillaceae	0.451406191649928	0.355510618805959	0.440852171859762	-0.00739995687353138	0.75234365274988	0.95923517527511	0.990531296190671
Rhodothermaceae	0.226174485938592	0.474448186439775	0.649654111772065	-0.0126383835875567	0.71223240297206	0.95923517527511	0.990531296190671
Rickettsiaceae	0.0181410935546732	0.586329395180012	0.578220704198833	-0.0263454444943872	0.656806219959008	0.95923517527511	0.990531296190671
Rikenellaceae	0.383806153529107	0.261996856084266	0.225460594578579	-0.0210386559925465	0.740498286559762	0.95923517527511	0.990531296190671
Rivulariaceae	0.286402500435912	0.535305428050235	0.532095819593697	-0.0109233698217667	0.724857473652209	0.95923517527511	0.990531296190671
Roseiflexaceae	0.186120219329721	0.846225568209326	0.909215096623572	-0.0129839205868279	0.709098449296272	0.968536489870806	0.990531296190671
Ruaniaceae	0.668650272349816	0.536356502297214	0.600856489034908	-0.00484241077454511	0.875487904870044	0.95923517527511	0.990531296190671
Rubrobacteraceae	0.898246543289586	0.57520740803238	0.493946949356151	0.00130938010687562	0.955729868007452	0.95923517527511	0.990531296190671
Ruminococcaceae	0.831783550067555	0.810255058073544	0.994420339830237	0.00168168361613058	0.939404667291208	0.967240443440585	0.998104474858543
Saccharomycetaceae	0.0818604957069751	0.298250880157645	0.122483329656061	-0.0167041969789425	0.656806219959008	0.95923517527511	0.990531296190671
Saccharospirillaceae	0.391204479232733	0.47580700106577	0.594601070479137	-0.00731271209259607	0.740498286559762	0.95923517527511	0.990531296190671
Salinisphaeraceae	0.0351189600544905	0.730497505263207	0.394503109203207	-0.0271261244053831	0.656806219959008	0.95923517527511	0.990531296190671
Salinivirgaceae	0.00112166374846237	0.938147228571436	0.740756015927589	-0.0374992253713308	0.577656830458121	0.98691980025357	0.990531296190671
Sandaracinaceae	0.772626178085219	0.471417593223369	0.487634625199579	-0.00327153819507231	0.904552890039165	0.95923517527511	0.990531296190671
Sanguibacteraceae	0.546286495996897	0.939595780013476	0.935730990081054	-0.00683635712955587	0.809678928290865	0.98691980025357	0.990531296190671
Saprospiraceae	0.0811652438180367	0.783783668188434	0.967716559205713	-0.0221445268218191	0.656806219959008	0.967240443440585	0.990531296190671
Schizosaccharomycetaceae	0.0704794654741777	0.869558443631147	0.781486519889414	-0.0202080903670378	0.656806219959008	0.968536489870806	0.990531296190671
Sclerotiniaceae	0.300159485117847	0.705853136568293	0.798214298572023	-0.00957408369684939	0.728321885573987	0.95923517527511	0.990531296190671
Scytonemataceae	0.184905265596007	0.41413186717284	0.621259735247893	-0.0142271175522644	0.709098449296272	0.95923517527511	0.990531296190671
Sedimentisphaeraceae	0.396816140116167	0.45862296189772	0.530142820526206	-0.00715239151471971	0.740498286559762	0.95923517527511	0.990531296190671
Segniliparaceae	0.344762749455266	0.837344864206331	0.764155040298415	-0.0122286945563284	0.740498286559762	0.967240443440585	0.990531296190671
Selenomonadaceae	0.458351455529187	0.588961292410946	0.839771436252573	-0.00878511296798713	0.754156548234925	0.95923517527511	0.990531296190671
Shewanellaceae	0.134663696249605	0.841404221012077	0.899364276944207	-0.0113352676006922	0.709098449296272	0.968536489870806	0.990531296190671
Silvanigrellaceae	0.122154391992553	0.480173193521639	0.546645852915775	-0.0206716526431631	0.709098449296272	0.95923517527511	0.990531296190671
Simkaniaceae	0.679360237380867	0.100467535932301	0.125625188124719	0.00552154330680249	0.875487904870044	0.95923517527511	0.990531296190671
Sinobacteraceae	0.875122499700329	0.41629571474051	0.39058305804735	-0.00168925344513977	0.951988044787549	0.95923517527511	0.990531296190671
Solibacteraceae	0.389714746034596	0.276676554614643	0.488503306879933	-0.00876507010448789	0.740498286559762	0.95923517527511	0.990531296190671
Sordariaceae	0.427288109437586	0.474855863251369	0.433245106667024	-0.00694816514965941	0.740498286559762	0.95923517527511	0.990531296190671
Sphaerobacteraceae	0.920438380374324	0.332725790927049	0.310349733727331	-0.00112154534914364	0.961512709721657	0.95923517527511	0.990531296190671
Sphingobacteriaceae	0.0686861111566966	0.149265539857107	0.27834126654925	-0.0115769927355259	0.656806219959008	0.95923517527511	0.990531296190671
Sphingomonadaceae	0.415778119480321	0.446537825518183	0.54554468091465	-0.00767740291218251	0.740498286559762	0.95923517527511	0.990531296190671
Spirochaetaceae	0.423298519465884	0.728879798856641	0.74665575502825	-0.00603533708144087	0.740498286559762	0.95923517527511	0.990531296190671
Spiroplasmataceae	0.165625836565522	0.725098590681603	0.70006875795847	-0.0172891490696482	0.709098449296272	0.95923517527511	0.990531296190671
Spongiibacteraceae	0.265626444433326	0.86107324950485	0.818212090701215	-0.0108484633871714	0.72379692530774	0.968536489870806	0.990531296190671
Sporichthyaceae	0.376637842143361	0.164532540839799	0.230300255488826	-0.0102313688110209	0.740498286559762	0.95923517527511	0.990531296190671
Sporolactobacillaceae	0.0593262693461238	0.726701707484866	0.965771927022658	-0.0152145354062816	0.656806219959008	0.95923517527511	0.990531296190671
Sporomusaceae	0.984845494609681	0.430820683689977	0.438561060067214	-0.000144084338538736	0.992554656994101	0.95923517527511	0.990531296190671
Staphylococcaceae	0.0622849965191063	0.515853375183511	0.502394201054006	-0.0179621551005165	0.656806219959008	0.95923517527511	0.990531296190671
Steroidobacteraceae	0.151061426666935	0.651143241172556	0.917735713746732	-0.0142883981982271	0.709098449296272	0.95923517527511	0.990531296190671
Sterolibacteriaceae	0.265054263615437	0.20627700848587	0.244168952213282	-0.011162065311991	0.72379692530774	0.95923517527511	0.990531296190671
Streptococcaceae	0.751766370540685	0.555641911401915	0.614642749967389	-0.00566079899023755	0.902470118481242	0.95923517527511	0.990531296190671
Streptomycetaceae	0.679990605724306	0.441526583975747	0.487944085052003	-0.00428195867332938	0.875487904870044	0.95923517527511	0.990531296190671
Streptosporangiaceae	0.719672426963895	0.58366445947692	0.619190585606544	-0.00363432400422546	0.892849729573305	0.95923517527511	0.990531296190671
Succinivibrionaceae	0.0222024767332064	0.867477224199253	0.915185261744924	-0.023189811217213	0.656806219959008	0.968536489870806	0.990531296190671
Sulfolobaceae	0.202632950566364	0.904437923028131	0.612197038619678	-0.0107514265655854	0.709098449296272	0.98266989527318	0.990531296190671
Sutterellaceae	0.941741499935619	0.149478412826185	0.124699815098616	-0.0011117844388829	0.973889302142256	0.95923517527511	0.990531296190671
Symbiobacteriaceae	0.348300814391504	0.73719119061548	0.783004223540047	-0.0109737759819891	0.740498286559762	0.95923517527511	0.990531296190671
Synechococcaceae	0.317445958058983	0.518641558506662	0.65716467670422	-0.00951078768184667	0.729842269644537	0.95923517527511	0.990531296190671
Synergistaceae	0.0941484622431089	0.78139547039199	0.851581180979465	-0.0205162036466985	0.656806219959008	0.967240443440585	0.990531296190671
Syntrophaceae	0.243397663560701	0.520183133431121	0.56429319355495	-0.0112163222459711	0.720447751089561	0.95923517527511	0.990531296190671
Syntrophobacteraceae	0.678663804495129	0.805734293087523	0.768298644000822	-0.00393688748005802	0.875487904870044	0.967240443440585	0.990531296190671
Syntrophomonadaceae	0.304182074931846	0.735985170114361	0.937451335789222	-0.0102025656471968	0.728321885573987	0.95923517527511	0.990531296190671
Tannerellaceae	0.796183120295136	0.142763396114724	0.115638114338721	-0.00528427714794481	0.918724481260761	0.95923517527511	0.990531296190671
Tepidiformaceae	0.24970107600828	0.418664520454732	0.751629816862302	-0.0131093581022518	0.720447751089561	0.95923517527511	0.990531296190671
Thermaceae	0.990956491508992	0.485231096862603	0.444608783031191	0.000107768222097976	0.994810976948439	0.95923517527511	0.990531296190671
Thermoactinomycetaceae	0.691088924949487	0.403299480055994	0.450128072678158	-0.00321616606854137	0.88096731769551	0.95923517527511	0.990531296190671
Thermoanaerobacteraceae	0.184840869405927	0.940964801672779	0.816349885255911	-0.0101708055207346	0.709098449296272	0.98691980025357	0.990531296190671
Thermoanaerobacterales Family III. Incertae Sedis	0.0878936875332815	0.739710543092074	0.631118658677292	-0.0142539671575778	0.656806219959008	0.95923517527511	0.990531296190671
Thermoanaerobacterales Family IV. Incertae Sedis	0.240140453165338	0.248445775562543	0.382828449312946	-0.00859258861550446	0.720447751089561	0.95923517527511	0.990531296190671
Thermococcaceae	0.327114644504549	0.805041908756226	0.845905568530082	-0.00770907813759891	0.734624868949912	0.967240443440585	0.990531296190671
Thermodesulfobacteriaceae	0.197684193528267	0.961073493793562	0.996363765296693	-0.0108007407288887	0.709098449296272	0.987846313671075	0.998104474858543
Thermodesulfobiaceae	0.508679007980981	0.780555149093808	0.954431871025302	-0.00887694143283756	0.792671877545645	0.967240443440585	0.990531296190671
Thermofilaceae	0.88597921281702	0.413893419473386	0.377935733189653	-0.00181615956766399	0.955729868007452	0.95923517527511	0.990531296190671
Thermoguttaceae	0.901276016483916	0.107438154867104	0.101174840172701	0.00135049636907965	0.955729868007452	0.95923517527511	0.990531296190671
Thermomicrobiaceae	0.297201269411979	0.445069101822637	0.395878770901169	-0.0129980612611755	0.728321885573987	0.95923517527511	0.990531296190671
Thermomonosporaceae	0.436372502933871	0.323214048666685	0.419202288034689	-0.00887707018060035	0.740498286559762	0.95923517527511	0.990531296190671
Thermoplasmataceae	0.124390200919511	0.136933923463902	0.248182318360861	-0.0217746254942963	0.709098449296272	0.95923517527511	0.990531296190671
Thermoproteaceae	0.473056357145224	0.755152240937881	0.821091274998329	-0.00694079807282769	0.766581961396194	0.963087023879624	0.990531296190671
Thermotogaceae	0.0745143205486829	0.791405402406467	0.845995073056728	-0.0150418765746148	0.656806219959008	0.967240443440585	0.990531296190671
Thioalkalibacteraceae	0.673477883488598	0.113053411826608	0.141769814521265	-0.00477193800522313	0.875487904870044	0.95923517527511	0.990531296190671
Thioalkalispiraceae	0.506952657423164	0.236496501062431	0.291390842176935	-0.00666032178941113	0.792671877545645	0.95923517527511	0.990531296190671
Thiobacillaceae	0.208611027194142	0.214588023993009	0.368379310463284	-0.0138779477364091	0.709098449296272	0.95923517527511	0.990531296190671
Thiotrichaceae	0.0625109080484628	0.469125507232414	0.289752725222514	-0.0182207952458692	0.656806219959008	0.95923517527511	0.990531296190671
Tissierellaceae	0.410713218527244	0.743174436766541	0.728677905232723	-0.00676311744695285	0.740498286559762	0.95923517527511	0.990531296190671
Tolypothrichaceae	0.208236892601319	0.658181104234488	0.671273546413845	-0.0164367163752326	0.709098449296272	0.95923517527511	0.990531296190671
Trichocomaceae	0.142114270674658	0.898476391989628	0.958483640802424	-0.0143939920573683	0.709098449296272	0.978366094595367	0.990531296190671
Trichomonascaceae	0.200792684410643	0.466934029573914	0.434926241963462	-0.0121058129988986	0.709098449296272	0.95923517527511	0.990531296190671
Trueperaceae	0.276638187223395	0.330255660501067	0.274162898519712	-0.0129379789236779	0.724857473652209	0.95923517527511	0.990531296190671
Tsukamurellaceae	0.836732722885779	0.385413920981017	0.37666159653531	-0.00227229719236038	0.940867581410865	0.95923517527511	0.990531296190671
Unclassified Acidobacteria Phylum	0.0517706698165759	0.502370680943584	0.202142292115416	-0.0313218927367416	0.656806219959008	0.95923517527511	0.990531296190671
Unclassified Actinobacteria Class	0.981273477117146	0.473838933505044	0.481613504530071	-0.000230350043855717	0.992554656994101	0.95923517527511	0.990531296190671
Unclassified Actinobacteria Phylum	0.883908602753551	0.979043753758749	0.884412950949932	0.00173967924124693	0.955729868007452	0.990584544569265	0.990531296190671
Unclassified Alphaproteobacteria Class	0.427609618012385	0.50500406849639	0.557473753279995	-0.00780694107909527	0.740498286559762	0.95923517527511	0.990531296190671
Unclassified Alteromonadales Order	0.285731092803568	0.518782650736545	0.752395390440486	-0.00922959249973789	0.724857473652209	0.95923517527511	0.990531296190671
Unclassified Aquificales Order	0.181361397057321	0.388766579887317	0.288320163930307	-0.0156582299250877	0.709098449296272	0.95923517527511	0.990531296190671
Unclassified Armatimonadetes Phylum	0.808175513539793	0.452860475281929	0.41773921207579	-0.00225621742277417	0.922172642035086	0.95923517527511	0.990531296190671
Unclassified Ascomycota Phylum	0.73228564679204	0.207396205294198	0.513468424340611	-0.00482598893116534	0.895788855339431	0.95923517527511	0.990531296190671
Unclassified Bacillales Order	0.394552103296781	0.658375810221741	0.778276901867115	-0.00660668111984246	0.740498286559762	0.95923517527511	0.990531296190671
Unclassified Bacilli Class	0.189486680561234	0.990791559871105	0.992100843762727	-0.011055290541205	0.709098449296272	0.996596979167225	0.997913934644149
Unclassified Bacteroidales Order	0.825078546609789	0.243292113411724	0.290692515386737	-0.00357176680636552	0.933880113195695	0.95923517527511	0.990531296190671
Unclassified Bacteroidetes Phylum	0.517001598835286	0.0783423777683861	0.119057894546538	-0.00768550146510455	0.792671877545645	0.95923517527511	0.990531296190671
Unclassified Bacteroidia Class	0.676843018972158	0.0386076194623599	0.046705919498212	-0.00663823976914368	0.875487904870044	0.95923517527511	0.990531296190671
Unclassified Balneolaeota Phylum	0.309449758848288	0.149381256598517	0.201416452800889	-0.00969319435449336	0.728321885573987	0.95923517527511	0.990531296190671
Unclassified Betaproteobacteria Class	0.456878550479132	0.269605487009122	0.340603560218456	-0.00744248562261547	0.754156548234925	0.95923517527511	0.990531296190671
Unclassified Blastocatellia Class	0.577746909038004	0.564535640451803	0.328403122616377	0.00614305867505784	0.819976029050031	0.95923517527511	0.990531296190671
Unclassified Bradymonadales Order	0.876198705299609	0.135622062120373	0.121278783747622	-0.00142938230986235	0.951988044787549	0.95923517527511	0.990531296190671
Unclassified Burkholderiales Order	0.588905503528402	0.24112334024078	0.234933823586598	-0.00548601650801957	0.83092146388254	0.95923517527511	0.990531296190671
Unclassified Campylobacterales Order	0.217594431194231	0.474930265846293	0.59979617949294	-0.0115357285317086	0.71223240297206	0.95923517527511	0.990531296190671
Unclassified Candidatus Bipolaricaulota Phylum	0.430493551825772	0.835658098661665	0.979394709838472	-0.00898752486905495	0.740498286559762	0.967240443440585	0.995118433894313
Unclassified Candidatus Cloacimonetes Phylum	0.0269494773356916	0.313447431176485	0.394486991017002	-0.0264054352920017	0.656806219959008	0.95923517527511	0.990531296190671
Unclassified Candidatus Gracilibacteria Phylum	0.760232038252474	0.972112631416805	0.943685620251777	-0.00459642110898564	0.904552890039165	0.990584544569265	0.990531296190671
Unclassified Candidatus Saccharibacteria Phylum	0.974880675159202	0.214399892499404	0.2023497897037	-0.000341982334338793	0.992554656994101	0.95923517527511	0.990531296190671
Unclassified Cellvibrionales Order	0.19288356689102	0.597761371854949	0.83004487096392	-0.0195813848274208	0.709098449296272	0.95923517527511	0.990531296190671
Unclassified Chromatiales Order	0.414463898593783	0.180759840326114	0.226140358364091	-0.00866842017715667	0.740498286559762	0.95923517527511	0.990531296190671
Unclassified Chroococcales Order	0.552003224296283	0.81728019343713	0.878118970642607	-0.0112669020302451	0.809678928290865	0.967240443440585	0.990531296190671
Unclassified Clostridia Class	0.156544714256422	0.85777364304216	0.998104474858543	-0.0118882640564084	0.709098449296272	0.968536489870806	0.998104474858543
Unclassified Clostridiales Order	0.848972839057661	0.887404505964549	0.845853210310932	-0.00133147404897512	0.94841868137678	0.973618069300392	0.990531296190671
Unclassified Coriobacteriales Order	0.364360207262796	0.92361543208884	0.827850127170758	-0.0147101418120758	0.740498286559762	0.98691980025357	0.990531296190671
Unclassified Coriobacteriia Class	0.511989721361767	0.755509043975472	0.878853523813982	-0.00993769136975793	0.792671877545645	0.963087023879624	0.990531296190671
Unclassified Corynebacteriales Order	0.55934546842553	0.512489133300891	0.620607147878856	-0.00594892117409567	0.814441418885492	0.95923517527511	0.990531296190671
Unclassified Cyanobacteria Phylum	0.0842105468865148	0.453155249160747	0.482990190660226	-0.0148671643304151	0.656806219959008	0.95923517527511	0.990531296190671
Unclassified Cytophagales Order	0.0687368462386415	0.0356842520977823	0.091739483750974	-0.0137686364755588	0.656806219959008	0.95923517527511	0.990531296190671
Unclassified Dehalococcoidia Class	0.33238643588102	0.780328467095692	0.876278504463761	-0.0104458116359561	0.740498286559762	0.967240443440585	0.990531296190671
Unclassified Deinococci Class	0.690323758684503	0.723613051356114	0.91429396131915	-0.00566131269573069	0.88096731769551	0.95923517527511	0.990531296190671
Unclassified Deltaproteobacteria Class	0.885151706246839	0.197639203208006	0.127233554004647	0.0015268740139855	0.955729868007452	0.95923517527511	0.990531296190671
Unclassified Desulfobacterales Order	0.254676518632648	0.52088211580457	0.556217488020198	-0.0200895782572785	0.720650588438536	0.95923517527511	0.990531296190671
Unclassified Desulfovibrionales Order	0.711558653112457	0.513642722472294	0.323614650145951	-0.00469976948044432	0.892849729573305	0.95923517527511	0.990531296190671
Unclassified Desulfuromonadales Order	0.834275305242508	0.382226021171284	0.239687466359085	0.00209034141649773	0.940157072647465	0.95923517527511	0.990531296190671
Unclassified Elusimicrobia Phylum	0.232329092619714	0.511421170382683	0.344022626826387	-0.0134379177116718	0.7164639682584	0.95923517527511	0.990531296190671
Unclassified Enterobacterales Order	0.0967565787696259	0.837296742245846	0.964208895021395	-0.0154453559259859	0.656806219959008	0.967240443440585	0.990531296190671
Unclassified Entomoplasmatales Order	0.713807978450434	0.628227720753525	0.423542280359934	0.00614118491144919	0.892849729573305	0.95923517527511	0.990531296190671
Unclassified Epsilonproteobacteria Class	0.00477871722662225	0.998852741619356	0.857319728693383	-0.0232329647350386	0.656806219959008	0.999769554999388	0.990531296190671
Unclassified Euryarchaeota Phylum	0.956136938135094	0.795695646461452	0.726484763164078	0.000618837660412369	0.982855335607931	0.967240443440585	0.990531296190671
Unclassified Firmicutes Phylum	0.0930074964870605	0.870010059658383	0.979750073186769	-0.0121086948637252	0.656806219959008	0.968536489870806	0.995118433894313
Unclassified Flavobacteriales Order	0.0698137487087441	0.669211729479361	0.698091439710174	-0.0197275697465497	0.656806219959008	0.95923517527511	0.990531296190671
Unclassified Frankiales Order	0.623058951627831	0.608520658363235	0.619076066616763	-0.00619853575502489	0.848876613990299	0.95923517527511	0.990531296190671
Unclassified Fusobacteriales Order	0.0424809972553246	0.853456719657519	0.897820692510589	-0.0233269101924229	0.656806219959008	0.968536489870806	0.990531296190671
Unclassified Gammaproteobacteria Class	0.287353434852354	0.373224044600874	0.47763142804543	-0.00809017695619263	0.724857473652209	0.95923517527511	0.990531296190671
Unclassified Halanaerobiales Order	0.294129940818221	0.65373983178598	0.706451419359803	-0.00985537164157212	0.728254420775884	0.95923517527511	0.990531296190671
Unclassified Halobacteria Class	0.959469889115164	0.407637416410086	0.283490369954027	0.000566635233674317	0.984316718912967	0.95923517527511	0.990531296190671
Unclassified Halobacteriales Order	0.547015220920044	0.573443403774061	0.286971310533127	0.00848533783253724	0.809678928290865	0.95923517527511	0.990531296190671
Unclassified Haloferacales Order	0.799350596532797	0.242964380595006	0.0828670506260084	0.00267268812872955	0.918724481260761	0.95923517527511	0.990531296190671
Unclassified Ignavibacteriales Order	0.0499264852200203	0.419067209423034	0.595061694591195	-0.0418019037441783	0.656806219959008	0.95923517527511	0.990531296190671
Unclassified Kiritimatiellaeota Phylum	0.315370447539804	0.771362815244421	0.841249264384002	-0.00904080045702351	0.728321885573987	0.967240443440585	0.990531296190671
Unclassified Lactobacillales Order	0.335489112245918	0.93272633619484	0.850509772414434	-0.0093735756950286	0.740498286559762	0.98691980025357	0.990531296190671
Unclassified Methanococcales Order	0.0724909230490314	0.660035777021514	0.71470198581139	-0.0249352966950458	0.656806219959008	0.95923517527511	0.990531296190671
Unclassified Micrococcales Order	0.76601249407291	0.520990631420272	0.649110640558364	-0.00308391165535287	0.904552890039165	0.95923517527511	0.990531296190671
Unclassified Mollicutes Class	0.93527289370202	0.990781199986663	0.958457588176048	-0.00125021848248961	0.971099879549477	0.996596979167225	0.990531296190671
Unclassified Myxococcales Order	0.746692377284095	0.286475036385505	0.261316786546401	-0.00358690548733242	0.902470118481242	0.95923517527511	0.990531296190671
Unclassified Negativicutes Class	0.531680176924978	0.173918076169672	0.182075472642225	-0.00652478125002501	0.806581402358667	0.95923517527511	0.990531296190671
Unclassified Neisseriales Order	0.21103598739985	0.409808513197462	0.433671717552426	-0.0165989302552814	0.709098449296272	0.95923517527511	0.990531296190671
Unclassified Nitrosomonadales Order	0.181467141104489	0.673766516060467	0.756214566932431	-0.0158699467846814	0.709098449296272	0.95923517527511	0.990531296190671
Unclassified Nostocales Order	0.0342629203933088	0.775435194346535	0.559674899290796	-0.0176181085827977	0.656806219959008	0.967240443440585	0.990531296190671
Unclassified Oceanospirillales Order	0.770787304739032	0.0847345087438911	0.112574181295816	-0.00260130963914298	0.904552890039165	0.95923517527511	0.990531296190671
Unclassified Oscillatoriales Order	0.486623121256603	0.122892893363452	0.0956164319302625	-0.00730851931620798	0.775441015940612	0.95923517527511	0.990531296190671
Unclassified Phycisphaerae Class	0.412008879888854	0.193562337645234	0.281206136160197	-0.008435152500462	0.740498286559762	0.95923517527511	0.990531296190671
Unclassified Planctomycetales Order	0.897875321358316	0.860715865541411	0.770364380450252	0.00130732053221137	0.955729868007452	0.968536489870806	0.990531296190671
Unclassified Planctomycetes Phylum	0.3752079022843	0.39685881734478	0.510831519305015	-0.00782291599824563	0.740498286559762	0.95923517527511	0.990531296190671
Unclassified Planctomycetia Class	0.722948227635084	0.679593803250399	0.894069244979538	-0.00432007027356454	0.892849729573305	0.95923517527511	0.990531296190671
Unclassified Propionibacteriales Order	0.552244275605145	0.271263294163076	0.406909110052251	-0.0067155853544979	0.809678928290865	0.95923517527511	0.990531296190671
Unclassified Proteobacteria Phylum	0.394127563973909	0.482260116079815	0.535051528598947	-0.00783703262824481	0.740498286559762	0.95923517527511	0.990531296190671
Unclassified Pseudomonadales Order	0.860285814973333	0.808754612906231	0.830186744445558	-0.00166016352739827	0.948809503923323	0.967240443440585	0.990531296190671
Unclassified Rhizobiales Order	0.537164711610173	0.409926821340238	0.404471789232948	-0.0060471427695459	0.806581402358667	0.95923517527511	0.990531296190671
Unclassified Rhodobacterales Order	0.745312662065614	0.206330847164914	0.246186465188009	0.00491499948675628	0.902470118481242	0.95923517527511	0.990531296190671
Unclassified Rhodocyclales Order	0.862219122011874	0.198770494106405	0.225465532126361	0.00196178076959609	0.948809503923323	0.95923517527511	0.990531296190671
Unclassified Rhodospirillales Order	0.64616802877431	0.34660847066323	0.352102931104386	-0.00625267656271298	0.864354635892908	0.95923517527511	0.990531296190671
Unclassified Rickettsiales Order	0.071411730352788	0.288424114138378	0.239209527766693	-0.0268654560054142	0.656806219959008	0.95923517527511	0.990531296190671
Unclassified Saccharomycetales Order	0.241167878623767	0.953857142136874	0.521582734534129	-0.0177161024240402	0.720447751089561	0.987846313671075	0.990531296190671
Unclassified Silvanigrellales Order	0.393195941695593	0.867710528937396	0.842515958080235	-0.00844614095661021	0.740498286559762	0.968536489870806	0.990531296190671
Unclassified Sordariomycetes Class	0.800985033176857	0.636514070882476	0.833250403902798	0.00503037839206039	0.918724481260761	0.95923517527511	0.990531296190671
Unclassified Sphingomonadales Order	0.479299789455484	0.633644986239825	0.697069324380089	-0.0070462538394355	0.766581961396194	0.95923517527511	0.990531296190671
Unclassified Streptosporangiales Order	0.436976134867097	0.538572748688464	0.656800046564201	-0.0114062491992378	0.740498286559762	0.95923517527511	0.990531296190671
Unclassified Synechococcales Order	0.257861483716187	0.797590898200419	0.942632867753453	-0.0189772919381385	0.721731870183894	0.967240443440585	0.990531296190671
Unclassified Tenericutes Phylum	0.226807988519258	0.851504489925762	0.789654082365583	-0.013854794231349	0.71223240297206	0.968536489870806	0.990531296190671
Unclassified Thaumarchaeota Phylum	0.0864513052874462	0.305363602243689	0.41125790856674	-0.0183414972251039	0.656806219959008	0.95923517527511	0.990531296190671
Unclassified Thermoanaerobacterales Order	0.391324761599384	0.872623167572921	0.856416767285559	-0.00862365597014514	0.740498286559762	0.968536489870806	0.990531296190671
Unclassified Thermoplasmata Class	0.565524534632199	0.0672053536616601	0.187903567444259	-0.00661508255031411	0.8181043127404	0.95923517527511	0.990531296190671
Unclassified Thermoplasmatales Order	0.413983093455882	0.763957007165006	0.823756447545428	-0.0100210818286623	0.740498286559762	0.967240443440585	0.990531296190671
Unclassified Tissierellia Class	0.0917800829302315	0.733128558746737	0.806937485882609	-0.0186925426866632	0.656806219959008	0.95923517527511	0.990531296190671
Unclassified Verrucomicrobia Phylum	0.464871815168092	0.57218609661251	0.475631194187878	-0.00726706447774398	0.757623369656858	0.95923517527511	0.990531296190671
Unclassified Verrucomicrobiales Order	0.993321054763211	0.67696285547788	0.882862657918918	0.000219720698187652	0.994810976948439	0.95923517527511	0.990531296190671
Unclassified Victivallales Order	0.208287194955826	0.0126567609437523	0.0389306865798338	-0.0204110143985423	0.709098449296272	0.95923517527511	0.990531296190671
Unclassified Xanthomonadales Order	0.9838323180239	0.391898379769793	0.264491592271401	0.000241874507198387	0.992554656994101	0.95923517527511	0.990531296190671
Unclassified candidate division Zixibacteria Phylum	0.364702791978543	0.565930367054019	0.582897718561426	-0.00906345563729614	0.740498286559762	0.95923517527511	0.990531296190671
Unikaryonidae	0.576448914657006	0.134291619023173	0.0801391114705379	-0.00570512121553925	0.819976029050031	0.95923517527511	0.990531296190671
Ustilaginaceae	0.538765053225983	0.565819879419677	0.591174189112492	-0.00584530152230052	0.806581402358667	0.95923517527511	0.990531296190671
Vallitaleaceae	0.487850270222831	0.335849850124963	0.290881263398902	-0.00651242154834943	0.775441015940612	0.95923517527511	0.990531296190671
Veillonellaceae	0.910335609776152	0.397922946702625	0.751195677747001	-0.00151983826640611	0.955729868007452	0.95923517527511	0.990531296190671
Verrucomicrobiaceae	0.860635607169151	0.451021165797299	0.270596522758207	0.00187204446284025	0.948809503923323	0.95923517527511	0.990531296190671
Vibrionaceae	0.0969267431395818	0.619390066426903	0.829415608384485	-0.0119365992781352	0.656806219959008	0.95923517527511	0.990531296190671
Vicinamibacteraceae	0.309238067336729	0.550911153811854	0.797414638315951	-0.0112355613852944	0.728321885573987	0.95923517527511	0.990531296190671
Vulgatibacteraceae	0.198797298609205	0.806605563413	0.923572319943486	-0.016022100744193	0.709098449296272	0.967240443440585	0.990531296190671
Waddliaceae	0.230163966952561	0.343265886138136	0.236221731307592	-0.0157056646877487	0.715567565495347	0.95923517527511	0.990531296190671
Wenzhouxiangellaceae	0.517160681272499	0.453460361960346	0.412782181551746	-0.00807217161067563	0.792671877545645	0.95923517527511	0.990531296190671
Woeseiaceae	0.0326780705686171	0.746521017895074	0.95889961924475	-0.0262770544159181	0.656806219959008	0.960646818895142	0.990531296190671
Xanthobacteraceae	0.376469545496474	0.423959997997469	0.444540216082876	-0.00928981707170604	0.740498286559762	0.95923517527511	0.990531296190671
Xanthomonadaceae	0.684806656318956	0.369591388474659	0.417422347599085	-0.00405722688489077	0.879489845397163	0.95923517527511	0.990531296190671
Yersiniaceae	0.284725538446089	0.460195656983809	0.548530524798571	-0.00875428570911603	0.724857473652209	0.95923517527511	0.990531296190671
Zoogloeaceae	0.571202323241957	0.510298480964575	0.537288726556614	-0.00560147398160926	0.819976029050031	0.95923517527511	0.990531296190671
