p-variable	p-treatment	p-interaction	slope	adjusted.p-variable	adjusted.p-treatment	adjusted.p-interaction
Acaryochloridaceae	0.351598060007829	0.188555085418545	0.181370463217407	-0.171765663106747	0.680288385794873	0.938144327682969	0.935355941901232
Acetobacteraceae	0.392407924902237	0.611039772466809	0.604466604497314	-0.119953199074948	0.680288385794873	0.938144327682969	0.935355941901232
Acholeplasmataceae	0.421263755977417	0.687511590053203	0.685032007052407	-0.138799889681313	0.680288385794873	0.938144327682969	0.935355941901232
Acidaminococcaceae	0.115729953471451	0.819989673577374	0.814422815681531	-0.687192734074116	0.680288385794873	0.951933217298618	0.950866638169487
Acidiferrobacteraceae	0.772081088034381	0.549219832566569	0.554763329926424	-0.0457477736420465	0.845248220512289	0.938144327682969	0.935355941901232
Acidilobaceae	0.106856243456206	0.672886655753733	0.651512569593484	-0.318918046550135	0.680288385794873	0.938144327682969	0.935355941901232
Acidimicrobiaceae	0.205648779859425	0.434560634975373	0.43321954781225	-0.288202470781786	0.680288385794873	0.938144327682969	0.935355941901232
Acidithiobacillaceae	0.104440321938292	0.728691352008289	0.725185965741205	-0.262903212191128	0.680288385794873	0.938144327682969	0.936138573021095
Acidobacteriaceae	0.267839469780714	0.854290331289915	0.848530165893876	-0.16959791642725	0.680288385794873	0.951933217298618	0.950866638169487
Acidothermaceae	0.617551227989301	0.844184873314319	0.864249304231575	-0.0724661306409964	0.756688690772576	0.951933217298618	0.951350459038145
Actinomycetaceae	0.458877779678428	0.851304962480716	0.845884925187352	-0.12157912329441	0.680288385794873	0.951933217298618	0.950866638169487
Actinopolysporaceae	0.939133315226062	0.558323857939324	0.567790801609538	0.0150752432532934	0.95773001453747	0.938144327682969	0.935355941901232
Aerococcaceae	0.0903063263145579	0.519667236764723	0.506750970892902	-0.198987178533336	0.680288385794873	0.938144327682969	0.935355941901232
Aeromonadaceae	0.253114730417795	0.601980514189829	0.597944808807192	-0.166826081095182	0.680288385794873	0.938144327682969	0.935355941901232
Akkermansiaceae	0.85202327869104	0.500054589569468	0.502696894663943	-0.0949664424548817	0.901010243379642	0.938144327682969	0.935355941901232
Alcaligenaceae	0.390517459568485	0.845466642478433	0.843131377545084	-0.1273769926736	0.680288385794873	0.951933217298618	0.950866638169487
Alcanivoracaceae	0.249671588838494	0.620954051915078	0.611286536065793	-0.158005929642833	0.680288385794873	0.938144327682969	0.935355941901232
Alicyclobacillaceae	0.449808124348848	0.518233559186414	0.518962895937743	-0.109613974757448	0.680288385794873	0.938144327682969	0.935355941901232
Alteromonadaceae	0.280275399785201	0.679955533073615	0.676677893500989	-0.133228573230332	0.680288385794873	0.938144327682969	0.935355941901232
Amoebophilaceae	0.116055675717921	0.150641626539597	0.151257805182429	-0.268968893333965	0.680288385794873	0.938144327682969	0.935355941901232
Anaerohalosphaeraceae	0.140485325074733	0.482097534748426	0.480602685339244	-0.245199573443259	0.680288385794873	0.938144327682969	0.935355941901232
Anaerolineaceae	0.253407728565923	0.552505211992496	0.547898447392229	-0.160109952241497	0.680288385794873	0.938144327682969	0.935355941901232
Anaeromyxobacteraceae	0.551837553792208	0.385179982536119	0.382846773471682	-0.103522877246135	0.735747750762219	0.938144327682969	0.935355941901232
Anaplasmataceae	0.449890403061055	0.360605205526384	0.35908767278896	-0.111933027325395	0.680288385794873	0.938144327682969	0.935355941901232
Aphanizomenonaceae	0.12185882027777	0.870917791360867	0.878126196366114	-0.219395316196035	0.680288385794873	0.958381757587279	0.960103117728614
Aphanothecaceae	0.152953319013275	0.421395979596565	0.416650777543606	-0.180418907391711	0.680288385794873	0.938144327682969	0.935355941901232
Aquificaceae	0.292843934453209	0.357714832133312	0.360566902419696	-0.172136563010502	0.680288385794873	0.938144327682969	0.935355941901232
Archaeoglobaceae	0.718716858373991	0.364355436121074	0.376059231475235	0.0485421531607093	0.809841647669176	0.938144327682969	0.935355941901232
Archangiaceae	0.444012527476274	0.443716725779763	0.442285359446069	-0.127128836107814	0.680288385794873	0.938144327682969	0.935355941901232
Ardenticatenaceae	0.424805410994533	0.955801082676255	0.955544592229883	-0.143142994827943	0.680288385794873	0.978719457527086	0.980289770913127
Aspergillaceae	0.372835090775314	0.732299067434084	0.730457481661542	-0.124606059513699	0.680288385794873	0.938144327682969	0.936138573021095
Atopobiaceae	0.407339546058121	0.778363145015493	0.787788691096809	-0.16354321775033	0.680288385794873	0.951933217298618	0.950866638169487
Aurantimonadaceae	0.429450025135705	0.856978177916013	0.853010459872433	-0.130747145062232	0.680288385794873	0.951933217298618	0.950866638169487
Azonexaceae	0.350740622257304	0.843663303265025	0.833740181824878	-0.127852470552894	0.680288385794873	0.951933217298618	0.950866638169487
Bacillaceae	0.361474384153863	0.422476155726332	0.422231094334728	-0.106167240796241	0.680288385794873	0.938144327682969	0.935355941901232
Bacteriovoracaceae	0.843697922389192	0.948741322588739	0.946631047367092	0.0338903861520594	0.895271705527577	0.978055852633592	0.976983946681468
Bacteroidaceae	0.417587441341208	0.401268368433801	0.401996102438165	0.229063189024803	0.680288385794873	0.938144327682969	0.935355941901232
Baekduiaceae	0.436384568721708	0.225456592515932	0.22775375118657	-0.170004920924559	0.680288385794873	0.938144327682969	0.935355941901232
Barnesiellaceae	0.418228489971362	0.615119574382472	0.608865431930571	-0.204477767764208	0.680288385794873	0.938144327682969	0.935355941901232
Bartonellaceae	0.29951214858926	0.430231445525799	0.42940416607832	-0.1393485661349	0.680288385794873	0.938144327682969	0.935355941901232
Bdellovibrionaceae	0.209052993134613	0.602564765541182	0.592473269305789	-0.153599225506743	0.680288385794873	0.938144327682969	0.935355941901232
Beijerinckiaceae	0.247127126607308	0.524694796625389	0.519276558905467	-0.19068409893947	0.680288385794873	0.938144327682969	0.935355941901232
Bernardetiaceae	0.334506108914538	0.677817778738972	0.676877431268109	-0.191421030781802	0.680288385794873	0.938144327682969	0.935355941901232
Beutenbergiaceae	0.534771311495174	0.943038393466529	0.930344591910717	-0.109428728909442	0.729194991712778	0.977192701479401	0.966420748457603
Bifidobacteriaceae	0.389281300713977	0.519984371323988	0.533839681947623	0.303134065592736	0.680288385794873	0.938144327682969	0.935355941901232
Blattabacteriaceae	0.12265638429979	0.377145873138166	0.371611514939703	-0.249313993579141	0.680288385794873	0.938144327682969	0.935355941901232
Bogoriellaceae	0.902459427978966	0.555358288654054	0.556160521526756	-0.0230472828058381	0.933266275922023	0.938144327682969	0.935355941901232
Borreliaceae	0.417132514797261	0.479082894395439	0.480555061345421	-0.143324875967302	0.680288385794873	0.938144327682969	0.935355941901232
Brachyspiraceae	0.453529843234378	0.427431548826952	0.428589587051584	-0.128931212001092	0.680288385794873	0.938144327682969	0.935355941901232
Bradymonadaceae	0.502505596850243	0.274252892172254	0.277742017677372	-0.141372541079496	0.704916853415802	0.938144327682969	0.935355941901232
Bradyrhizobiaceae	0.344168319855496	0.611491621947782	0.608752577927206	-0.140416292541182	0.680288385794873	0.938144327682969	0.935355941901232
Brevibacteriaceae	0.369554988508809	0.604788347189498	0.610573376105615	-0.130925258118103	0.680288385794873	0.938144327682969	0.935355941901232
Brucellaceae	0.33619056448136	0.409739237777243	0.410385703219997	-0.129283518799478	0.680288385794873	0.938144327682969	0.935355941901232
Budviciaceae	0.0820471435746175	0.42225793324525	0.422814017262197	-0.225048673075837	0.680288385794873	0.938144327682969	0.935355941901232
Burkholderiaceae	0.545367848656053	0.748600257411087	0.747728525480367	-0.0902217702510786	0.733327524955267	0.947246025962431	0.946293143995838
Caldilineaceae	0.236806487847301	0.389675959518242	0.392364523688949	-0.208114794942311	0.680288385794873	0.938144327682969	0.935355941901232
Caldisphaeraceae	0.963659035392872	0.335775008983338	0.337415589184229	0.0100918958265823	0.975018473924025	0.938144327682969	0.935355941901232
Calditrichaceae	0.586676104514901	0.912744996038782	0.903949680153788	-0.0741048107707219	0.751976516534474	0.963786182127142	0.961847283634712
Calotrichaceae	0.121491752813223	0.304722417579754	0.301103581394932	-0.197416960104976	0.680288385794873	0.938144327682969	0.935355941901232
Campylobacteraceae	0.32160404087471	0.736603238731923	0.745584122416071	-0.176901909751008	0.680288385794873	0.939220239654686	0.946293143995838
Candidatus Brocadiaceae	0.981607579361084	0.887073279609111	0.858564940501822	-0.00344699092192216	0.987359186271403	0.961087634100331	0.951350459038145
Candidatus Deianiraeaceae	0.844858347352238	0.23292435531316	0.234952728209319	-0.0468282092076931	0.895271705527577	0.938144327682969	0.935355941901232
Candidatus Methanomethylophilaceae	0.0989383152396153	0.295067322705343	0.288713908556113	-0.317221729371171	0.680288385794873	0.938144327682969	0.935355941901232
Candidatus Midichloriaceae	0.918592899409941	0.967885543158883	0.970273369942163	0.0210655598874537	0.947405184494005	0.983157898869477	0.987397347362988
Candidatus Nanopelagicaceae	0.323262704914861	0.267049779346899	0.264277401674115	-0.14731713249722	0.680288385794873	0.938144327682969	0.935355941901232
Candidatus Paracaedibacteraceae	0.0386514093190082	0.923225704153444	0.928239611274445	-0.482746188576906	0.680288385794873	0.964712086924392	0.966420748457603
Cardiobacteriaceae	0.219890542005816	0.693640133586995	0.684081110643894	-0.187031149602675	0.680288385794873	0.938144327682969	0.935355941901232
Carnobacteriaceae	0.460269160803813	0.344068234447754	0.347041348637329	-0.0984310792215487	0.680288385794873	0.938144327682969	0.935355941901232
Casimicrobiaceae	0.142851944435861	0.63344415195368	0.637805858626124	-0.280716852276296	0.680288385794873	0.938144327682969	0.935355941901232
Catenulisporaceae	0.626099488051783	0.200311628664275	0.200999660557459	-0.0854377569619603	0.760474614025161	0.938144327682969	0.935355941901232
Caulobacteraceae	0.338673562451765	0.493241040841798	0.488607476268821	-0.152073134589806	0.680288385794873	0.938144327682969	0.935355941901232
Cellulomonadaceae	0.652220279016086	0.479252654626706	0.482829502334537	-0.077359816819566	0.772168836076516	0.938144327682969	0.935355941901232
Cellvibrionaceae	0.25647702942627	0.663325734059872	0.654455466642476	-0.160381781213084	0.680288385794873	0.938144327682969	0.935355941901232
Chaetomiaceae	0.0919260421859299	0.25246236465627	0.249743827053714	-0.242216576331329	0.680288385794873	0.938144327682969	0.935355941901232
Chamaesiphonaceae	0.161129204423873	0.406638804958119	0.408783695390916	-0.237060893499382	0.680288385794873	0.938144327682969	0.935355941901232
Chelatococcaceae	0.486795321167075	0.435881443751889	0.436555814869311	-0.133953050772725	0.694458699171866	0.938144327682969	0.935355941901232
Chitinophagaceae	0.349157393436461	0.533443552646689	0.532019848763642	-0.106794116025425	0.680288385794873	0.938144327682969	0.935355941901232
Chlamydiaceae	0.926930289696798	0.534901623954117	0.522353527823583	-0.0141355528927986	0.95283253332106	0.938144327682969	0.935355941901232
Chlorobiaceae	0.192782075459721	0.302352091256802	0.298567677812944	-0.17345460845611	0.680288385794873	0.938144327682969	0.935355941901232
Chloroflexaceae	0.437237681084458	0.638769787357466	0.62745896523416	-0.124920157858012	0.680288385794873	0.938144327682969	0.935355941901232
Christensenellaceae	0.0674494030214496	0.105495419560753	0.104004960710112	-0.378131448826213	0.680288385794873	0.938144327682969	0.935355941901232
Chromatiaceae	0.355346405222877	0.911179297200961	0.915014332185367	-0.129661691930117	0.680288385794873	0.963786182127142	0.966112669819421
Chromobacteriaceae	0.378315289478975	0.712637260779184	0.711142972132747	-0.139584627994976	0.680288385794873	0.938144327682969	0.936138573021095
Chroococcaceae	0.5640488104129	0.826258825885481	0.825283195592203	-0.071627637461352	0.739373132822194	0.951933217298618	0.950866638169487
Chroococcidiopsidaceae	0.773032838565608	0.417469335144395	0.42121258583921	-0.0528539355950081	0.845248220512289	0.938144327682969	0.935355941901232
Chrysiogenaceae	0.44894750047753	0.303050477343648	0.311744659164186	-0.120357057646077	0.680288385794873	0.938144327682969	0.935355941901232
Chthonomonadaceae	0.338776810184797	0.236352120914385	0.232247187627995	-0.172386374841373	0.680288385794873	0.938144327682969	0.935355941901232
Clavicipitaceae	0.459240270497325	0.313059372463711	0.311011320191872	-0.102540634522903	0.680288385794873	0.938144327682969	0.935355941901232
Clostridiaceae	0.303541201419705	0.950790360461322	0.943500365693196	-0.134562158571033	0.680288385794873	0.978055852633592	0.975708209502
Clostridiales Family XIII. Incertae Sedis	0.219348368651922	0.336590968203597	0.342077660554825	-0.173039267488594	0.680288385794873	0.938144327682969	0.935355941901232
Clostridiales Family XVI. Incertae Sedis	0.268554641209345	0.891426827411862	0.879939168093021	-0.145844407844133	0.680288385794873	0.962441962509663	0.960103117728614
Clostridiales Family XVII. Incertae Sedis	0.166286009812769	0.273725178781023	0.273455355665183	-0.250878795182842	0.680288385794873	0.938144327682969	0.935355941901232
Cohaesibacteraceae	0.452754031555325	0.846302897439603	0.843383017672719	-0.12068481382492	0.680288385794873	0.951933217298618	0.950866638169487
Coleofasciculaceae	0.448664878619296	0.336746310131584	0.329565844089362	-0.112816845252314	0.680288385794873	0.938144327682969	0.935355941901232
Colwelliaceae	0.31505515773031	0.531584262590201	0.525580897858152	-0.115835480447931	0.680288385794873	0.938144327682969	0.935355941901232
Comamonadaceae	0.507539956617188	0.7522760509939	0.751996565627094	-0.105388379347633	0.706440750426627	0.949564132994751	0.946293143995838
Conexibacteraceae	0.497970989397411	0.772544467518784	0.769394816478577	-0.131232258279347	0.704546866867216	0.951933217298618	0.950866638169487
Coprothermobacteraceae	0.252850042133498	0.429034334426473	0.433835176395494	-0.272738475162214	0.680288385794873	0.938144327682969	0.935355941901232
Coriobacteriaceae	0.813778048903041	0.839294569645632	0.847645476870852	-0.0816208962277981	0.878607327432004	0.951933217298618	0.950866638169487
Corynebacteriaceae	0.548848331064185	0.759468875882142	0.755816686860427	-0.086594138654822	0.735747750762219	0.951933217298618	0.946293143995838
Coxiellaceae	0.127648667779189	0.465800139523377	0.455733564419395	-0.202572149610458	0.680288385794873	0.938144327682969	0.935355941901232
Crocinitomicaceae	0.0385263786248902	0.0769053789412173	0.0755651940605727	-0.356167504729998	0.680288385794873	0.938144327682969	0.935355941901232
Cryomorphaceae	0.723167727252992	0.335395003667176	0.335931239240484	-0.0673987131704525	0.809841647669176	0.938144327682969	0.935355941901232
Cryptococcaceae	0.387462180914294	0.673690813967696	0.67029754193946	-0.128129449747871	0.680288385794873	0.938144327682969	0.935355941901232
Cuniculiplasmataceae	0.454292653813016	0.347123408244647	0.355844151617194	-0.132091029046099	0.680288385794873	0.938144327682969	0.935355941901232
Cyanobacteriaceae	0.992509577371047	0.827793950113848	0.833251893411567	0.00151200861217721	0.992509577371047	0.951933217298618	0.950866638169487
Cyanothecaceae	0.623476286108932	0.574736375289476	0.572448594294846	-0.0718439389131011	0.759078693489598	0.938144327682969	0.935355941901232
Cyclobacteriaceae	0.301301115116689	0.440888849278896	0.441256870535625	-0.119645417144232	0.680288385794873	0.938144327682969	0.935355941901232
Cytophagaceae	0.232834522998097	0.306176373586386	0.30364009151283	-0.148303731663295	0.680288385794873	0.938144327682969	0.935355941901232
Debaryomycetaceae	0.29178458734576	0.23569504364585	0.238237033769671	-0.170970803755809	0.680288385794873	0.938144327682969	0.935355941901232
Deferribacteraceae	0.505076347398895	0.737817265311363	0.738513005024535	-0.0810998768892303	0.704916853415802	0.939220239654686	0.941421281157514
Dehalococcoidaceae	0.0261971303161636	0.0816908713197204	0.08206713711355	-0.377776190414219	0.680288385794873	0.938144327682969	0.935355941901232
Deinococcaceae	0.300593545174636	0.45515446374631	0.453237338675926	-0.175140071395003	0.680288385794873	0.938144327682969	0.935355941901232
Dermabacteraceae	0.571375789333494	0.856807755321307	0.859582567149813	-0.0881390492674291	0.744255888120196	0.951933217298618	0.951350459038145
Dermacoccaceae	0.612715644026471	0.563986351443569	0.560296507353361	-0.0962576877713202	0.756688690772576	0.938144327682969	0.935355941901232
Dermatophilaceae	0.538046790001661	0.40228147716958	0.406276083743573	-0.0833739777376006	0.729194991712778	0.938144327682969	0.935355941901232
Dermocarpellaceae	0.137918315416273	0.605494810501824	0.587898279367232	-0.241251351526326	0.680288385794873	0.938144327682969	0.935355941901232
Desulfarculaceae	0.427666289278165	0.426894543022313	0.42298307150033	-0.147646005197104	0.680288385794873	0.938144327682969	0.935355941901232
Desulfobacteraceae	0.327615435016005	0.759806026633293	0.757034515196671	-0.130918246767113	0.680288385794873	0.951933217298618	0.946293143995838
Desulfobulbaceae	0.245333489549135	0.41222999136683	0.410544182064861	-0.185921559235331	0.680288385794873	0.938144327682969	0.935355941901232
Desulfohalobiaceae	0.535637334748584	0.911251748746642	0.89472367451589	0.0954957644078664	0.729194991712778	0.963786182127142	0.961550192496364
Desulfomicrobiaceae	0.292103171185179	0.586814837777689	0.588889035756803	-0.16862128072368	0.680288385794873	0.938144327682969	0.935355941901232
Desulfovibrionaceae	0.481085749972795	0.515250156544681	0.531612151691475	0.199431810198628	0.688219892322192	0.938144327682969	0.935355941901232
Desulfurellaceae	0.142028680793403	0.975490576018138	0.981650147750502	-0.224672863304935	0.680288385794873	0.985054209116355	0.99044975265733
Desulfurobacteriaceae	0.315724404024512	0.45793580361409	0.45239448661857	-0.146216907081848	0.680288385794873	0.938144327682969	0.935355941901232
Desulfurococcaceae	0.221472695155156	0.425791321335961	0.434347606747028	-0.17889627537632	0.680288385794873	0.938144327682969	0.935355941901232
Desulfuromonadaceae	0.298319876252119	0.601323627689702	0.601829671553647	-0.151916016129894	0.680288385794873	0.938144327682969	0.935355941901232
Dictyoglomaceae	0.446375794936623	0.548230074842204	0.551046733192523	-0.13720166506075	0.680288385794873	0.938144327682969	0.935355941901232
Dietziaceae	0.218668586187395	0.418780775788183	0.417075087346387	-0.208570847789064	0.680288385794873	0.938144327682969	0.935355941901232
Dipodascaceae	0.285438099880719	0.590602676630024	0.582665077687232	-0.20089652496572	0.680288385794873	0.938144327682969	0.935355941901232
Dysgonamonadaceae	0.160605238553101	0.385639615205268	0.383031877257686	-0.237644302900527	0.680288385794873	0.938144327682969	0.935355941901232
Ectothiorhodospiraceae	0.344993085877212	0.407319992811967	0.408158221879407	-0.154343034312416	0.680288385794873	0.938144327682969	0.935355941901232
Eggerthellaceae	0.750930271345798	0.77592307293951	0.774000918812479	0.0901831376806344	0.834404930306685	0.951933217298618	0.950866638169487
Egibacteraceae	0.228890422665102	0.594000495768024	0.593588711380395	-0.22523295349985	0.680288385794873	0.938144327682969	0.935355941901232
Egicoccaceae	0.248851821007688	0.0685227521347277	0.0686208735977983	-0.223741326158921	0.680288385794873	0.938144327682969	0.935355941901232
Elusimicrobiaceae	0.632582161350163	0.679115557658381	0.667942270108205	-0.0736567008716218	0.763963638802749	0.938144327682969	0.935355941901232
Emcibacteraceae	0.17820110239261	0.687223183180025	0.687439868986913	-0.20586341122005	0.680288385794873	0.938144327682969	0.935355941901232
Endomicrobiaceae	0.152311781610302	0.138611893385633	0.141622692124286	-0.244387651048392	0.680288385794873	0.938144327682969	0.935355941901232
Endozoicomonadaceae	0.230088731994532	0.790375831285328	0.788405747523598	-0.197857753396831	0.680288385794873	0.951933217298618	0.950866638169487
Enterobacteriaceae	0.654564378666677	0.419974488952595	0.393604066761841	-0.0969489993341036	0.772528331915894	0.938144327682969	0.935355941901232
Enterococcaceae	0.324996146009985	0.925333418590605	0.930766390747517	-0.14159815559856	0.680288385794873	0.964712086924392	0.966420748457603
Entomoplasmataceae	0.51874332914796	0.475119385740104	0.481006728863709	-0.144736528057742	0.714312338265238	0.938144327682969	0.935355941901232
Erwiniaceae	0.317838662158875	0.823003851569586	0.815949512585103	-0.126242518903947	0.680288385794873	0.951933217298618	0.950866638169487
Erysipelotrichaceae	0.297110174116807	0.460884586036239	0.465414129100968	-0.210501893058856	0.680288385794873	0.938144327682969	0.935355941901232
Erythrobacteraceae	0.449444219568575	0.579434393217624	0.577842465211894	-0.119300098099178	0.680288385794873	0.938144327682969	0.935355941901232
Eubacteriaceae	0.0218681686772011	0.364913295775963	0.369187851445246	-0.341959538993209	0.680288385794873	0.938144327682969	0.935355941901232
Euzebyaceae	0.174749598200946	0.302875876436546	0.303373687721302	-0.272817044425518	0.680288385794873	0.938144327682969	0.935355941901232
Ferrimonadaceae	0.257202950958614	0.256542957600716	0.254901840967386	-0.188541120617528	0.680288385794873	0.938144327682969	0.935355941901232
Ferroplasmaceae	0.464973809319991	0.357788708180731	0.356546126639072	-0.156474997993093	0.680288385794873	0.938144327682969	0.935355941901232
Fervidobacteriaceae	0.196266050965425	0.399697083348033	0.401528618767064	-0.204671807217922	0.680288385794873	0.938144327682969	0.935355941901232
Fibrobacteraceae	0.144609075600882	0.432781695876575	0.428723096142666	-0.273320298993294	0.680288385794873	0.938144327682969	0.935355941901232
Fimbriimonadaceae	0.429167916088192	0.425168917319929	0.434276583253253	-0.113708587744279	0.680288385794873	0.938144327682969	0.935355941901232
Flammeovirgaceae	0.251977019182139	0.165978098521988	0.167414485543004	-0.13706605819093	0.680288385794873	0.938144327682969	0.935355941901232
Flavobacteriaceae	0.214927451598154	0.288012509986804	0.285907989954439	-0.146316546289489	0.680288385794873	0.938144327682969	0.935355941901232
Francisellaceae	0.509195709789598	0.730120029961532	0.734667636642496	-0.0966706707499496	0.706835014937043	0.938144327682969	0.938843257744133
Frankiaceae	0.45272779200771	0.529919193727292	0.529267314394047	-0.121330247501026	0.680288385794873	0.938144327682969	0.935355941901232
Fusobacteriaceae	0.788477929782016	0.747703488279622	0.754920426675032	-0.0438775983022505	0.856679607252612	0.947246025962431	0.946293143995838
Gallionellaceae	0.616615060958024	0.696239320868673	0.698764056889501	-0.0678594234399327	0.756688690772576	0.938144327682969	0.936138573021095
Gemmataceae	0.31516167665423	0.347951745891343	0.350758307376619	-0.166210363257064	0.680288385794873	0.938144327682969	0.935355941901232
Gemmatimonadaceae	0.381928017413776	0.564034842805191	0.560114358944124	-0.149505035215385	0.680288385794873	0.938144327682969	0.935355941901232
Geobacteraceae	0.282022953744422	0.483950265760233	0.477923339222784	-0.169611465699253	0.680288385794873	0.938144327682969	0.935355941901232
Geodermatophilaceae	0.308960029683535	0.344670988327396	0.341558835621635	-0.182528418764505	0.680288385794873	0.938144327682969	0.935355941901232
Gloeobacteraceae	0.215322924122244	0.412163961533859	0.409091063739705	-0.224042285002124	0.680288385794873	0.938144327682969	0.935355941901232
Gloeomargaritaceae	0.0471509431607625	0.506429756242934	0.499227872199328	-0.315916853953039	0.680288385794873	0.938144327682969	0.935355941901232
Glomerellaceae	0.933162273854184	0.960980607213043	0.957634835895403	-0.0120593851864017	0.955424594502793	0.980009926167757	0.980480995002252
Glycomycetaceae	0.126215808409779	0.331532270574749	0.330218157550674	-0.304186886101971	0.680288385794873	0.938144327682969	0.935355941901232
Gomontiellaceae	0.638890146387322	0.502064919357658	0.50957239981348	-0.0828573942481787	0.766966026548883	0.938144327682969	0.935355941901232
Gordoniaceae	0.699049616898262	0.819379864424989	0.821088420163081	-0.0629867225878763	0.803594983711171	0.951933217298618	0.950866638169487
Gottschalkiaceae	0.980172378693333	0.97013264061133	0.965689098112535	0.00480476008261503	0.987359186271403	0.983500610068573	0.986666313851279
Granulosicoccaceae	0.250909972635171	0.148419256063446	0.147136008347496	-0.171095147600403	0.680288385794873	0.938144327682969	0.935355941901232
Hafniaceae	0.39924105197274	0.60712885486738	0.611357664664461	-0.110629827188533	0.680288385794873	0.938144327682969	0.935355941901232
Hahellaceae	0.281936766186828	0.824251610433437	0.820090158394446	-0.146962996305617	0.680288385794873	0.951933217298618	0.950866638169487
Halanaerobiaceae	0.616963971257666	0.705313664150466	0.707269732452044	-0.0708778017754124	0.756688690772576	0.938144327682969	0.936138573021095
Halieaceae	0.196345732353199	0.542022487739344	0.54036924403254	-0.187853067257715	0.680288385794873	0.938144327682969	0.935355941901232
Haliscomenobacteraceae	0.0153443147021631	0.209703763760201	0.202973748346243	-0.356650631454134	0.680288385794873	0.938144327682969	0.935355941901232
Haloarculaceae	0.198732240272447	0.506476499565679	0.501419715253346	-0.221148067345869	0.680288385794873	0.938144327682969	0.935355941901232
Halobacteriaceae	0.475298821703123	0.486245330910952	0.486755309616051	-0.134157450483601	0.681835357039299	0.938144327682969	0.935355941901232
Halobacteriovoraceae	0.863416985097377	0.637181675273498	0.640287081478469	-0.0340270564156826	0.907468872092141	0.938144327682969	0.935355941901232
Halobacteroidaceae	0.708123317897308	0.713125856159835	0.717147424976182	0.0594261265804041	0.806161137105481	0.938144327682969	0.936138573021095
Haloferacaceae	0.57661628022025	0.715751116323144	0.711589039591855	-0.0886358060033326	0.747684242185291	0.938144327682969	0.936138573021095
Halomonadaceae	0.362047793624676	0.589517378979802	0.58634998075914	-0.133381421576393	0.680288385794873	0.938144327682969	0.935355941901232
Halorubraceae	0.824515551802798	0.992260089206687	0.995809387256194	-0.0378132394042321	0.886483317700294	0.996128549593458	0.995809387256194
Halothiobacillaceae	0.291998147801506	0.846975986786598	0.851167334872125	-0.209330806231248	0.680288385794873	0.951933217298618	0.950866638169487
Hapalosiphonaceae	0.890855618106154	0.577795288932121	0.587842758931398	0.0212614366089911	0.926849784494282	0.938144327682969	0.935355941901232
Helicobacteraceae	0.403677750780137	0.37839466895098	0.379106904184277	-0.11310124087633	0.680288385794873	0.938144327682969	0.935355941901232
Heliobacteriaceae	0.378261630108665	0.447867223498757	0.441492891773331	-0.138047530552901	0.680288385794873	0.938144327682969	0.935355941901232
Holosporaceae	0.571901105378403	0.99800416615305	0.98845753910945	-0.099425888437864	0.744255888120196	0.99800416615305	0.990982351731158
Hungateiclostridiaceae	0.212097713157566	0.670022231786598	0.668688290140678	-0.156146754892966	0.680288385794873	0.938144327682969	0.935355941901232
Hydrogenophilaceae	0.957182354964846	0.165907497520426	0.17397231305938	0.0100389139975565	0.973154347495584	0.938144327682969	0.935355941901232
Hydrogenothermaceae	0.688340616224294	0.819132543083104	0.819257450252669	-0.0718083451595167	0.801987951312111	0.951933217298618	0.950866638169487
Hyellaceae	0.255349921209249	0.449943262255267	0.434389699238317	-0.234213920560027	0.680288385794873	0.938144327682969	0.935355941901232
Hymenobacteraceae	0.279743901157715	0.3432923290485	0.339761053827946	-0.154430171055813	0.680288385794873	0.938144327682969	0.935355941901232
Hyphomicrobiaceae	0.416407352804485	0.370180184194538	0.370695413662114	-0.122273051967939	0.680288385794873	0.938144327682969	0.935355941901232
Hyphomonadaceae	0.716343667515571	0.701904002173217	0.69913638697738	-0.0571304334604019	0.809841647669176	0.938144327682969	0.936138573021095
Iamiaceae	0.235515044507409	0.225435036821232	0.224939332475047	-0.214363145310617	0.680288385794873	0.938144327682969	0.935355941901232
Ichthyobacteriaceae	0.165690383588693	0.648689846716723	0.658047056879129	0.268571462833294	0.680288385794873	0.938144327682969	0.935355941901232
Idiomarinaceae	0.1325975756685	0.297108112271437	0.293225040025042	-0.201606874425795	0.680288385794873	0.938144327682969	0.935355941901232
Ignavibacteriaceae	0.596611591590516	0.457446220907516	0.463267312400213	0.0983519834866481	0.753075906051754	0.938144327682969	0.935355941901232
Ilumatobacteraceae	0.340093832446573	0.772480153810708	0.770809046152824	-0.213367173265281	0.680288385794873	0.951933217298618	0.950866638169487
Immundisolibacteraceae	0.919810858732044	0.884284396861673	0.886160785599232	-0.0184420548416268	0.947405184494005	0.961087634100331	0.961249169168822
Intrasporangiaceae	0.443730174663123	0.543352527542025	0.545007647908706	-0.131249020648655	0.680288385794873	0.938144327682969	0.935355941901232
Isosphaeraceae	0.591813698609938	0.478616058884212	0.48222628508151	-0.0940918646793683	0.75255322168918	0.938144327682969	0.935355941901232
Jiangellaceae	0.795407190919584	0.686776067248041	0.690695449310569	-0.0496443227445795	0.862388849102286	0.938144327682969	0.935355941901232
Jonesiaceae	0.307981133626557	0.221095227432679	0.22864964736425	-0.18206831167926	0.680288385794873	0.938144327682969	0.935355941901232
Kangiellaceae	0.145712972988139	0.273078746847499	0.273115352162275	-0.235833752092799	0.680288385794873	0.938144327682969	0.935355941901232
Kineosporiaceae	0.537432939695549	0.728325562688209	0.724598061875201	-0.136850717005463	0.729194991712778	0.938144327682969	0.936138573021095
Kiritimatiellaceae	0.607439127413842	0.705042220167502	0.709805051163926	-0.10405909539116	0.755327247295266	0.938144327682969	0.936138573021095
Kofleriaceae	0.175929296310992	0.413803634268262	0.414511690358223	-0.251131086254881	0.680288385794873	0.938144327682969	0.935355941901232
Kosmotogaceae	0.372821959470052	0.673587508612618	0.673631580243386	-0.114275146874418	0.680288385794873	0.938144327682969	0.935355941901232
Ktedonosporobacteraceae	0.0779855798376901	0.562163170266698	0.553706408158065	-0.305242635615297	0.680288385794873	0.938144327682969	0.935355941901232
Labilitrichaceae	0.335692423221016	0.328372504386202	0.332281457222484	-0.161149401185592	0.680288385794873	0.938144327682969	0.935355941901232
Lachnospiraceae	0.707439535335137	0.598345919484209	0.611924886481514	-0.0514714947013871	0.806161137105481	0.938144327682969	0.935355941901232
Lacipirellulaceae	0.321936812988205	0.913854766597733	0.91546210266384	-0.167362910121267	0.680288385794873	0.963786182127142	0.966112669819421
Lactobacillaceae	0.879252314702058	0.95056412795011	0.951654683795596	0.0260913818132329	0.920355573316178	0.978055852633592	0.980204324309464
Legionellaceae	0.274011944971295	0.295150900400581	0.292643698996141	-0.13115986571157	0.680288385794873	0.938144327682969	0.935355941901232
Leptolyngbyaceae	0.0796100910419069	0.4263037770025	0.421282995486808	-0.246359243937961	0.680288385794873	0.938144327682969	0.935355941901232
Leptospiraceae	0.140835041065535	0.295778463152654	0.28982557421772	-0.192381211871857	0.680288385794873	0.938144327682969	0.935355941901232
Leptotrichiaceae	0.500869099899801	0.429371314263842	0.429559621379675	-0.104672915636027	0.704916853415802	0.938144327682969	0.935355941901232
Leuconostocaceae	0.0105023448734876	0.0512879157274552	0.0515846309692811	-0.493962632885487	0.680288385794873	0.938144327682969	0.935355941901232
Lichenihabitantaceae	0.655524040868438	0.323091327006991	0.325443398226031	-0.0850301528039238	0.772528331915894	0.938144327682969	0.935355941901232
Limnochordaceae	0.0533153352233896	0.276166372237869	0.273320842241507	-0.344254848887018	0.680288385794873	0.938144327682969	0.935355941901232
Listeriaceae	0.474129969341425	0.473005306340873	0.476794140087759	-0.094160313637336	0.681835357039299	0.938144327682969	0.935355941901232
Litoricolaceae	0.383865909648324	0.809914111364743	0.803357064416982	-0.153854176168973	0.680288385794873	0.951933217298618	0.950866638169487
Magnetococcaceae	0.414259676057264	0.170320134112613	0.171612599390372	-0.138933143882893	0.680288385794873	0.938144327682969	0.935355941901232
Malasseziaceae	0.273141507530852	0.352179714627633	0.352956129043291	-0.213853981343027	0.680288385794873	0.938144327682969	0.935355941901232
Marinifilaceae	0.346268141099609	0.459644289536638	0.460922845918373	-0.152562431325948	0.680288385794873	0.938144327682969	0.935355941901232
Marinilabiliaceae	0.0557524782416412	0.279920505305525	0.284314710254937	-0.289223262687982	0.680288385794873	0.938144327682969	0.935355941901232
Mariprofundaceae	0.59398350092484	0.638189957769354	0.646619027391968	-0.0800527245081871	0.753075906051754	0.938144327682969	0.935355941901232
Melioribacteraceae	0.305601187141667	0.809857608693932	0.807269258116438	-0.186244122834613	0.680288385794873	0.951933217298618	0.950866638169487
Merismopediaceae	0.41004471512745	0.707199139971396	0.691534870673248	-0.111998168393778	0.680288385794873	0.938144327682969	0.935355941901232
Mesoaciditogaceae	0.228488566897677	0.801163341001127	0.794905561953479	-0.221733862134692	0.680288385794873	0.951933217298618	0.950866638169487
Methanobacteriaceae	0.0246301680656282	0.207880975566168	0.208666643925066	-0.977673342624422	0.680288385794873	0.938144327682969	0.935355941901232
Methanocaldococcaceae	0.411303169710386	0.492410546163774	0.493546544505855	-0.176803115801686	0.680288385794873	0.938144327682969	0.935355941901232
Methanocellaceae	0.457260602378988	0.380829067686328	0.376225085659136	-0.12631758919799	0.680288385794873	0.938144327682969	0.935355941901232
Methanococcaceae	0.551072854168048	0.409659248353228	0.407842215691505	-0.0902810101296007	0.735747750762219	0.938144327682969	0.935355941901232
Methanocorpusculaceae	0.256789150391253	0.48536473028623	0.479269440246608	-0.17017818680102	0.680288385794873	0.938144327682969	0.935355941901232
Methanomassiliicoccaceae	0.201624863222943	0.649988337628306	0.644073450160556	-0.194139939142443	0.680288385794873	0.938144327682969	0.935355941901232
Methanomicrobiaceae	0.64804860199408	0.137474812158543	0.138808351412115	-0.0604779316444535	0.772168836076516	0.938144327682969	0.935355941901232
Methanopyraceae	0.272922398986073	0.8153879655347	0.819823325398705	-0.223354768219064	0.680288385794873	0.951933217298618	0.950866638169487
Methanoregulaceae	0.350855442635633	0.357540537762495	0.357723600106714	-0.161874252164965	0.680288385794873	0.938144327682969	0.935355941901232
Methanosarcinaceae	0.371856357464627	0.496659699584308	0.493456511487675	-0.100997136097947	0.680288385794873	0.938144327682969	0.935355941901232
Methanospirillaceae	0.294955304123675	0.487983715119373	0.461605260141973	-0.151187178164437	0.680288385794873	0.938144327682969	0.935355941901232
Methanothermaceae	0.438232216356228	0.420859442253239	0.448440515076157	0.168802090926519	0.680288385794873	0.938144327682969	0.935355941901232
Methanotrichaceae	0.187061955017253	0.346140280262699	0.341306815171668	-0.257611704217364	0.680288385794873	0.938144327682969	0.935355941901232
Methylacidiphilaceae	0.755573280954074	0.446236473860415	0.443613263671898	-0.0503150277453829	0.834404930306685	0.938144327682969	0.935355941901232
Methylobacteriaceae	0.38770678138539	0.589185914544718	0.589199057928629	-0.145313814262387	0.680288385794873	0.938144327682969	0.935355941901232
Methylococcaceae	0.169179413116824	0.510223721494323	0.507831103695355	-0.173812395100037	0.680288385794873	0.938144327682969	0.935355941901232
Methylocystaceae	0.405712298416065	0.205515935904868	0.206953732411428	-0.125376317737823	0.680288385794873	0.938144327682969	0.935355941901232
Methylophilaceae	0.775639909670778	0.923406799445568	0.934083459893979	-0.0364865431127677	0.846302020085701	0.964712086924392	0.96791344435694
Microbacteriaceae	0.45763545479372	0.533925969856955	0.534561902672791	-0.120995570506419	0.680288385794873	0.938144327682969	0.935355941901232
Microbulbiferaceae	0.533993167487593	0.522315470881892	0.525639123738744	-0.0873179588055804	0.729194991712778	0.938144327682969	0.935355941901232
Micrococcaceae	0.0331874735777308	0.333316969037545	0.335494799578708	-0.333517601126837	0.680288385794873	0.938144327682969	0.935355941901232
Microcoleaceae	0.188674077573775	0.211236548356138	0.212763857547837	-0.15278335276029	0.680288385794873	0.938144327682969	0.935355941901232
Microcystaceae	0.249271095848116	0.43448236482073	0.444394395803174	-0.14413456887684	0.680288385794873	0.938144327682969	0.935355941901232
Micromonosporaceae	0.362743122095602	0.499709725562306	0.497982215607639	-0.158945097061588	0.680288385794873	0.938144327682969	0.935355941901232
Moraxellaceae	0.438627220793408	0.6862811693656	0.686207874884648	-0.0906259751395845	0.680288385794873	0.938144327682969	0.935355941901232
Morganellaceae	0.205744242932734	0.401385912537287	0.399090140786854	-0.14698421693515	0.680288385794873	0.938144327682969	0.935355941901232
Moritellaceae	0.291128472913232	0.339931614548813	0.341970572377116	-0.172297390391955	0.680288385794873	0.938144327682969	0.935355941901232
Muribaculaceae	0.472729616591276	0.572747476117982	0.569125174205755	-0.133162559912985	0.681835357039299	0.938144327682969	0.935355941901232
Mycobacteriaceae	0.33691230193405	0.504137014943573	0.50186235911906	-0.15157813613271	0.680288385794873	0.938144327682969	0.935355941901232
Mycoplasmataceae	0.338470633612922	0.34380474995072	0.34859312602278	-0.153910695741435	0.680288385794873	0.938144327682969	0.935355941901232
Mycosphaerellaceae	0.155996354815047	0.346374513240781	0.345247501010287	-0.201783296628929	0.680288385794873	0.938144327682969	0.935355941901232
Myxococcaceae	0.367011453305894	0.529857370025202	0.528536875746717	-0.160069667677834	0.680288385794873	0.938144327682969	0.935355941901232
Nakamurellaceae	0.222785720937596	0.540055963994207	0.535457314430481	-0.213898758943027	0.680288385794873	0.938144327682969	0.935355941901232
Natranaerobiaceae	0.413525057347151	0.657305631649006	0.649975917510243	0.132671467971305	0.680288385794873	0.938144327682969	0.935355941901232
Natrialbaceae	0.557703484446417	0.666290123792878	0.664174188395957	-0.086699084687675	0.738347800745257	0.938144327682969	0.935355941901232
Nautiliaceae	0.309759615135776	0.530822645594631	0.534442220690724	-0.179770152806515	0.680288385794873	0.938144327682969	0.935355941901232
Nectriaceae	0.154260059383929	0.409694391851872	0.402810099357241	-0.169798041394679	0.680288385794873	0.938144327682969	0.935355941901232
Neisseriaceae	0.369143241578399	0.787108845124074	0.780575054459509	-0.122243190729472	0.680288385794873	0.951933217298618	0.950866638169487
Nitrosomonadaceae	0.205867856724852	0.471953024520787	0.466340690260386	-0.166094146804299	0.680288385794873	0.938144327682969	0.935355941901232
Nitrosopumilaceae	0.423442998528675	0.829854167739373	0.837922154737494	-0.156630316368589	0.680288385794873	0.951933217298618	0.950866638169487
Nitrososphaeraceae	0.636103875003266	0.458609193143597	0.45956808865636	-0.0743663471933602	0.765405363613744	0.938144327682969	0.935355941901232
Nitrospiraceae	0.280961669644962	0.1362751348639	0.135236359169512	-0.143483281564178	0.680288385794873	0.938144327682969	0.935355941901232
Nocardiaceae	0.360742361572629	0.559120065612382	0.553689642710651	-0.148579114711052	0.680288385794873	0.938144327682969	0.935355941901232
Nocardioidaceae	0.359136861831809	0.401089242399375	0.399458700806721	-0.161252530051432	0.680288385794873	0.938144327682969	0.935355941901232
Nocardiopsaceae	0.610128417232681	0.931632301268468	0.927851102566602	-0.0827248832750304	0.755327247295266	0.969274010410628	0.966420748457603
Nostocaceae	0.414335014891779	0.523303394728286	0.517507064410058	-0.0865835652179858	0.680288385794873	0.938144327682969	0.935355941901232
Oceanospirillaceae	0.194191511571404	0.935615413292038	0.921713743431841	-0.166304965006449	0.680288385794873	0.971455519849596	0.966420748457603
Odoribacteraceae	0.680012750573543	0.856594700987063	0.85266352766939	0.113038761707412	0.794258184722639	0.951933217298618	0.950866638169487
Oleiphilaceae	0.756635150394605	0.51620383028052	0.516036148400306	-0.0495833174486268	0.834404930306685	0.938144327682969	0.935355941901232
Opitutaceae	0.577821996873293	0.898260831773078	0.90180338441892	-0.0880162103156803	0.747684242185291	0.963786182127142	0.961550192496364
Orbaceae	0.348434153433047	0.47126809941831	0.460480754362011	-0.147370642057875	0.680288385794873	0.938144327682969	0.935355941901232
Oscillatoriaceae	0.585002211870546	0.636667286399724	0.643406991549384	-0.0797171010618287	0.751976516534474	0.938144327682969	0.935355941901232
Oscillospiraceae	0.259110213412398	0.20092003416664	0.207574085681491	-0.175281639092691	0.680288385794873	0.938144327682969	0.935355941901232
Oxalobacteraceae	0.145082565322674	0.681986975189964	0.681509888602361	-0.262689748314839	0.680288385794873	0.938144327682969	0.935355941901232
Paenibacillaceae	0.306237992393165	0.612350068246773	0.606062554624345	-0.122178036884001	0.680288385794873	0.938144327682969	0.935355941901232
Paludibacteraceae	0.0483696426265506	0.239648449850829	0.235742934892765	-0.387648339264717	0.680288385794873	0.938144327682969	0.935355941901232
Parachlamydiaceae	0.12110193934359	0.9205039878331	0.927750649491027	-0.257945090430785	0.680288385794873	0.964712086924392	0.966420748457603
Parvularculaceae	0.110815603197446	0.221346637735992	0.228463797548206	-0.305935405373946	0.680288385794873	0.938144327682969	0.935355941901232
Pasteurellaceae	0.03247709821866	0.510468766981505	0.501601810354295	-0.312698738209688	0.680288385794873	0.938144327682969	0.935355941901232
Pectobacteriaceae	0.202121305745562	0.831825486393343	0.824785162901926	-0.159939797966065	0.680288385794873	0.951933217298618	0.950866638169487
Pelagibacteraceae	0.451132150528269	0.496245455905978	0.496312147594315	-0.1613083807689	0.680288385794873	0.938144327682969	0.935355941901232
Peptococcaceae	0.307374404142353	0.58937388235718	0.58542302070961	-0.123428711854611	0.680288385794873	0.938144327682969	0.935355941901232
Peptoniphilaceae	0.32797471156608	0.974200739242778	0.974528805459424	-0.127215686918797	0.680288385794873	0.985054209116355	0.987397347362988
Peptostreptococcaceae	0.145133296616295	0.882285080543482	0.878516727625047	-0.177492320917351	0.680288385794873	0.961087634100331	0.960103117728614
Petrotogaceae	0.057539076469162	0.109982292341085	0.108125823198917	-0.354227508517127	0.680288385794873	0.938144327682969	0.935355941901232
Phaffomycetaceae	0.269946743915298	0.310384380782592	0.315787766548523	-0.177950487295246	0.680288385794873	0.938144327682969	0.935355941901232
Phycisphaeraceae	0.887143031015837	0.372009569951978	0.380514735128273	0.0310515485252677	0.924855589014486	0.938144327682969	0.935355941901232
Phyllobacteriaceae	0.406315505060345	0.536109307864418	0.536513269404586	-0.121103653430564	0.680288385794873	0.938144327682969	0.935355941901232
Pichiaceae	0.101643808233908	0.178950091170498	0.178032068214411	-0.241153233788541	0.680288385794873	0.938144327682969	0.935355941901232
Picrophilaceae	0.467252111624316	0.80154945556028	0.79663392839576	-0.196879975728717	0.681568798414921	0.951933217298618	0.950866638169487
Pirellulaceae	0.2475360335811	0.209307711880538	0.207737946950009	-0.152612966066669	0.680288385794873	0.938144327682969	0.935355941901232
Piscirickettsiaceae	0.291841893942917	0.870709343576524	0.866375466580369	-0.128581845020801	0.680288385794873	0.958381757587279	0.951350459038145
Planctomycetaceae	0.303830443622045	0.504217513315041	0.499903482670324	-0.147763593319213	0.680288385794873	0.938144327682969	0.935355941901232
Planococcaceae	0.322328196520278	0.486558885462818	0.485698526774494	-0.120466930347351	0.680288385794873	0.938144327682969	0.935355941901232
Polyangiaceae	0.413190838003867	0.296553346309182	0.297861914357449	-0.134380334202386	0.680288385794873	0.938144327682969	0.935355941901232
Porphyromonadaceae	0.572282197467179	0.615204051174	0.612758454030627	-0.0991899728593036	0.744255888120196	0.938144327682969	0.935355941901232
Prevotellaceae	0.0537700598834571	0.231346259953255	0.218695441842524	-0.442338652798619	0.680288385794873	0.938144327682969	0.935355941901232
Prochloraceae	0.935590251553375	0.567503445055041	0.572348837062279	-0.013617256353126	0.9560098800595	0.938144327682969	0.935355941901232
Prochlorotrichaceae	0.529510340640403	0.960161009772637	0.967507744650283	-0.0954429337690148	0.727194201146154	0.980009926167757	0.986666313851279
Prolixibacteraceae	0.152332159062701	0.307285424048722	0.306678730502942	-0.202367557192739	0.680288385794873	0.938144327682969	0.935355941901232
Promicromonosporaceae	0.835837508687203	0.527723519909254	0.53089016921752	-0.0364245246639267	0.893062898286119	0.938144327682969	0.935355941901232
Propionibacteriaceae	0.694873640012617	0.203690907546194	0.201369636534938	-0.0591422005212149	0.801987951312111	0.938144327682969	0.935355941901232
Pseudanabaenaceae	0.0485940511932566	0.401977375489019	0.38802186334881	-0.283799215029319	0.680288385794873	0.938144327682969	0.935355941901232
Pseudoalteromonadaceae	0.464795949610743	0.619023295778718	0.615606034964527	-0.09169535032399	0.680288385794873	0.938144327682969	0.935355941901232
Pseudomonadaceae	0.290323183135639	0.470101815476343	0.465967485412219	-0.162752815664268	0.680288385794873	0.938144327682969	0.935355941901232
Pseudonocardiaceae	0.350845287962838	0.587102761005591	0.584598582727796	-0.156106859599579	0.680288385794873	0.938144327682969	0.935355941901232
Psychromonadaceae	0.819959426118099	0.818338488162179	0.821951126006884	0.0384483413278974	0.883429088809249	0.951933217298618	0.950866638169487
Puniceicoccaceae	0.958037386757788	0.572479666150306	0.570782048413819	-0.0109101441331832	0.973154347495584	0.938144327682969	0.935355941901232
Pyriculariaceae	0.243836034290295	0.396926075463344	0.392549185666019	-0.137356100947786	0.680288385794873	0.938144327682969	0.935355941901232
Pyrodictiaceae	0.562873542576199	0.388894171636891	0.405542389878945	-0.094985165261674	0.739373132822194	0.938144327682969	0.935355941901232
Rhizobiaceae	0.392734520915579	0.69930542180819	0.695845008198233	-0.121826432610478	0.680288385794873	0.938144327682969	0.936138573021095
Rhodanobacteraceae	0.379066870381976	0.293127945086977	0.292616150918322	-0.138706166892372	0.680288385794873	0.938144327682969	0.935355941901232
Rhodobacteraceae	0.351848682596505	0.707350482964696	0.703960117512243	-0.142238639165023	0.680288385794873	0.938144327682969	0.936138573021095
Rhodobiaceae	0.295673344160332	0.504760850307307	0.504803181171293	-0.171581368114626	0.680288385794873	0.938144327682969	0.935355941901232
Rhodocyclaceae	0.60246356054688	0.886560803664237	0.897562548223697	-0.0798572612305455	0.75327322737447	0.961087634100331	0.961550192496364
Rhodospirillaceae	0.389677386844955	0.627161254499086	0.624029518076286	-0.135633896094779	0.680288385794873	0.938144327682969	0.935355941901232
Rhodothermaceae	0.176306217395641	0.252676558336957	0.249336134594317	-0.221026535700635	0.680288385794873	0.938144327682969	0.935355941901232
Rickettsiaceae	0.651822393286718	0.833436425855147	0.845616337156707	-0.0775420080331459	0.772168836076516	0.951933217298618	0.950866638169487
Rikenellaceae	0.650060003505146	0.326655100024887	0.318656306751933	0.182060249066579	0.772168836076516	0.938144327682969	0.935355941901232
Rivulariaceae	0.076071542900831	0.204707844877297	0.204714846895022	-0.28312574540296	0.680288385794873	0.938144327682969	0.935355941901232
Roseiflexaceae	0.10396600387748	0.658422050613964	0.648655318152354	-0.246926173871056	0.680288385794873	0.938144327682969	0.935355941901232
Ruaniaceae	0.397633980776283	0.869688521210534	0.865531897395772	-0.154416954694683	0.680288385794873	0.958381757587279	0.951350459038145
Rubrobacteraceae	0.446419565509857	0.306178306555219	0.308125710585054	-0.125566208303365	0.680288385794873	0.938144327682969	0.935355941901232
Ruminococcaceae	0.75487295380365	0.784489087362773	0.79712410808954	-0.0378842765475886	0.834404930306685	0.951933217298618	0.950866638169487
Saccharomycetaceae	0.215221762103866	0.855457319431363	0.837541894654401	-0.187567747583439	0.680288385794873	0.951933217298618	0.950866638169487
Saccharospirillaceae	0.142138150152595	0.660009383169167	0.652864950885461	-0.198777409761716	0.680288385794873	0.938144327682969	0.935355941901232
Salinisphaeraceae	0.131529925155216	0.796103755963941	0.810853747686927	-0.306289026453507	0.680288385794873	0.951933217298618	0.950866638169487
Salinivirgaceae	0.0484875204291473	0.00781808194311188	0.00782139719099423	-0.348988508356935	0.680288385794873	0.938144327682969	0.935355941901232
Sandaracinaceae	0.609896785289905	0.521960173787861	0.522449300076623	-0.0927222005991609	0.755327247295266	0.938144327682969	0.935355941901232
Sanguibacteraceae	0.590467315442461	0.166075831664531	0.167804197365179	-0.0977492061434756	0.75255322168918	0.938144327682969	0.935355941901232
Saprospiraceae	0.0172207960143571	0.346368939002409	0.338641414151058	-0.484551166786741	0.680288385794873	0.938144327682969	0.935355941901232
Schizosaccharomycetaceae	0.289827499133722	0.420826762433475	0.422550447147791	-0.184290891670189	0.680288385794873	0.938144327682969	0.935355941901232
Sclerotiniaceae	0.279958364972166	0.459080946793426	0.45774015632905	-0.157580593772876	0.680288385794873	0.938144327682969	0.935355941901232
Scytonemataceae	0.0118236050228266	0.126301515414756	0.122095183550944	-0.427010159988953	0.680288385794873	0.938144327682969	0.935355941901232
Sedimentisphaeraceae	0.384638717985355	0.351473848393615	0.351239173472336	-0.114824174354136	0.680288385794873	0.938144327682969	0.935355941901232
Segniliparaceae	0.591409203393761	0.342342486145133	0.343384543363591	-0.11110204235352	0.75255322168918	0.938144327682969	0.935355941901232
Selenomonadaceae	0.250284930465513	0.557742953312168	0.545056905379266	-0.230635803267895	0.680288385794873	0.938144327682969	0.935355941901232
Shewanellaceae	0.22836681670487	0.38762443390823	0.381935945813995	-0.142895179399214	0.680288385794873	0.938144327682969	0.935355941901232
Silvanigrellaceae	0.262292473752864	0.155272894255325	0.159345377533596	-0.229944877774285	0.680288385794873	0.938144327682969	0.935355941901232
Simkaniaceae	0.173302212679494	0.0765235333231389	0.0751633706224948	-0.283024162687646	0.680288385794873	0.938144327682969	0.935355941901232
Sinobacteraceae	0.279463331250002	0.103516082360502	0.104068081939862	-0.182535047965001	0.680288385794873	0.938144327682969	0.935355941901232
Solibacteraceae	0.350076333731442	0.336618214483976	0.32795252931407	-0.154432825451621	0.680288385794873	0.938144327682969	0.935355941901232
Sordariaceae	0.632612648319478	0.908593427377379	0.900422907963711	-0.0665826976508253	0.763963638802749	0.963786182127142	0.961550192496364
Sphaerobacteraceae	0.827195700893478	0.720276237754248	0.724017464803733	-0.0397729989785941	0.887512054083628	0.938144327682969	0.936138573021095
Sphingobacteriaceae	0.149672413252785	0.363470651008529	0.358541130927212	-0.149040878572842	0.680288385794873	0.938144327682969	0.935355941901232
Sphingomonadaceae	0.462668905844518	0.641999852224376	0.639452098929212	-0.111101939667195	0.680288385794873	0.938144327682969	0.935355941901232
Spirochaetaceae	0.225063271255994	0.439867876955473	0.440526657765371	-0.1448176459284	0.680288385794873	0.938144327682969	0.935355941901232
Spiroplasmataceae	0.721198012976646	0.318432950686225	0.322926487538259	-0.0683423055845858	0.809841647669176	0.938144327682969	0.935355941901232
Spongiibacteraceae	0.087342917676969	0.0950814249607811	0.0963315449074263	-0.260977183610091	0.680288385794873	0.938144327682969	0.935355941901232
Sporichthyaceae	0.0162749005121804	0.0988603488286151	0.0969481780512566	-0.441848390723563	0.680288385794873	0.938144327682969	0.935355941901232
Sporolactobacillaceae	0.2219392558356	0.691521779664892	0.686259713762846	-0.155309796442275	0.680288385794873	0.938144327682969	0.935355941901232
Sporomusaceae	0.395744429711745	0.461476166535361	0.459665375447796	-0.103296293191302	0.680288385794873	0.938144327682969	0.935355941901232
Staphylococcaceae	0.185847021987505	0.319249141982798	0.322795836808897	-0.197219475656679	0.680288385794873	0.938144327682969	0.935355941901232
Steroidobacteraceae	0.134085738814868	0.4508200431605	0.442393175220311	-0.237094822798321	0.680288385794873	0.938144327682969	0.935355941901232
Sterolibacteriaceae	0.418916865880497	0.409305377686885	0.411103170274568	-0.130037721267119	0.680288385794873	0.938144327682969	0.935355941901232
Streptococcaceae	0.862227642271341	0.888306240450015	0.894516230378823	-0.0471646174994275	0.907468872092141	0.961087634100331	0.961550192496364
Streptomycetaceae	0.420580282339085	0.494893283446243	0.493361283059267	-0.133587413172439	0.680288385794873	0.938144327682969	0.935355941901232
Streptosporangiaceae	0.320222552969051	0.724160457651649	0.721270499964554	-0.162208152753531	0.680288385794873	0.938144327682969	0.936138573021095
Succinivibrionaceae	0.473457481776147	0.527610670715936	0.527514172448533	-0.114178406118687	0.681835357039299	0.938144327682969	0.935355941901232
Sulfolobaceae	0.893055519744629	0.517089483290905	0.511129144007875	-0.0176101051405134	0.927265307799363	0.938144327682969	0.935355941901232
Sutterellaceae	0.57930205840407	0.284980816179712	0.280305912272924	0.133940759574937	0.747720701950115	0.938144327682969	0.935355941901232
Symbiobacteriaceae	0.200960765070295	0.234272581547829	0.234425979203083	-0.237560165524928	0.680288385794873	0.938144327682969	0.935355941901232
Synechococcaceae	0.315108393125416	0.392015384254394	0.388684031325356	-0.152326000879439	0.680288385794873	0.938144327682969	0.935355941901232
Synergistaceae	0.0824324259306781	0.50222570906498	0.509493657408607	-0.333523016319214	0.680288385794873	0.938144327682969	0.935355941901232
Syntrophaceae	0.0345569065554744	0.650155241660662	0.647440818020526	-0.321598141284349	0.680288385794873	0.938144327682969	0.935355941901232
Syntrophobacteraceae	0.160676976609473	0.417207675774793	0.417719385044725	-0.209991101844557	0.680288385794873	0.938144327682969	0.935355941901232
Syntrophomonadaceae	0.230213417328037	0.909375593689787	0.898936626541836	-0.191712222761626	0.680288385794873	0.963786182127142	0.961550192496364
Tannerellaceae	0.343961816005983	0.634282233471746	0.623143216363008	0.319428003971196	0.680288385794873	0.938144327682969	0.935355941901232
Tepidiformaceae	0.211629771852424	0.634145932892696	0.618234362572983	-0.22320860676429	0.680288385794873	0.938144327682969	0.935355941901232
Thermaceae	0.282035482124857	0.428824181803509	0.429206716293829	-0.162937256067947	0.680288385794873	0.938144327682969	0.935355941901232
Thermoactinomycetaceae	0.20776574867765	0.604536022565521	0.601040157517854	-0.160416950363106	0.680288385794873	0.938144327682969	0.935355941901232
Thermoanaerobacteraceae	0.256363881412319	0.435459299459633	0.43365897591131	-0.137641518298981	0.680288385794873	0.938144327682969	0.935355941901232
Thermoanaerobacterales Family III. Incertae Sedis	0.516488942564258	0.460365063928301	0.462518811235295	-0.0837501866518854	0.713114759840731	0.938144327682969	0.935355941901232
Thermoanaerobacterales Family IV. Incertae Sedis	0.647442544461356	0.99481513611312	0.989058114154981	-0.0535201463506612	0.772168836076516	0.996750574121123	0.990982351731158
Thermococcaceae	0.280013158319113	0.607206634780433	0.608091688207467	-0.133917337634405	0.680288385794873	0.938144327682969	0.935355941901232
Thermodesulfobacteriaceae	0.122364436278579	0.242704197723983	0.245300862490486	-0.202457824004755	0.680288385794873	0.938144327682969	0.935355941901232
Thermodesulfobiaceae	0.351437835659695	0.481334243201086	0.494280615987271	-0.195399835413907	0.680288385794873	0.938144327682969	0.935355941901232
Thermofilaceae	0.602618581899576	0.601707155131295	0.604499722261808	-0.104804282556513	0.75327322737447	0.938144327682969	0.935355941901232
Thermoguttaceae	0.785000677879045	0.955914343953639	0.954315857627553	-0.0486296698919984	0.854704754984584	0.978719457527086	0.980289770913127
Thermomicrobiaceae	0.191281755296648	0.0749624851668208	0.076951145529449	-0.251785586063258	0.680288385794873	0.938144327682969	0.935355941901232
Thermomonosporaceae	0.379820722108094	0.559466289547596	0.555631303677144	-0.160998277951977	0.680288385794873	0.938144327682969	0.935355941901232
Thermoplasmataceae	0.761848357687741	0.463137080148992	0.482453744418475	0.0660794873152144	0.838201406711574	0.938144327682969	0.935355941901232
Thermoproteaceae	0.0668291935643357	0.159990342438523	0.160945670838307	-0.276030323815983	0.680288385794873	0.938144327682969	0.935355941901232
Thermotogaceae	0.107549688041571	0.486339598602017	0.48881006840062	-0.213583783107032	0.680288385794873	0.938144327682969	0.935355941901232
Thioalkalibacteraceae	0.366649230139249	0.204924251990945	0.203903647564961	-0.164344579318069	0.680288385794873	0.938144327682969	0.935355941901232
Thioalkalispiraceae	0.300436641352258	0.56962074032511	0.566330566685401	-0.168707155229685	0.680288385794873	0.938144327682969	0.935355941901232
Thiobacillaceae	0.0478712187169957	0.278704409883287	0.271816813531475	-0.347442707884493	0.680288385794873	0.938144327682969	0.935355941901232
Thiotrichaceae	0.0939742617054961	0.548978652945127	0.540940043317429	-0.253339980506802	0.680288385794873	0.938144327682969	0.935355941901232
Tissierellaceae	0.895478556892345	0.91512901565082	0.922195732079867	-0.0169590898035691	0.927910375854241	0.963786182127142	0.966420748457603
Tolypothrichaceae	0.168113402852475	0.288341036676579	0.291034935464697	-0.28213201599562	0.680288385794873	0.938144327682969	0.935355941901232
Trichocomaceae	0.246688545097065	0.178554490970111	0.182833099348867	-0.175104886431087	0.680288385794873	0.938144327682969	0.935355941901232
Trichomonascaceae	0.513226074853709	0.697615826017139	0.689600703793338	-0.0972585754066611	0.710514592875431	0.938144327682969	0.935355941901232
Trueperaceae	0.473757291627644	0.472274114733718	0.482085836282484	-0.139569154849555	0.681835357039299	0.938144327682969	0.935355941901232
Tsukamurellaceae	0.60852368018755	0.913073918522194	0.914705787372514	-0.090838151141264	0.755327247295266	0.963786182127142	0.966112669819421
Unclassified Acidobacteria Phylum	0.0616278012288174	0.951467926542582	0.974161647382364	-0.485624427588558	0.680288385794873	0.978055852633592	0.987397347362988
Unclassified Actinobacteria Class	0.432498286670809	0.46438349293391	0.463382017374428	-0.121877898264248	0.680288385794873	0.938144327682969	0.935355941901232
Unclassified Actinobacteria Phylum	0.838015749019613	0.855444366302985	0.851712233231981	0.0377852069536478	0.893536461169981	0.951933217298618	0.950866638169487
Unclassified Alphaproteobacteria Class	0.586979727469628	0.669064274989001	0.670565122549564	-0.0856559725400229	0.751976516534474	0.938144327682969	0.935355941901232
Unclassified Alteromonadales Order	0.103255544489739	0.243138123612458	0.23744306978644	-0.219329567830995	0.680288385794873	0.938144327682969	0.935355941901232
Unclassified Aquificales Order	0.197304206798078	0.771352274690137	0.786212778491279	-0.239596451400212	0.680288385794873	0.951933217298618	0.950866638169487
Unclassified Armatimonadetes Phylum	0.885957166366926	0.905303897157727	0.898266530037546	0.0211864630735774	0.924855589014486	0.963786182127142	0.961550192496364
Unclassified Ascomycota Phylum	0.266934165958396	0.872816070653679	0.842615866095068	-0.243038412135295	0.680288385794873	0.958422764150629	0.950866638169487
Unclassified Bacillales Order	0.394611592256436	0.383469923156757	0.381758352569777	-0.102858111776098	0.680288385794873	0.938144327682969	0.935355941901232
Unclassified Bacilli Class	0.437121379049426	0.585199485209162	0.591396409103945	-0.102214174745629	0.680288385794873	0.938144327682969	0.935355941901232
Unclassified Bacteroidales Order	0.855669028989848	0.555667611984674	0.558517932457402	0.0458471462897278	0.903011372806909	0.938144327682969	0.935355941901232
Unclassified Bacteroidetes Phylum	0.987164665368086	0.581552021783992	0.585792648721765	-0.00306512481912135	0.98908521919176	0.938144327682969	0.935355941901232
Unclassified Bacteroidia Class	0.840016316810946	0.985640726374139	0.984597252204889	-0.0529816062454677	0.893819014788506	0.99274928475123	0.99044975265733
Unclassified Balneolaeota Phylum	0.274936430765533	0.541785550319661	0.539278584454755	-0.168811362814375	0.680288385794873	0.938144327682969	0.935355941901232
Unclassified Betaproteobacteria Class	0.595592567888666	0.75596492852234	0.754084486943923	-0.0853501840784777	0.753075906051754	0.951887379435221	0.946293143995838
Unclassified Blastocatellia Class	0.502337310455134	0.201306588221734	0.20729785450396	-0.118686255147879	0.704916853415802	0.938144327682969	0.935355941901232
Unclassified Bradymonadales Order	0.453353982103879	0.294390487205391	0.296760504085109	-0.111716191246019	0.680288385794873	0.938144327682969	0.935355941901232
Unclassified Burkholderiales Order	0.680131765946959	0.925374312506116	0.929657847735826	-0.0682585199470771	0.794258184722639	0.964712086924392	0.966420748457603
Unclassified Campylobacterales Order	0.355493551193644	0.375691499257966	0.374647677901154	-0.136921373178781	0.680288385794873	0.938144327682969	0.935355941901232
Unclassified Candidatus Bipolaricaulota Phylum	0.224865939535518	0.0345706321709888	0.0357951052400287	-0.211413577817659	0.680288385794873	0.938144327682969	0.935355941901232
Unclassified Candidatus Cloacimonetes Phylum	0.363995640178991	0.408923159799281	0.412359932034774	-0.177661497524747	0.680288385794873	0.938144327682969	0.935355941901232
Unclassified Candidatus Gracilibacteria Phylum	0.808680101960786	0.727798702877324	0.719990366363279	0.0582370967310953	0.874937505272699	0.938144327682969	0.936138573021095
Unclassified Candidatus Saccharibacteria Phylum	0.717265100655442	0.387673378158423	0.386929412551837	-0.0622569379420935	0.809841647669176	0.938144327682969	0.935355941901232
Unclassified Cellvibrionales Order	0.695164541050338	0.658903530847552	0.657570250074805	0.0952441190793433	0.801987951312111	0.938144327682969	0.935355941901232
Unclassified Chromatiales Order	0.620043936904907	0.576221984982359	0.576837820336226	-0.0848289269649516	0.756688690772576	0.938144327682969	0.935355941901232
Unclassified Chroococcales Order	0.50373555295292	0.494070755004357	0.483192154292953	-0.193372585412454	0.704916853415802	0.938144327682969	0.935355941901232
Unclassified Clostridia Class	0.278464798873991	0.299477066903792	0.298563904007879	-0.142645180564768	0.680288385794873	0.938144327682969	0.935355941901232
Unclassified Clostridiales Order	0.114306700210185	0.720047224383892	0.717871044279582	-0.173999466086924	0.680288385794873	0.938144327682969	0.936138573021095
Unclassified Coriobacteriales Order	0.633422279162667	0.813160692485658	0.822524566769388	-0.123960629275075	0.763963638802749	0.951933217298618	0.950866638169487
Unclassified Coriobacteriia Class	0.665033157816946	0.680695921678014	0.684618272536404	-0.102551917709447	0.781945379624948	0.938144327682969	0.935355941901232
Unclassified Corynebacteriales Order	0.640581852617948	0.497481259049793	0.49453065054767	-0.0761049638035533	0.767208497902891	0.938144327682969	0.935355941901232
Unclassified Cyanobacteria Phylum	0.0461646874625977	0.189282695556207	0.191679525220777	-0.269027704126768	0.680288385794873	0.938144327682969	0.935355941901232
Unclassified Cytophagales Order	0.294768383351898	0.58182916235456	0.574065213307674	-0.132709898689977	0.680288385794873	0.938144327682969	0.935355941901232
Unclassified Dehalococcoidia Class	0.351878589931755	0.172352118559122	0.172428960097947	-0.154423807122704	0.680288385794873	0.938144327682969	0.935355941901232
Unclassified Deinococci Class	0.961448442980731	0.837955233193086	0.823989205928111	0.0110151505190303	0.974696748297394	0.951933217298618	0.950866638169487
Unclassified Deltaproteobacteria Class	0.357089166320916	0.303440818263485	0.308555777655502	-0.159015232209019	0.680288385794873	0.938144327682969	0.935355941901232
Unclassified Desulfobacterales Order	0.737268226859865	0.169803005126394	0.174157082080882	-0.0901623160665492	0.823629364062539	0.938144327682969	0.935355941901232
Unclassified Desulfovibrionales Order	0.463114745294363	0.235697956529427	0.244263575282754	-0.147712306517188	0.680288385794873	0.938144327682969	0.935355941901232
Unclassified Desulfuromonadales Order	0.543643222692382	0.551912978824077	0.561679553554994	-0.0987811863854655	0.732922145776379	0.938144327682969	0.935355941901232
Unclassified Elusimicrobia Phylum	0.874448595363915	0.597845192497218	0.592287646714394	-0.0275765603871441	0.917191500228954	0.938144327682969	0.935355941901232
Unclassified Enterobacterales Order	0.0744535822985059	0.444561812805689	0.453421459005372	-0.259038362437468	0.680288385794873	0.938144327682969	0.935355941901232
Unclassified Entomoplasmatales Order	0.495538613623012	0.461321589582587	0.475357385693723	0.175155306827873	0.703036876076726	0.938144327682969	0.935355941901232
Unclassified Epsilonproteobacteria Class	0.139294591049979	0.174601297282786	0.17740726014528	-0.18886667481613	0.680288385794873	0.938144327682969	0.935355941901232
Unclassified Euryarchaeota Phylum	0.308446945244535	0.986966279208989	0.984680142447676	-0.188971766235012	0.680288385794873	0.99274928475123	0.99044975265733
Unclassified Firmicutes Phylum	0.148008793965385	0.393773025416323	0.392691115947253	-0.160653352559275	0.680288385794873	0.938144327682969	0.935355941901232
Unclassified Flavobacteriales Order	0.602332047268459	0.397711703464838	0.405198554222548	-0.0883434233954946	0.75327322737447	0.938144327682969	0.935355941901232
Unclassified Frankiales Order	0.755999192383888	0.613514495525931	0.617155308211592	-0.0610531055043118	0.834404930306685	0.938144327682969	0.935355941901232
Unclassified Fusobacteriales Order	0.986520720692059	0.808007332736467	0.824556632090824	-0.00304188693124516	0.98908521919176	0.951933217298618	0.950866638169487
Unclassified Gammaproteobacteria Class	0.266072092336139	0.683658869461075	0.679969699077955	-0.133987325982981	0.680288385794873	0.938144327682969	0.935355941901232
Unclassified Halanaerobiales Order	0.718412211410846	0.774266223269747	0.77724273503227	-0.0534673918430475	0.809841647669176	0.951933217298618	0.950866638169487
Unclassified Halobacteria Class	0.260380183093864	0.2893859674426	0.295003964519522	-0.196146152500054	0.680288385794873	0.938144327682969	0.935355941901232
Unclassified Halobacteriales Order	0.763332931548987	0.698991474353977	0.717351869227137	-0.0670875824181123	0.838201406711574	0.938144327682969	0.936138573021095
Unclassified Haloferacales Order	0.831128182761033	0.104440986698067	0.112364092316434	0.03676232276456	0.889877368236865	0.938144327682969	0.935355941901232
Unclassified Ignavibacteriales Order	0.175646402343821	0.159957596598543	0.159600724894227	-0.456006117185515	0.680288385794873	0.938144327682969	0.935355941901232
Unclassified Kiritimatiellaeota Phylum	0.386053068199667	0.630234734392967	0.629830728650838	-0.123639256628172	0.680288385794873	0.938144327682969	0.935355941901232
Unclassified Lactobacillales Order	0.695948851181781	0.77353757903608	0.784115788695437	-0.0588501019169202	0.801987951312111	0.951933217298618	0.950866638169487
Unclassified Methanococcales Order	0.541103353504367	0.823156207135674	0.806703129562598	0.131376761952255	0.731412669435037	0.951933217298618	0.950866638169487
Unclassified Micrococcales Order	0.352088698888289	0.738610091378928	0.729961672198633	-0.154000167188362	0.680288385794873	0.939220239654686	0.936138573021095
Unclassified Mollicutes Class	0.707049333252615	0.64896344308996	0.653584061948661	0.0903271442110721	0.806161137105481	0.938144327682969	0.935355941901232
Unclassified Myxococcales Order	0.454890325568336	0.122349831347738	0.12390035750139	-0.132466584485861	0.680288385794873	0.938144327682969	0.935355941901232
Unclassified Negativicutes Class	0.0849270525324962	0.529035472147927	0.53113676311058	-0.279478371304276	0.680288385794873	0.938144327682969	0.935355941901232
Unclassified Neisseriales Order	0.702782112984409	0.857664102575842	0.864091645686387	-0.0815912424099581	0.806086387944256	0.951933217298618	0.951350459038145
Unclassified Nitrosomonadales Order	0.693715915425758	0.727269760148033	0.726282474623376	-0.0734486924513703	0.801987951312111	0.938144327682969	0.936138573021095
Unclassified Nostocales Order	0.33896042087744	0.303485974995033	0.302690177529319	-0.121198607194137	0.680288385794873	0.938144327682969	0.935355941901232
Unclassified Oceanospirillales Order	0.184058980059329	0.762649645923795	0.755159726460121	-0.194376952969541	0.680288385794873	0.951933217298618	0.946293143995838
Unclassified Oscillatoriales Order	0.552882290378599	0.860720999393971	0.850415225398897	-0.101772804307176	0.735747750762219	0.953271644490097	0.950866638169487
Unclassified Phycisphaerae Class	0.0899951080026485	0.32090964821505	0.315076353171465	-0.281150304281325	0.680288385794873	0.938144327682969	0.935355941901232
Unclassified Planctomycetales Order	0.709108728366568	0.585449764151883	0.589203086318555	-0.0600359773052717	0.806161137105481	0.938144327682969	0.935355941901232
Unclassified Planctomycetes Phylum	0.326430637206081	0.666503775414073	0.661954385882578	-0.137794150417363	0.680288385794873	0.938144327682969	0.935355941901232
Unclassified Planctomycetia Class	0.373918277367485	0.825111326429601	0.838432947170576	-0.173384176776184	0.680288385794873	0.951933217298618	0.950866638169487
Unclassified Propionibacteriales Order	0.115365277150059	0.27486599930307	0.268664415629476	-0.280298859635407	0.680288385794873	0.938144327682969	0.935355941901232
Unclassified Proteobacteria Phylum	0.273975146001532	0.644643663093214	0.643768392504263	-0.160634832818835	0.680288385794873	0.938144327682969	0.935355941901232
Unclassified Pseudomonadales Order	0.068314691399271	0.827895132055183	0.83548805745223	-0.26536056068398	0.680288385794873	0.951933217298618	0.950866638169487
Unclassified Rhizobiales Order	0.560332402498445	0.647816315081013	0.651868080718025	-0.0917672456357342	0.739373132822194	0.938144327682969	0.935355941901232
Unclassified Rhodobacterales Order	0.376680947191942	0.90543609495154	0.915391323962418	-0.216320408175459	0.680288385794873	0.963786182127142	0.966112669819421
Unclassified Rhodocyclales Order	0.36042658260352	0.519859182710698	0.515705194459178	-0.163924377738356	0.680288385794873	0.938144327682969	0.935355941901232
Unclassified Rhodospirillales Order	0.723353704714215	0.0427326788962234	0.0434520864751604	-0.0744362198416086	0.809841647669176	0.938144327682969	0.935355941901232
Unclassified Rickettsiales Order	0.494497459878107	0.902216234376193	0.900622109148929	-0.159380440434815	0.703036876076726	0.963786182127142	0.961550192496364
Unclassified Saccharomycetales Order	0.215935779972339	0.718746032870189	0.691981774493921	-0.302340964949996	0.680288385794873	0.938144327682969	0.935355941901232
Unclassified Silvanigrellales Order	0.601424483921926	0.416979964425461	0.419691353053474	-0.0820660685112922	0.75327322737447	0.938144327682969	0.935355941901232
Unclassified Sordariomycetes Class	0.746527177775049	0.172599639107192	0.177337010869222	-0.0977080255519227	0.832167741459199	0.938144327682969	0.935355941901232
Unclassified Sphingomonadales Order	0.679153316936784	0.776927281752716	0.777686487797543	-0.0673286039823118	0.794258184722639	0.951933217298618	0.950866638169487
Unclassified Streptosporangiales Order	0.234902944234454	0.633827751438879	0.627174647715179	-0.284025694689337	0.680288385794873	0.938144327682969	0.935355941901232
Unclassified Synechococcales Order	0.980537782734762	0.453802077496685	0.450176815165063	-0.00648895667896875	0.987359186271403	0.938144327682969	0.935355941901232
Unclassified Tenericutes Phylum	0.618581235135291	0.161976184737118	0.166478055523175	-0.0885629778514088	0.756688690772576	0.938144327682969	0.935355941901232
Unclassified Thaumarchaeota Phylum	0.199550049324641	0.430857665869973	0.4305420131446	-0.218832586928234	0.680288385794873	0.938144327682969	0.935355941901232
Unclassified Thermoanaerobacterales Order	0.0814390420063687	0.0824088396247168	0.0790471074871591	-0.279460692736236	0.680288385794873	0.938144327682969	0.935355941901232
Unclassified Thermoplasmata Class	0.176093811038025	0.659667138736301	0.683328389867673	-0.25517344273828	0.680288385794873	0.938144327682969	0.935355941901232
Unclassified Thermoplasmatales Order	0.211493916779483	0.57244324025538	0.576212968809432	-0.244805199348682	0.680288385794873	0.938144327682969	0.935355941901232
Unclassified Tissierellia Class	0.301546867509124	0.356463950499254	0.364294023261081	-0.178791437703567	0.680288385794873	0.938144327682969	0.935355941901232
Unclassified Verrucomicrobia Phylum	0.458317511086597	0.318156193054962	0.325152386983865	-0.11609591382523	0.680288385794873	0.938144327682969	0.935355941901232
Unclassified Verrucomicrobiales Order	0.463107860237744	0.802433959954806	0.817963729608665	0.297138139679726	0.680288385794873	0.951933217298618	0.950866638169487
Unclassified Victivallales Order	0.468495834250256	0.211144838480143	0.207232410112505	-0.1946036446171	0.681568798414921	0.938144327682969	0.935355941901232
Unclassified Xanthomonadales Order	0.696094396575754	0.826768091637432	0.815793842273894	-0.0757398520253679	0.801987951312111	0.951933217298618	0.950866638169487
Unclassified candidate division Zixibacteria Phylum	0.372231793466775	0.884370983313152	0.886589039524641	-0.149576725045037	0.680288385794873	0.961087634100331	0.961249169168822
Unikaryonidae	0.459717933524747	0.477460494533065	0.489590897241943	-0.123929659006779	0.680288385794873	0.938144327682969	0.935355941901232
Ustilaginaceae	0.235074726791046	0.53381779556877	0.53262293890903	-0.18123270695714	0.680288385794873	0.938144327682969	0.935355941901232
Vallitaleaceae	0.931252210583311	0.963606577006195	0.975893688947108	0.0128466370279379	0.955368303686066	0.980745824423301	0.987397347362988
Veillonellaceae	0.0956677369068919	0.0570985143114568	0.0623821173576878	-0.326473946784637	0.680288385794873	0.938144327682969	0.935355941901232
Verrucomicrobiaceae	0.330878687073633	0.548618399356545	0.559700010307082	-0.164642519346874	0.680288385794873	0.938144327682969	0.935355941901232
Vibrionaceae	0.2381099956705	0.563447626906418	0.558868535789633	-0.133405097815741	0.680288385794873	0.938144327682969	0.935355941901232
Vicinamibacteraceae	0.557060872938153	0.805080268932488	0.795781748453801	-0.102491646263813	0.738347800745257	0.951933217298618	0.950866638169487
Vulgatibacteraceae	0.0689941262650076	0.217598001681768	0.211828577688522	-0.355485098731128	0.680288385794873	0.938144327682969	0.935355941901232
Waddliaceae	0.564220662522568	0.848814704877006	0.855127253735821	-0.115957955451212	0.739373132822194	0.951933217298618	0.951167463658635
Wenzhouxiangellaceae	0.129857866379581	0.731539589475385	0.730733410397049	-0.308393715267495	0.680288385794873	0.938144327682969	0.936138573021095
Woeseiaceae	0.39187307118442	0.883675745224272	0.882952952897403	-0.167670675276194	0.680288385794873	0.961087634100331	0.961249169168822
Xanthobacteraceae	0.215426954964167	0.359643607117047	0.360923963004089	-0.206107987643158	0.680288385794873	0.938144327682969	0.935355941901232
Xanthomonadaceae	0.380675425327346	0.702810072745733	0.700036701264702	-0.139936027001615	0.680288385794873	0.938144327682969	0.936138573021095
Yersiniaceae	0.215618775345435	0.625894285787005	0.623576329363078	-0.159834602552581	0.680288385794873	0.938144327682969	0.935355941901232
Zoogloeaceae	0.445755658570737	0.426531647558873	0.42709238348938	-0.120912926924561	0.680288385794873	0.938144327682969	0.935355941901232
