p-variable	p-treatment	p-interaction	slope	adjusted.p-variable	adjusted.p-treatment	adjusted.p-interaction
Acaryochloridaceae	0.197054641369114	0.398279708058123	0.375537889642104	0.0012528564419004	0.83482404533891	0.951911559561994	0.987768651927754
Acetobacteraceae	0.357438354402073	0.531362635497298	0.540065271519572	0.000682581433444817	0.83482404533891	0.951911559561994	0.987768651927754
Acholeplasmataceae	0.467138903728892	0.406687606404719	0.401907761065029	-0.000673375505954905	0.862281488961934	0.951911559561994	0.987768651927754
Acidaminococcaceae	0.201988873697753	0.878488924272661	0.905577312228672	-0.00292763865342259	0.83482404533891	0.995097206401181	0.994392988135372
Acidiferrobacteraceae	0.0551467786235874	0.808676827221867	0.909715925669533	0.00160990935274307	0.83482404533891	0.990317068730481	0.994392988135372
Acidilobaceae	0.570724581402419	0.137992234403528	0.112296796747257	-0.000582901785779985	0.870946621752949	0.951911559561994	0.987768651927754
Acidimicrobiaceae	0.150427981948826	0.5709517722858	0.633284295989508	0.00172521241256016	0.83482404533891	0.951911559561994	0.987768651927754
Acidithiobacillaceae	0.638752269280219	0.422374107652054	0.457515668405121	0.000400264018055544	0.889074104538684	0.951911559561994	0.987768651927754
Acidobacteriaceae	0.23248890106256	0.411920022031012	0.444296938320663	0.000956061184510101	0.83482404533891	0.951911559561994	0.987768651927754
Acidothermaceae	0.0731706744642951	0.990088701758373	0.940419349555075	0.00138413390236161	0.83482404533891	0.9983608267215	0.994488634539761
Actinomycetaceae	0.668403162361332	0.06774765599111	0.079137533067644	-0.000368404062936681	0.896826661058794	0.951911559561994	0.987768651927754
Actinopolysporaceae	0.379528738673228	0.52744204132475	0.600585976338169	0.000925633585007153	0.835064189587484	0.951911559561994	0.987768651927754
Aerococcaceae	0.766633902444793	0.496733179836346	0.462307170291644	-0.00018469101883527	0.939562333241954	0.951911559561994	0.987768651927754
Aeromonadaceae	0.389199673301745	0.437727719022608	0.461749647988207	0.000664225233614163	0.835064189587484	0.951911559561994	0.987768651927754
Akkermansiaceae	0.606476852636514	0.546605968948071	0.528997199337228	0.00141687857346998	0.874554593835701	0.951911559561994	0.987768651927754
Alcaligenaceae	0.308635908148667	0.305085087710638	0.335483475755544	0.000789791799135693	0.83482404533891	0.951911559561994	0.987768651927754
Alcanivoracaceae	0.817080730021327	0.0962922093202592	0.0935544256968249	0.000164283661534054	0.956355854456781	0.951911559561994	0.987768651927754
Alicyclobacillaceae	0.0694738700030907	0.9983608267215	0.918528643420415	0.00139958870841761	0.83482404533891	0.9983608267215	0.994392988135372
Alteromonadaceae	0.529932023011521	0.499920423030666	0.526068645439617	0.000410192811061632	0.867903432956999	0.951911559561994	0.987768651927754
Amoebophilaceae	0.568596310960784	0.957508092676965	0.992520390623145	0.000526130710555371	0.870946621752949	0.9983608267215	0.999113018598581
Anaerohalosphaeraceae	0.613931312300353	0.419837993452185	0.453073511145721	0.000444404016858299	0.876917605271932	0.951911559561994	0.987768651927754
Anaerolineaceae	0.38073495224355	0.951894158674817	0.972137994450652	0.00065682479047676	0.835064189587484	0.9983608267215	0.999113018598581
Anaeromyxobacteraceae	0.20788067895085	0.375233373952981	0.403390406311781	0.00114788686615813	0.83482404533891	0.951911559561994	0.987768651927754
Anaplasmataceae	0.692082350115818	0.69851956353033	0.690731191683173	-0.000316355602203167	0.896826661058794	0.97791194372467	0.987768651927754
Aphanizomenonaceae	0.821729550252062	0.793274969834835	0.864972355088195	-0.000172440859531203	0.959616141450821	0.990317068730481	0.994392988135372
Aphanothecaceae	0.895870302460669	0.510572255852261	0.515864466559303	8.7943035232191e-05	0.978037054830071	0.951911559561994	0.987768651927754
Aquificaceae	0.93720068569861	0.744750467698536	0.787305476474228	-6.9290534658921e-05	0.986161709650226	0.980937316789632	0.994392988135372
Archaeoglobaceae	0.862859070173729	0.175433572456679	0.212593536804059	-0.000123154349955163	0.96393149921794	0.951911559561994	0.987768651927754
Archangiaceae	0.289876304348192	0.241421199888581	0.267469141562794	0.000914699553534564	0.83482404533891	0.951911559561994	0.987768651927754
Ardenticatenaceae	0.170476530006184	0.166894497054307	0.200313294608132	0.00125799181307079	0.83482404533891	0.951911559561994	0.987768651927754
Aspergillaceae	0.210132946406402	0.772997587200508	0.727767975132638	0.000933566319936745	0.83482404533891	0.990317068730481	0.987768651927754
Atopobiaceae	0.801492899816387	0.0119226196390658	0.0119189362979649	0.000246278978781915	0.953276774608405	0.951911559561994	0.987768651927754
Aurantimonadaceae	0.515806942022545	0.142834331314258	0.153930847653083	0.00055662684566921	0.867903432956999	0.951911559561994	0.987768651927754
Azonexaceae	0.299550804309903	0.896715377859643	0.897584612666394	0.000756083271639257	0.83482404533891	0.995097206401181	0.994392988135372
Bacillaceae	0.885587429805046	0.466918007993029	0.488477858100519	8.92009173723029e-05	0.975992660583493	0.951911559561994	0.987768651927754
Bacteriovoracaceae	0.655967887254154	0.178667274404385	0.192211630653961	0.000400231596237134	0.893537674648885	0.951911559561994	0.987768651927754
Bacteroidaceae	0.391679937017037	0.335884422606516	0.340079236188837	0.00130640797428162	0.835064189587484	0.951911559561994	0.987768651927754
Baekduiaceae	0.188483380792311	0.502111249450539	0.581126072693917	0.00151524926283784	0.83482404533891	0.951911559561994	0.987768651927754
Barnesiellaceae	0.283456760480127	0.215076072984213	0.217872299104591	0.00144691009777488	0.83482404533891	0.951911559561994	0.987768651927754
Bartonellaceae	0.99814415137752	0.432158468291305	0.447615197124648	1.66944461549997e-06	0.998515956025253	0.951911559561994	0.987768651927754
Bdellovibrionaceae	0.733110226340512	0.340684801447072	0.331535151907976	0.000220093623790352	0.926239238966573	0.951911559561994	0.987768651927754
Beijerinckiaceae	0.675748027260835	0.146472880355147	0.152167547682639	0.000357994480256464	0.896826661058794	0.951911559561994	0.987768651927754
Bernardetiaceae	0.904787111184058	0.689597178994113	0.683235512976373	-0.000127308153946207	0.980979710020611	0.97791194372467	0.987768651927754
Beutenbergiaceae	0.187643179529849	0.537865332645663	0.531021517960297	0.00122106097105818	0.83482404533891	0.951911559561994	0.987768651927754
Bifidobacteriaceae	0.448337137675865	0.541395978038463	0.44103841592836	-0.00142880269626697	0.858340616740039	0.951911559561994	0.987768651927754
Blattabacteriaceae	0.814112512030587	0.742598897202355	0.726644293136357	-0.000203993324242746	0.955876530884301	0.980611364254391	0.987768651927754
Bogoriellaceae	0.0363537331632274	0.890681336665123	0.970999193286505	0.00207208112512557	0.83482404533891	0.995097206401181	0.999113018598581
Borreliaceae	0.186407400472944	0.378554632667224	0.379452668723898	-0.0012599833970949	0.83482404533891	0.951911559561994	0.987768651927754
Brachyspiraceae	0.933751074754669	0.592538781770394	0.612707048813331	-7.6915311052395e-05	0.986161709650226	0.968753881307152	0.987768651927754
Bradymonadaceae	0.315851842319574	0.810022213468365	0.894845027172285	0.00112347523787257	0.83482404533891	0.990317068730481	0.994392988135372
Bradyrhizobiaceae	0.293567812796545	0.371334569469992	0.402914859514246	0.000817809900344994	0.83482404533891	0.951911559561994	0.987768651927754
Brevibacteriaceae	0.218677938602872	0.653348569696387	0.747608882947739	0.000952289950185511	0.83482404533891	0.97791194372467	0.987768651927754
Brucellaceae	0.562750083581567	0.164009740698312	0.185666279831985	0.000405927913302271	0.870946621752949	0.951911559561994	0.987768651927754
Budviciaceae	0.659735479332218	0.555114677630514	0.610951263263662	0.000302525976474652	0.893537674648885	0.951911559561994	0.987768651927754
Burkholderiaceae	0.195948298886794	0.39615231817772	0.437722006912105	0.00101101862138275	0.83482404533891	0.951911559561994	0.987768651927754
Caldilineaceae	0.304150463949625	0.982023971945346	0.938382375250577	0.000964906166246693	0.83482404533891	0.9983608267215	0.994392988135372
Caldisphaeraceae	0.116998434970211	0.730850528993159	0.682015145883253	-0.00186629008884777	0.83482404533891	0.97791194372467	0.987768651927754
Calditrichaceae	0.0340033909184382	0.818991470960899	0.799946509592489	0.00154267878834087	0.83482404533891	0.990317068730481	0.994392988135372
Calotrichaceae	0.91221529474545	0.250860657153422	0.255166491549231	-7.43180918885522e-05	0.984026762935273	0.951911559561994	0.987768651927754
Campylobacteraceae	0.839586875836679	0.256404886795621	0.254029147278281	0.000190971971525698	0.96393149921794	0.951911559561994	0.987768651927754
Candidatus Brocadiaceae	0.187266514648031	0.9028676392507	0.709765167912513	0.0010556904155583	0.83482404533891	0.995097206401181	0.987768651927754
Candidatus Deianiraeaceae	0.0734113641025901	0.352426112367268	0.321972094262227	0.00234188952307145	0.83482404533891	0.951911559561994	0.987768651927754
Candidatus Methanomethylophilaceae	0.260325752618181	0.988393010927022	0.99909425337741	0.00115344859007411	0.83482404533891	0.9983608267215	0.999113018598581
Candidatus Midichloriaceae	0.748534278702104	0.146739376514028	0.15349412233392	-0.000349041539869458	0.933279600144028	0.951911559561994	0.987768651927754
Candidatus Nanopelagicaceae	0.517256122725869	0.342724387488071	0.330043938812283	-0.000519865031560042	0.867903432956999	0.951911559561994	0.987768651927754
Candidatus Paracaedibacteraceae	0.542064464957342	0.421223956120245	0.366389928800239	0.000770208138412899	0.867903432956999	0.951911559561994	0.987768651927754
Cardiobacteriaceae	0.271502569327143	0.979284838003429	0.980526098614363	0.000898332909228164	0.83482404533891	0.9983608267215	0.999113018598581
Carnobacteriaceae	0.502990101188374	0.269263009629258	0.285670213894279	-0.000480066941700012	0.867903432956999	0.951911559561994	0.987768651927754
Casimicrobiaceae	0.416211685314692	0.698523720193773	0.744245334642962	0.000831034834417038	0.845193596781863	0.97791194372467	0.987768651927754
Catenulisporaceae	0.386480848162211	0.69325446954651	0.733158375841548	0.000815174963393609	0.835064189587484	0.97791194372467	0.987768651927754
Caulobacteraceae	0.321273576546158	0.24866571554526	0.264424722247229	0.000820882473613629	0.83482404533891	0.951911559561994	0.987768651927754
Cellulomonadaceae	0.127613492099958	0.353029053176408	0.419578280239945	0.00135978582542418	0.83482404533891	0.951911559561994	0.987768651927754
Cellvibrionaceae	0.441821059783745	0.547655889351137	0.550175338283756	0.00057512292112589	0.849021812644136	0.951911559561994	0.987768651927754
Chaetomiaceae	0.437679374377715	0.392918857070466	0.414685811746418	0.000590297992539973	0.849021812644136	0.951911559561994	0.987768651927754
Chamaesiphonaceae	0.508784059912756	0.828217370066927	0.800521212603296	-0.00059473662283182	0.867903432956999	0.990317068730481	0.994392988135372
Chelatococcaceae	0.0639988842149032	0.639890346243362	0.725409501475387	0.00186499137414783	0.83482404533891	0.975173598447501	0.987768651927754
Chitinophagaceae	0.510395636832436	0.908277799543809	0.936056763763702	0.000402558040950286	0.867903432956999	0.997362615703757	0.994392988135372
Chlamydiaceae	0.390684642695597	0.960178171568619	0.846074773343698	0.000716196065811415	0.835064189587484	0.9983608267215	0.994392988135372
Chlorobiaceae	0.339002095355412	0.711531346212363	0.729434812765832	0.000679818162965959	0.83482404533891	0.97791194372467	0.987768651927754
Chloroflexaceae	0.599044551233655	0.472056055448981	0.449918072536796	0.000445999236490097	0.874554593835701	0.951911559561994	0.987768651927754
Christensenellaceae	0.752060260310236	0.494585729262958	0.509562746895297	0.000349588393485133	0.933279600144028	0.951911559561994	0.987768651927754
Chromatiaceae	0.35048781089983	0.302988643668663	0.328720421988448	0.000687051307060224	0.83482404533891	0.951911559561994	0.987768651927754
Chromobacteriaceae	0.38763990608801	0.388555576420023	0.421835896149035	0.00072042853614344	0.835064189587484	0.951911559561994	0.987768651927754
Chroococcaceae	0.746037638179651	0.882291389838175	0.900966728620333	0.000215253729024388	0.933279600144028	0.995097206401181	0.994392988135372
Chroococcidiopsidaceae	0.462732065022991	0.645149100313754	0.602542562644446	0.000720332062438602	0.862281488961934	0.977211137239951	0.987768651927754
Chrysiogenaceae	0.658960032347819	0.232051163408682	0.296035904521378	0.000371147439968362	0.893537674648885	0.951911559561994	0.987768651927754
Chthonomonadaceae	0.269882013019678	0.141035100701725	0.147243725703665	0.00102759681660377	0.83482404533891	0.951911559561994	0.987768651927754
Clavicipitaceae	0.138397517137784	0.723901079001838	0.689421859093451	0.0011000723470566	0.83482404533891	0.97791194372467	0.987768651927754
Clostridiaceae	0.751006132891398	0.456043360891539	0.508507882572284	-0.000221531172152063	0.933279600144028	0.951911559561994	0.987768651927754
Clostridiales Family XIII. Incertae Sedis	0.697761662373282	0.830180690825534	0.913890190754346	0.000293476037168619	0.900619689529424	0.990317068730481	0.994392988135372
Clostridiales Family XVI. Incertae Sedis	0.571611569228149	0.46151255937709	0.452815948817708	0.000395169925980783	0.870946621752949	0.951911559561994	0.987768651927754
Clostridiales Family XVII. Incertae Sedis	0.322226628011325	0.411601042309212	0.462815682216828	0.000944037856677462	0.83482404533891	0.951911559561994	0.987768651927754
Cohaesibacteraceae	0.533513612671115	0.718213874018735	0.741650514916071	0.000532692228559499	0.867903432956999	0.97791194372467	0.987768651927754
Coleofasciculaceae	0.131747337460811	0.798957795663269	0.816029814263692	0.00120863853590595	0.83482404533891	0.990317068730481	0.994392988135372
Colwelliaceae	0.611552409671614	0.995732176474006	0.997327475995894	0.000314264829669352	0.876917605271932	0.9983608267215	0.999113018598581
Comamonadaceae	0.271626840462136	0.271675075293354	0.305057080899711	0.000911568309720331	0.83482404533891	0.951911559561994	0.987768651927754
Conexibacteraceae	0.303906540213308	0.732959243257714	0.765908319392272	0.00105371955979498	0.83482404533891	0.97791194372467	0.988165886463888
Coprothermobacteraceae	0.593066750412163	0.0443650100689151	0.0455414445318536	-0.000664806643659243	0.874554593835701	0.951911559561994	0.987768651927754
Coriobacteriaceae	0.619254604126892	0.0732849457588151	0.0661037942075176	-0.000873004664439635	0.876917605271932	0.951911559561994	0.987768651927754
Corynebacteriaceae	0.177250920208954	0.458755290467919	0.491407285292441	0.00102238053393782	0.83482404533891	0.951911559561994	0.987768651927754
Coxiellaceae	0.744455785808228	0.451188043155646	0.438958517349108	0.000229146530058903	0.933279600144028	0.951911559561994	0.987768651927754
Crocinitomicaceae	0.837230450940244	0.185831760572012	0.190624363332121	-0.000187455442857977	0.96393149921794	0.951911559561994	0.987768651927754
Cryomorphaceae	0.289699126085065	0.702274791782132	0.668560319158072	0.00109575129805101	0.83482404533891	0.97791194372467	0.987768651927754
Cryptococcaceae	0.525788576348852	0.407256948162943	0.427295794757089	0.000495514161978779	0.867903432956999	0.951911559561994	0.987768651927754
Cuniculiplasmataceae	0.961161343238798	0.853787919449191	0.773263790766887	4.63801475601298e-05	0.988020143249463	0.990317068730481	0.988165886463888
Cyanobacteriaceae	0.688717089713386	0.958732960776218	0.977507958106904	-0.000347439051198464	0.896826661058794	0.9983608267215	0.999113018598581
Cyanothecaceae	0.582355299706661	0.966766248792284	0.963656960856976	0.00043418053795148	0.874554593835701	0.9983608267215	0.999113018598581
Cyclobacteriaceae	0.692381164798251	0.615232512703029	0.650111402671451	0.000244652045594534	0.896826661058794	0.975173598447501	0.987768651927754
Cytophagaceae	0.510865960451241	0.77387195241435	0.793683445487124	0.000437377247794176	0.867903432956999	0.990317068730481	0.994392988135372
Debaryomycetaceae	0.925140825682211	0.426877466259666	0.466538942939477	8.17279340779099e-05	0.986161709650226	0.951911559561994	0.987768651927754
Deferribacteraceae	0.813756453517744	0.700949437590418	0.727987978746423	0.000153420748439667	0.955876530884301	0.97791194372467	0.987768651927754
Dehalococcoidaceae	0.35184376760299	0.704572599967774	0.638384061634978	0.000853205890390729	0.83482404533891	0.97791194372467	0.987768651927754
Deinococcaceae	0.258451642281574	0.32252469304261	0.357376046879148	0.00099855892361745	0.83482404533891	0.951911559561994	0.987768651927754
Dermabacteraceae	0.142941109348046	0.712226342583416	0.793494638680076	0.00119966236433906	0.83482404533891	0.97791194372467	0.994392988135372
Dermacoccaceae	0.187480373259653	0.212506569034057	0.233028494944196	0.00128913757705667	0.83482404533891	0.951911559561994	0.987768651927754
Dermatophilaceae	0.195676200354565	0.984124932177686	0.931870684404588	0.000935540919860481	0.83482404533891	0.9983608267215	0.994392988135372
Dermocarpellaceae	0.765756774529218	0.407758475887639	0.360591283355065	-0.000257006159878488	0.939562333241954	0.951911559561994	0.987768651927754
Desulfarculaceae	0.35128807305314	0.698701578779648	0.720372220743605	0.000917507124170915	0.83482404533891	0.97791194372467	0.987768651927754
Desulfobacteraceae	0.393945311481505	0.311607907652903	0.338307325352981	0.000597687459533124	0.835064189587484	0.951911559561994	0.987768651927754
Desulfobulbaceae	0.531930076500283	0.182943397039795	0.201698527607279	0.000521219742159098	0.867903432956999	0.951911559561994	0.987768651927754
Desulfohalobiaceae	0.0906186220965436	0.815553621518974	0.947073273575289	0.00138348760702109	0.83482404533891	0.990317068730481	0.997428907753116
Desulfomicrobiaceae	0.113835275095357	0.62162556388083	0.706991275564576	0.00133545446565761	0.83482404533891	0.975173598447501	0.987768651927754
Desulfovibrionaceae	0.471511367956236	0.956387850616566	0.937195843031458	0.00110435122289797	0.86662496165241	0.9983608267215	0.994392988135372
Desulfurellaceae	0.810669019811162	0.59168758495128	0.595688436164746	-0.000197711000560339	0.955876530884301	0.968753881307152	0.987768651927754
Desulfurobacteriaceae	0.418914655668834	0.123072798338422	0.116039584478822	-0.000625503268115613	0.845193596781863	0.951911559561994	0.987768651927754
Desulfurococcaceae	0.607942805035303	0.481379653202275	0.57462799346469	0.000398853413129252	0.874554593835701	0.951911559561994	0.987768651927754
Desulfuromonadaceae	0.400766536789162	0.292620083506192	0.330891471483696	0.000642612243814961	0.835064189587484	0.951911559561994	0.987768651927754
Dictyoglomaceae	0.598767682311559	0.824503506704679	0.845040688966283	-0.000510914689334244	0.874554593835701	0.990317068730481	0.994392988135372
Dietziaceae	0.466551953877153	0.22299023502484	0.248817293668028	0.000641893589439832	0.862281488961934	0.951911559561994	0.987768651927754
Dipodascaceae	0.951024690808729	0.839753947988683	0.865187060245355	6.16973443849857e-05	0.986161709650226	0.990317068730481	0.994392988135372
Dysgonamonadaceae	0.374255427891271	0.670002549830437	0.646402155903832	0.000808437296036652	0.835064189587484	0.97791194372467	0.987768651927754
Ectothiorhodospiraceae	0.465280452746168	0.26194856990915	0.294264066732244	0.000626703366209006	0.862281488961934	0.951911559561994	0.987768651927754
Eggerthellaceae	0.302824368074953	0.563929928173505	0.59420240705471	0.00154905847588874	0.83482404533891	0.951911559561994	0.987768651927754
Egibacteraceae	0.30210810322541	0.166039202241864	0.194989517743576	0.000998175387570191	0.83482404533891	0.951911559561994	0.987768651927754
Egicoccaceae	0.11586866734531	0.577980201799137	0.635766933106128	0.00164480665568603	0.83482404533891	0.957589218140475	0.987768651927754
Elusimicrobiaceae	0.0613610279051207	0.852534186126633	0.716843550532978	0.00153966151943921	0.83482404533891	0.990317068730481	0.987768651927754
Emcibacteraceae	0.339103188318235	0.062474304887215	0.0783804105150331	0.000740498012181674	0.83482404533891	0.951911559561994	0.987768651927754
Endomicrobiaceae	0.355742334402668	0.818647131345065	0.727254755793141	0.000852129971702713	0.83482404533891	0.990317068730481	0.987768651927754
Endozoicomonadaceae	0.796213247088971	0.345462662092636	0.359773427521156	-0.000226399028005418	0.952199543224199	0.951911559561994	0.987768651927754
Enterobacteriaceae	0.109007247280667	0.405408538811221	0.557106686313109	-0.00189285109419174	0.83482404533891	0.951911559561994	0.987768651927754
Enterococcaceae	0.935036599440755	0.232430388672806	0.266123533740784	-6.18292627045116e-05	0.986161709650226	0.951911559561994	0.987768651927754
Entomoplasmataceae	0.758205505650898	0.724974139693193	0.768769568660606	-0.000372766753488234	0.938643835120703	0.97791194372467	0.988165886463888
Erwiniaceae	0.523504395163398	0.571146935737196	0.578837179616392	0.000428364065332059	0.867903432956999	0.951911559561994	0.987768651927754
Erysipelotrichaceae	0.492089601609502	0.161723511603218	0.180799719016705	-0.00073770108908877	0.867903432956999	0.951911559561994	0.987768651927754
Erythrobacteraceae	0.288439562147708	0.364599340000598	0.398310652027996	0.000876627099913619	0.83482404533891	0.951911559561994	0.987768651927754
Eubacteriaceae	0.306125251826713	0.682128153227176	0.587509904310299	0.00082082760065778	0.83482404533891	0.97791194372467	0.987768651927754
Euzebyaceae	0.384781776281839	0.255993091866866	0.29362301518665	0.00091785171165693	0.835064189587484	0.951911559561994	0.987768651927754
Ferrimonadaceae	0.937412063537597	0.680805488627295	0.689735937235725	7.01138229858501e-05	0.986161709650226	0.97791194372467	0.987768651927754
Ferroplasmaceae	0.913329694530214	0.782627527671185	0.78567874097869	-0.000124603435366247	0.984026762935273	0.990317068730481	0.994392988135372
Fervidobacteriaceae	0.501755833988587	0.335696533123567	0.355968278988931	-0.00057104864574067	0.867903432956999	0.951911559561994	0.987768651927754
Fibrobacteraceae	0.967930447198309	0.307874619131395	0.317452840534789	3.97629538635683e-05	0.988031346143353	0.951911559561994	0.987768651927754
Fimbriimonadaceae	0.621504710532535	0.505616088608222	0.592486498474206	0.000379460141289815	0.876917605271932	0.951911559561994	0.987768651927754
Flammeovirgaceae	0.977244223632347	0.344808141610855	0.375252749065917	1.82892300541362e-05	0.988031346143353	0.951911559561994	0.987768651927754
Flavobacteriaceae	0.849598259758473	0.805344592869675	0.814785884492375	0.000120154285281957	0.96393149921794	0.990317068730481	0.994392988135372
Francisellaceae	0.704736456733221	0.663189951003932	0.695112504335174	-0.000299013950519159	0.905085474358127	0.97791194372467	0.987768651927754
Frankiaceae	0.341978367151783	0.15381669072361	0.1754158631639	0.00079100718354134	0.83482404533891	0.951911559561994	0.987768651927754
Fusobacteriaceae	0.658090201639296	0.608710134138217	0.64395653804377	-0.000390155751695134	0.893537674648885	0.975173598447501	0.987768651927754
Gallionellaceae	0.462904459432281	0.435481631663997	0.458507989111098	0.000527924847164258	0.862281488961934	0.951911559561994	0.987768651927754
Gemmataceae	0.182526403746106	0.637044661296718	0.721582641901083	0.00117140933127703	0.83482404533891	0.975173598447501	0.987768651927754
Gemmatimonadaceae	0.26695418979199	0.481895825208844	0.511504729801774	0.000997031893248954	0.83482404533891	0.951911559561994	0.987768651927754
Geobacteraceae	0.349214616213956	0.098885154592873	0.105366048070195	0.000755149483317433	0.83482404533891	0.951911559561994	0.987768651927754
Geodermatophilaceae	0.245876261125922	0.469258025729573	0.496576628118313	0.0010993921912586	0.83482404533891	0.951911559561994	0.987768651927754
Gloeobacteraceae	0.330453909346561	0.427869498352505	0.458666432987043	0.000926824966428596	0.83482404533891	0.951911559561994	0.987768651927754
Gloeomargaritaceae	0.361456280924109	0.471854549202355	0.49349827333322	0.000766897478234786	0.83482404533891	0.951911559561994	0.987768651927754
Glomerellaceae	0.362745501853004	0.617503599775804	0.631522326897762	0.000692661809713055	0.83482404533891	0.975173598447501	0.987768651927754
Glycomycetaceae	0.457227511263286	0.384279392715995	0.42066739580727	0.000780504522286755	0.862281488961934	0.951911559561994	0.987768651927754
Gomontiellaceae	0.876900946014227	0.362227586052673	0.405769357190965	-0.000145775774217382	0.9709468893212	0.951911559561994	0.987768651927754
Gordoniaceae	0.19268080862069	0.327449889279155	0.372995136141762	0.00110607689992711	0.83482404533891	0.951911559561994	0.987768651927754
Gottschalkiaceae	0.544375242682682	0.49189012580231	0.467124936057052	-0.000630478543630905	0.867903432956999	0.951911559561994	0.987768651927754
Granulosicoccaceae	0.973924661595799	0.551742671435343	0.554710104136924	2.62570645378865e-05	0.988031346143353	0.951911559561994	0.987768651927754
Hafniaceae	0.362425858548593	0.732427585156338	0.803525281493395	0.000637693348002696	0.83482404533891	0.97791194372467	0.994392988135372
Hahellaceae	0.428790275964992	0.475375632112746	0.541106404931103	0.000575562220424196	0.845193596781863	0.951911559561994	0.987768651927754
Halanaerobiaceae	0.977374083909287	0.44168158687836	0.462543863034663	-2.15088978680073e-05	0.988031346143353	0.951911559561994	0.987768651927754
Halieaceae	0.485880121927992	0.298297313346211	0.330683715387939	0.000529886502207304	0.867903432956999	0.951911559561994	0.987768651927754
Haliscomenobacteraceae	0.557926540816742	0.370123381946982	0.384129031003188	0.000459462828889235	0.870946621752949	0.951911559561994	0.987768651927754
Haloarculaceae	0.283882578127585	0.417449844408714	0.445017078460596	0.000967184057745052	0.83482404533891	0.951911559561994	0.987768651927754
Halobacteriaceae	0.112741390162535	0.662615130449779	0.734109987105704	0.00157069083199174	0.83482404533891	0.97791194372467	0.987768651927754
Halobacteriovoraceae	0.599462285338259	0.889719011463422	0.922626162239718	0.000559094490948536	0.874554593835701	0.995097206401181	0.994392988135372
Halobacteroidaceae	0.558330396469624	0.618167045984999	0.645792195052551	0.000496823769957093	0.870946621752949	0.975173598447501	0.987768651927754
Haloferacaceae	0.221588369024366	0.237998597855271	0.256846874513252	0.00100628346548354	0.83482404533891	0.951911559561994	0.987768651927754
Halomonadaceae	0.331441720116728	0.412093676990619	0.439555609174927	0.000747902199396965	0.83482404533891	0.951911559561994	0.987768651927754
Halorubraceae	0.108669694777873	0.618849463632706	0.654581947904312	0.00144277358300387	0.83482404533891	0.975173598447501	0.987768651927754
Halothiobacillaceae	0.497010091077189	0.265549711483343	0.286168186071117	0.00070908191950593	0.867903432956999	0.951911559561994	0.987768651927754
Hapalosiphonaceae	0.314057172081167	0.875911413421744	0.913060013933344	0.000838921885929653	0.83482404533891	0.995097206401181	0.994392988135372
Helicobacteraceae	0.73100352684817	0.885821007302295	0.914131812411375	0.000250779495221662	0.926239238966573	0.995097206401181	0.994392988135372
Heliobacteriaceae	0.279485727834447	0.578272323964442	0.586780106688268	0.000895177758076321	0.83482404533891	0.957589218140475	0.987768651927754
Holosporaceae	0.673464466807942	0.0797030279873606	0.0963942760818614	-0.000386935780761462	0.896826661058794	0.951911559561994	0.987768651927754
Hungateiclostridiaceae	0.779458478351462	0.421426060210181	0.451073658215147	0.000185450596330025	0.940096291220147	0.951911559561994	0.987768651927754
Hydrogenophilaceae	0.0282441236072296	0.839697679974985	0.679756711292978	0.002231518859262	0.83482404533891	0.990317068730481	0.987768651927754
Hydrogenothermaceae	0.711518038581459	0.221255643423302	0.236031086549846	0.000347655697515307	0.908766774006472	0.951911559561994	0.987768651927754
Hyellaceae	0.136551461906327	0.280982163826188	0.221258333361409	-0.00165219120745115	0.83482404533891	0.951911559561994	0.987768651927754
Hymenobacteraceae	0.593191054251984	0.45668784950289	0.465867494388739	0.000405747853404747	0.874554593835701	0.951911559561994	0.987768651927754
Hyphomicrobiaceae	0.364963629168202	0.446019454611597	0.486186264826571	0.000723083455549389	0.83482404533891	0.951911559561994	0.987768651927754
Hyphomonadaceae	0.502299567586353	0.317915344302682	0.356174895071522	0.000554179963464133	0.867903432956999	0.951911559561994	0.987768651927754
Iamiaceae	0.0333979940376629	0.958646663338528	0.960857783171652	0.00205474222358474	0.83482404533891	0.9983608267215	0.999113018598581
Ichthyobacteriaceae	0.0541503461495881	0.423028790231679	0.382953776895678	0.00202687237277797	0.83482404533891	0.951911559561994	0.987768651927754
Idiomarinaceae	0.52699276973951	0.926316628616773	0.934568184478728	0.000455205386791568	0.867903432956999	0.9983608267215	0.994392988135372
Ignavibacteriaceae	0.944229229076804	0.678903283469173	0.636506694437034	-6.96390194104608e-05	0.986161709650226	0.97791194372467	0.987768651927754
Ilumatobacteraceae	0.600038115345982	0.269031775488986	0.291971314634651	0.000615142522208374	0.874554593835701	0.951911559561994	0.987768651927754
Immundisolibacteraceae	0.251780493003934	0.160717784399936	0.178769446274788	0.00106850877178232	0.83482404533891	0.951911559561994	0.987768651927754
Intrasporangiaceae	0.177113352290438	0.405861542523776	0.46616083107519	0.00120987056168854	0.83482404533891	0.951911559561994	0.987768651927754
Isosphaeraceae	0.136194604134354	0.630397652578949	0.714154963082412	0.00137935456086913	0.83482404533891	0.975173598447501	0.987768651927754
Jiangellaceae	0.153992543929974	0.530276277671544	0.600770174060249	0.00143195828411461	0.83482404533891	0.951911559561994	0.987768651927754
Jonesiaceae	0.568655861432411	0.770632049924532	0.662518708140537	0.000550076492728101	0.870946621752949	0.990317068730481	0.987768651927754
Kangiellaceae	0.878565534803261	0.88691560204564	0.854800443689333	0.000132824442095624	0.9709468893212	0.995097206401181	0.994392988135372
Kineosporiaceae	0.637324968499865	0.158412995382736	0.167093005249915	0.000540041631116759	0.889074104538684	0.951911559561994	0.987768651927754
Kiritimatiellaceae	0.172752572334401	0.927361430278528	0.845934058262373	0.00147145553165064	0.83482404533891	0.9983608267215	0.994392988135372
Kofleriaceae	0.44111400007163	0.247278206575926	0.286877465444458	0.00074634852261996	0.849021812644136	0.951911559561994	0.987768651927754
Kosmotogaceae	0.991183399962151	0.553772689826617	0.583983317775556	-7.56322707924924e-06	0.998490089561771	0.951911559561994	0.987768651927754
Ktedonosporobacteraceae	0.862264738428536	0.348330519134892	0.350060340345967	0.000158792839241775	0.96393149921794	0.951911559561994	0.987768651927754
Labilitrichaceae	0.140952512953738	0.399771050370382	0.47776744479065	0.0012988007559571	0.83482404533891	0.951911559561994	0.987768651927754
Lachnospiraceae	0.117571817144686	0.33786038546582	0.280392117438385	-0.00116377246632943	0.83482404533891	0.951911559561994	0.987768651927754
Lacipirellulaceae	0.268630716315042	0.839970917852554	0.773050851951606	0.000995951948509706	0.83482404533891	0.990317068730481	0.988165886463888
Lactobacillaceae	0.951953324576032	0.67494835077845	0.672242694585641	5.55741760681305e-05	0.986161709650226	0.97791194372467	0.987768651927754
Legionellaceae	0.768069402514296	0.351871844810005	0.362107849754147	0.000187410397732286	0.939562333241954	0.951911559561994	0.987768651927754
Leptolyngbyaceae	0.210994109956161	0.756951598351348	0.727201740592827	0.000942142061510341	0.83482404533891	0.989416429317117	0.987768651927754
Leptospiraceae	0.587441705667094	0.761967882138298	0.755932347821819	0.000378204748739282	0.874554593835701	0.990317068730481	0.987768651927754
Leptotrichiaceae	0.56276692779663	0.441020409571898	0.444728062542686	-0.000483801107313374	0.870946621752949	0.951911559561994	0.987768651927754
Leuconostocaceae	0.0462512921608038	0.271521004160673	0.28188554207817	-0.00208069509896645	0.83482404533891	0.951911559561994	0.987768651927754
Lichenihabitantaceae	0.122714705537881	0.426750134214747	0.496062980488979	0.00154103020015779	0.83482404533891	0.951911559561994	0.987768651927754
Limnochordaceae	0.548182316699676	0.493888988363299	0.52789638895085	0.000565849640232751	0.867903432956999	0.951911559561994	0.987768651927754
Listeriaceae	0.859857948833141	0.670019756853062	0.713684805260054	0.000124733678799255	0.96393149921794	0.97791194372467	0.987768651927754
Litoricolaceae	0.870485963843489	0.56979700517828	0.518102728675542	0.00015357605260506	0.968566292740722	0.951911559561994	0.987768651927754
Magnetococcaceae	0.76749178854324	0.217521758996387	0.245442506510212	0.000265041991689434	0.939562333241954	0.951911559561994	0.987768651927754
Malasseziaceae	0.677618073040249	0.390364056093181	0.424492408540209	0.000431172518721782	0.896826661058794	0.951911559561994	0.987768651927754
Marinifilaceae	0.334480507334287	0.605681025269867	0.565270986137253	0.000840292095369142	0.83482404533891	0.975173598447501	0.987768651927754
Marinilabiliaceae	0.870769307842629	0.446743987579474	0.391879628522453	0.000131080385470833	0.968566292740722	0.951911559561994	0.987768651927754
Mariprofundaceae	0.344125482693321	0.451896269907261	0.455361464328633	0.00074551628318356	0.83482404533891	0.951911559561994	0.987768651927754
Melioribacteraceae	0.532260799481041	0.2572374420388	0.260514092706202	-0.000607750098305843	0.867903432956999	0.951911559561994	0.987768651927754
Merismopediaceae	0.0838006784685065	0.981253368228816	0.851333474045284	0.00125482154070984	0.83482404533891	0.9983608267215	0.994392988135372
Mesoaciditogaceae	0.276759752639212	0.346341616136373	0.331575408446436	-0.00106752946012467	0.83482404533891	0.951911559561994	0.987768651927754
Methanobacteriaceae	0.99267364243811	0.964161094427815	0.904174698998588	-2.13504541153909e-05	0.998490089561771	0.9983608267215	0.994392988135372
Methanocaldococcaceae	0.547199584956122	0.456340428182488	0.467657099819514	-0.000697298335383875	0.867903432956999	0.951911559561994	0.987768651927754
Methanocellaceae	0.206468769005767	0.92363794298416	0.909871851457582	0.0011473569621547	0.83482404533891	0.9983608267215	0.994392988135372
Methanococcaceae	0.703012306300188	0.428610601376447	0.423536329904371	-0.000309275960430877	0.905085474358127	0.951911559561994	0.987768651927754
Methanocorpusculaceae	0.787759336305796	0.753064630174136	0.749970984810422	0.000214474809395544	0.947887986442721	0.988795828207939	0.987768651927754
Methanomassiliicoccaceae	0.39283955192768	0.504798163747098	0.525630880159609	0.000686901579040323	0.835064189587484	0.951911559561994	0.987768651927754
Methanomicrobiaceae	0.310300665420234	0.567106347674345	0.617650904903392	0.000724423975469491	0.83482404533891	0.951911559561994	0.987768651927754
Methanopyraceae	0.156082896596997	0.800268984118709	0.892338623079389	0.0015363268765484	0.83482404533891	0.990317068730481	0.994392988135372
Methanoregulaceae	0.241494073815161	0.957127187951115	0.989240637780797	0.00108805578478309	0.83482404533891	0.9983608267215	0.999113018598581
Methanosarcinaceae	0.733797299996819	0.384236116806544	0.382515613659859	-0.000204352592687433	0.926239238966573	0.951911559561994	0.987768651927754
Methanospirillaceae	0.362420535868287	0.23029438904236	0.156508112667203	-0.000695941868384401	0.83482404533891	0.951911559561994	0.987768651927754
Methanothermaceae	0.837738041983195	0.881451693044284	0.711102089173044	-0.000242700616809011	0.96393149921794	0.995097206401181	0.987768651927754
Methanotrichaceae	0.601221286647424	0.191654385179757	0.197538652017134	0.000533583594599606	0.874554593835701	0.951911559561994	0.987768651927754
Methylacidiphilaceae	0.912683303709156	0.837443613230367	0.818348037634157	-9.55661758079922e-05	0.984026762935273	0.990317068730481	0.994392988135372
Methylobacteriaceae	0.216940314124143	0.293268838776767	0.334810426452286	0.00108352848313951	0.83482404533891	0.951911559561994	0.987768651927754
Methylococcaceae	0.33093332647564	0.52334909453486	0.567081870653166	0.000648944396659239	0.83482404533891	0.951911559561994	0.987768651927754
Methylocystaceae	0.358378879578226	0.33302507144294	0.374969073987569	0.000735051210576291	0.83482404533891	0.951911559561994	0.987768651927754
Methylophilaceae	0.597890219228367	0.359353866253718	0.423805144162536	0.00035548106475955	0.874554593835701	0.951911559561994	0.987768651927754
Microbacteriaceae	0.178555656725405	0.35992857233476	0.409716075198185	0.00114607388888473	0.83482404533891	0.951911559561994	0.987768651927754
Microbulbiferaceae	0.193346583506368	0.899442500522692	0.825471596029924	0.000974118939399359	0.83482404533891	0.995097206401181	0.994392988135372
Micrococcaceae	0.918864249630795	0.240160477560402	0.281093345993202	8.44791532587322e-05	0.986161709650226	0.951911559561994	0.987768651927754
Microcoleaceae	0.977336499997184	0.161766814475779	0.184741519541382	1.73737992245493e-05	0.988031346143353	0.951911559561994	0.987768651927754
Microcystaceae	0.379816357524903	0.625641179647281	0.697729001038729	-0.00058865057273844	0.835064189587484	0.975173598447501	0.987768651927754
Micromonosporaceae	0.305016999630191	0.357552687458592	0.390334758715249	0.000939860984177428	0.83482404533891	0.951911559561994	0.987768651927754
Moraxellaceae	0.977042324309085	0.543043280078355	0.561856184173315	-1.79872621595924e-05	0.988031346143353	0.951911559561994	0.987768651927754
Morganellaceae	0.671629021752358	0.24993142718441	0.255158639995598	-0.000261338298780173	0.896826661058794	0.951911559561994	0.987768651927754
Moritellaceae	0.680483079877568	0.384089933192848	0.407580390391974	-0.000360791244079919	0.896826661058794	0.951911559561994	0.987768651927754
Muribaculaceae	0.171794563781675	0.370292476801873	0.364686172823607	0.00136932628203567	0.83482404533891	0.951911559561994	0.987768651927754
Mycobacteriaceae	0.270000100062111	0.301506980493734	0.331118123921164	0.000910406386389932	0.83482404533891	0.951911559561994	0.987768651927754
Mycoplasmataceae	0.857041401785298	0.542331543307499	0.590509985194748	-0.000155939109917418	0.96393149921794	0.951911559561994	0.987768651927754
Mycosphaerellaceae	0.177448547976753	0.938424931536976	0.999113018598581	0.00102242077827664	0.83482404533891	0.9983608267215	0.999113018598581
Myxococcaceae	0.227059305262561	0.216172161690296	0.245862033687716	0.00111106421570436	0.83482404533891	0.951911559561994	0.987768651927754
Nakamurellaceae	0.441482133909864	0.523934266040889	0.546811805931403	0.000714082493402189	0.849021812644136	0.951911559561994	0.987768651927754
Natranaerobiaceae	0.543198037115998	0.535904187096012	0.553381872527038	-0.000530599601805505	0.867903432956999	0.951911559561994	0.987768651927754
Natrialbaceae	0.0800313922965762	0.486931056398895	0.535612166906874	0.00135847190356997	0.83482404533891	0.951911559561994	0.987768651927754
Nautiliaceae	0.40341455505258	0.336195499455374	0.357550958327657	-0.000793595716887599	0.835064189587484	0.951911559561994	0.987768651927754
Nectriaceae	0.751486304790228	0.462567761721048	0.444808473653826	-0.000201630640687112	0.933279600144028	0.951911559561994	0.987768651927754
Neisseriaceae	0.397588455003741	0.390348300022161	0.405271728796355	0.000603189785242095	0.835064189587484	0.951911559561994	0.987768651927754
Nitrosomonadaceae	0.216445414112853	0.903425111093914	0.92818087853214	0.00086469485772264	0.83482404533891	0.995097206401181	0.994392988135372
Nitrosopumilaceae	0.532917310513991	0.720195428581466	0.769040428337529	-0.000658583600211617	0.867903432956999	0.97791194372467	0.988165886463888
Nitrososphaeraceae	0.938360800615976	0.517235003147031	0.537089951485932	6.46192823976627e-05	0.986161709650226	0.951911559561994	0.987768651927754
Nitrospiraceae	0.296579525453205	0.73030350449257	0.757006207020127	0.000748558097105198	0.83482404533891	0.97791194372467	0.987768651927754
Nocardiaceae	0.317469853042257	0.174403080078872	0.186290849335808	0.000838971405973064	0.83482404533891	0.951911559561994	0.987768651927754
Nocardioidaceae	0.207106700142046	0.263827661669472	0.296225334096405	0.00115327433941395	0.83482404533891	0.951911559561994	0.987768651927754
Nocardiopsaceae	0.204370161301733	0.411227110002337	0.475005078608161	0.00108042534619748	0.83482404533891	0.951911559561994	0.987768651927754
Nostocaceae	0.566460323381415	0.274747371637782	0.279209854471617	0.000318476538277729	0.870946621752949	0.951911559561994	0.987768651927754
Oceanospirillaceae	0.621286235823063	0.365307801221028	0.355162093131249	0.000333320508768375	0.876917605271932	0.951911559561994	0.987768651927754
Odoribacteraceae	0.119749246501804	0.165162450529921	0.150036653105896	0.00227264996569692	0.83482404533891	0.951911559561994	0.987768651927754
Oleiphilaceae	0.825342381250909	0.521663081831645	0.510316953702854	0.000190309504786804	0.96010098988463	0.951911559561994	0.987768651927754
Opitutaceae	0.313309765431835	0.423992516716286	0.482319971022092	0.000834492930011207	0.83482404533891	0.951911559561994	0.987768651927754
Orbaceae	0.456884868498737	0.289676850715495	0.253604019151845	-0.000625670551741041	0.862281488961934	0.951911559561994	0.987768651927754
Oscillatoriaceae	0.475517861460673	0.997983367832918	0.925272799313117	0.000557361664053865	0.867903432956999	0.9983608267215	0.994392988135372
Oscillospiraceae	0.130800950829413	0.855739635031216	0.994728385745034	0.00126169527816534	0.83482404533891	0.99035036413725	0.999113018598581
Oxalobacteraceae	0.778135228547581	0.0844822939874161	0.0983333689969218	0.000262484583951193	0.940096291220147	0.951911559561994	0.987768651927754
Paenibacillaceae	0.454498922354362	0.57065843945428	0.580150344100469	0.000473647521273371	0.862281488961934	0.951911559561994	0.987768651927754
Paludibacteraceae	0.978191394682922	0.85115644333021	0.859463509945084	-2.88439416170046e-05	0.988031346143353	0.990317068730481	0.994392988135372
Parachlamydiaceae	0.959133913747373	0.669463372861263	0.744984546410287	-4.58710148924755e-05	0.987907931159794	0.97791194372467	0.987768651927754
Parvularculaceae	0.210052278863328	0.370732818409603	0.284213078353655	0.00128868372408201	0.83482404533891	0.951911559561994	0.987768651927754
Pasteurellaceae	0.24236888066278	0.888952563961989	0.851821309340998	-0.000915524255776874	0.83482404533891	0.995097206401181	0.994392988135372
Pectobacteriaceae	0.64719295579858	0.333770218622544	0.342922714582589	0.000303280081576716	0.893537674648885	0.951911559561994	0.987768651927754
Pelagibacteraceae	0.814459249070066	0.811268726798629	0.832716891849316	0.000269661984977441	0.955876530884301	0.990317068730481	0.994392988135372
Peptococcaceae	0.249538270254156	0.6430539216142	0.675808806488146	0.000737857974728226	0.83482404533891	0.97691082487113	0.987768651927754
Peptoniphilaceae	0.998515956025253	0.705689477868053	0.735413784724982	1.2980275605393e-06	0.998515956025253	0.97791194372467	0.987768651927754
Peptostreptococcaceae	0.514916141305666	0.987066138780122	0.953437019964332	0.000425632581924857	0.867903432956999	0.9983608267215	0.999113018598581
Petrotogaceae	0.329801789625029	0.354912501963569	0.344424811835831	-0.00097734030804444	0.83482404533891	0.951911559561994	0.987768651927754
Phaffomycetaceae	0.85306510595387	0.712772562027311	0.651975621888403	0.000161098008945164	0.96393149921794	0.97791194372467	0.987768651927754
Phycisphaeraceae	0.365199652275805	0.268088047149513	0.325057559752314	0.00104335655897519	0.83482404533891	0.951911559561994	0.987768651927754
Phyllobacteriaceae	0.314066307658362	0.48967146858756	0.537605812182314	0.000774757012476924	0.83482404533891	0.951911559561994	0.987768651927754
Pichiaceae	0.58370908005682	0.80540921668864	0.808422722105776	-0.000435770201462359	0.874554593835701	0.990317068730481	0.994392988135372
Picrophilaceae	0.849307694168244	0.776595035657454	0.765023269598073	-0.00027509072824344	0.96393149921794	0.990317068730481	0.988165886463888
Pirellulaceae	0.307202698811039	0.411556430529579	0.437345348132071	0.000715026702086623	0.83482404533891	0.951911559561994	0.987768651927754
Piscirickettsiaceae	0.760691390919612	0.805633171744063	0.8184477427536	0.000198933853232794	0.939462988785612	0.990317068730481	0.994392988135372
Planctomycetaceae	0.304213332367437	0.561955009762815	0.586870475504129	0.000781223497826543	0.83482404533891	0.951911559561994	0.987768651927754
Planococcaceae	0.796889326465301	0.33894452139172	0.349989378744734	-0.000166914675932914	0.952199543224199	0.951911559561994	0.987768651927754
Polyangiaceae	0.106420943859399	0.754556816477126	0.834370154881158	0.00141094858898746	0.83482404533891	0.988795828207939	0.994392988135372
Porphyromonadaceae	0.180943698534276	0.337741427614704	0.3261597491106	0.00126389673079658	0.83482404533891	0.951911559561994	0.987768651927754
Prevotellaceae	0.955523675952355	0.97326144081253	0.916956721724914	6.88220361369278e-05	0.986161709650226	0.9983608267215	0.994392988135372
Prochloraceae	0.656757618170373	0.736912778166414	0.776464450522334	0.000403289496439984	0.893537674648885	0.979211998491341	0.989799980245055
Prochlorotrichaceae	0.809132917944668	0.12329581510941	0.123133133796131	0.000190617060556495	0.955876530884301	0.951911559561994	0.987768651927754
Prolixibacteraceae	0.531189021011967	0.947549004405824	0.986112276201549	0.000475373720895479	0.867903432956999	0.9983608267215	0.999113018598581
Promicromonosporaceae	0.044834593473562	0.492871773628621	0.575749290146917	0.00184133116587847	0.83482404533891	0.951911559561994	0.987768651927754
Propionibacteriaceae	0.294685301319707	0.3562350707511	0.360095582430929	0.000840667756144865	0.83482404533891	0.951911559561994	0.987768651927754
Pseudanabaenaceae	0.369361614069357	0.811344213711081	0.769955056977482	0.000688931511287447	0.835064189587484	0.990317068730481	0.988165886463888
Pseudoalteromonadaceae	0.712896653783718	0.240022329985979	0.247858991802748	0.000242597398497997	0.908766774006472	0.951911559561994	0.987768651927754
Pseudomonadaceae	0.399983211869852	0.343101107377539	0.360055490426616	0.000681484747756987	0.835064189587484	0.951911559561994	0.987768651927754
Pseudonocardiaceae	0.291462928852148	0.298192364068013	0.32727900481726	0.000921749462797099	0.83482404533891	0.951911559561994	0.987768651927754
Psychromonadaceae	0.777088129979269	0.518025146713155	0.539599803033554	0.000255668335909575	0.940096291220147	0.951911559561994	0.987768651927754
Puniceicoccaceae	0.431623137774039	0.624435479255828	0.634115927716562	0.000870884926601713	0.845193596781863	0.975173598447501	0.987768651927754
Pyriculariaceae	0.319692668214728	0.539068474036583	0.563193304660401	0.000619296853645043	0.83482404533891	0.951911559561994	0.987768651927754
Pyrodictiaceae	0.886921485734126	0.151603907887626	0.111863550484951	0.000122317521510181	0.975992660583493	0.951911559561994	0.987768651927754
Rhizobiaceae	0.297061976808522	0.504270946610517	0.534543728893917	0.000784703521980594	0.83482404533891	0.951911559561994	0.987768651927754
Rhodanobacteraceae	0.397901735919395	0.235955489253658	0.259524648203537	0.000699749983079269	0.835064189587484	0.951911559561994	0.987768651927754
Rhodobacteraceae	0.364178661107054	0.378132551071094	0.405062544300594	0.000728236619656206	0.83482404533891	0.951911559561994	0.987768651927754
Rhodobiaceae	0.182406632149423	0.38726624109836	0.350876916270315	0.00116787730148496	0.83482404533891	0.951911559561994	0.987768651927754
Rhodocyclaceae	0.539499545313811	0.422427626935278	0.499519021672253	0.000498001904951323	0.867903432956999	0.951911559561994	0.987768651927754
Rhodospirillaceae	0.415101897330143	0.195904581626423	0.213000849415778	0.000667075184012843	0.845193596781863	0.951911559561994	0.987768651927754
Rhodothermaceae	0.535295499695365	0.365656224222666	0.376720055814809	0.00053673400263551	0.867903432956999	0.951911559561994	0.987768651927754
Rickettsiaceae	0.568148269401875	0.90288764238653	0.994819404543611	0.000527916970070557	0.870946621752949	0.995097206401181	0.999113018598581
Rikenellaceae	0.10366665129563	0.235434564465461	0.188256498904001	0.00347825399724659	0.83482404533891	0.951911559561994	0.987768651927754
Rivulariaceae	0.506309497105171	0.966758540548668	0.912822868037822	0.00056728261186249	0.867903432956999	0.9983608267215	0.994392988135372
Roseiflexaceae	0.63567964162688	0.497635836701581	0.496903934460497	0.000382595444903255	0.889074104538684	0.951911559561994	0.987768651927754
Ruaniaceae	0.665763372308647	0.0977188883357779	0.105389354320977	0.000405210142874422	0.896826661058794	0.951911559561994	0.987768651927754
Rubrobacteraceae	0.112412077792035	0.656223506255581	0.740642884748134	0.00138556413700506	0.83482404533891	0.97791194372467	0.987768651927754
Ruminococcaceae	0.0673862457611887	0.765999386206823	0.86946153364236	-0.00117832930523967	0.83482404533891	0.990317068730481	0.994392988135372
Saccharomycetaceae	0.562668033392823	0.208056837973605	0.17973771955512	-0.000462529068278847	0.870946621752949	0.951911559561994	0.987768651927754
Saccharospirillaceae	0.744251974114085	0.499233051424792	0.507040323465625	0.000236637233511303	0.933279600144028	0.951911559561994	0.987768651927754
Salinisphaeraceae	0.421593278214302	0.165466335154387	0.16586177849268	0.000845956095213395	0.845193596781863	0.951911559561994	0.987768651927754
Salinivirgaceae	0.575005775161647	0.52873869063643	0.496951754744026	0.000548417000735119	0.873533847221972	0.951911559561994	0.987768651927754
Sandaracinaceae	0.0669482829717338	0.824053407133535	0.896802402538544	0.00176498571656111	0.83482404533891	0.990317068730481	0.994392988135372
Sanguibacteraceae	0.313605790965979	0.0958080567186577	0.118344134541799	0.000942033151306768	0.83482404533891	0.951911559561994	0.987768651927754
Saprospiraceae	0.356342437372415	0.798804295600693	0.823110976083017	0.000995549626702287	0.83482404533891	0.990317068730481	0.994392988135372
Schizosaccharomycetaceae	0.978438808802155	0.526600704194059	0.558469244125995	2.52359409025598e-05	0.988031346143353	0.951911559561994	0.987768651927754
Sclerotiniaceae	0.874375270936064	0.365314601634832	0.382898867187951	0.000122321031812642	0.970481173560502	0.951911559561994	0.987768651927754
Scytonemataceae	0.330995122149149	0.897663664475957	0.897136524463335	0.000878349920177601	0.83482404533891	0.995097206401181	0.994392988135372
Sedimentisphaeraceae	0.472857503348208	0.8364950056156	0.864159967054172	0.000510353921370262	0.86662496165241	0.990317068730481	0.994392988135372
Segniliparaceae	0.230841190804574	0.228517916506337	0.263469725105432	0.0012897067120355	0.83482404533891	0.951911559561994	0.987768651927754
Selenomonadaceae	0.282863263848284	0.519527390341179	0.518407127412337	0.00110753250831265	0.83482404533891	0.951911559561994	0.987768651927754
Shewanellaceae	0.693081574954175	0.432567495805814	0.431724134097631	0.000248279264566681	0.896826661058794	0.951911559561994	0.987768651927754
Silvanigrellaceae	0.771025375456076	0.934913522215013	0.8603444132657	0.000324347606850743	0.940096291220147	0.9983608267215	0.994392988135372
Simkaniaceae	0.635898355815895	0.947433242714193	0.937349503619569	0.000536490070282531	0.889074104538684	0.9983608267215	0.994392988135372
Sinobacteraceae	0.414795614520321	0.561997750447048	0.612756513751622	0.000740507833433018	0.845193596781863	0.951911559561994	0.987768651927754
Solibacteraceae	0.653348640184145	0.0802013718689868	0.0744729059386129	0.000379481107837704	0.893537674648885	0.951911559561994	0.987768651927754
Sordariaceae	0.933087821581824	0.0780324470111727	0.0946380729231412	-6.07515322527948e-05	0.986161709650226	0.951911559561994	0.987768651927754
Sphaerobacteraceae	0.199579574533113	0.335657659963967	0.387122061706467	0.0012176002326845	0.83482404533891	0.951911559561994	0.987768651927754
Sphingobacteriaceae	0.902776878165314	0.861408202161804	0.856047379996293	6.76882917874976e-05	0.980865173534043	0.992450165801631	0.994392988135372
Sphingomonadaceae	0.302491870292595	0.336527129592374	0.364521418788251	0.000815299934538489	0.83482404533891	0.951911559561994	0.987768651927754
Spirochaetaceae	0.26963262504361	0.825247081833717	0.891824283894233	0.000701753299564503	0.83482404533891	0.990317068730481	0.994392988135372
Spiroplasmataceae	0.773325496577012	0.636238008192824	0.682005109110317	0.00029821864048043	0.940096291220147	0.975173598447501	0.987768651927754
Spongiibacteraceae	0.593289679474614	0.789404476672123	0.867303011850724	0.000438689947137973	0.874554593835701	0.990317068730481	0.994392988135372
Sporichthyaceae	0.533522239798676	0.809121195266317	0.824341332753008	0.000615050457234085	0.867903432956999	0.990317068730481	0.994392988135372
Sporolactobacillaceae	0.933027870525604	0.266017237708991	0.27333672460118	5.63167901373117e-05	0.986161709650226	0.951911559561994	0.987768651927754
Sporomusaceae	0.433550161468703	0.616646051136984	0.645660027182731	0.00050619033027604	0.845751261955993	0.975173598447501	0.987768651927754
Staphylococcaceae	0.777579449253172	0.447610674281397	0.490660417169016	-0.000225915121440422	0.940096291220147	0.951911559561994	0.987768651927754
Steroidobacteraceae	0.517411099841891	0.697754444514539	0.695537244291103	0.000543598690192576	0.867903432956999	0.97791194372467	0.987768651927754
Sterolibacteriaceae	0.210121117852167	0.780894655112945	0.846838991636585	0.00107708314458346	0.83482404533891	0.990317068730481	0.994392988135372
Streptococcaceae	0.115448108183027	0.582981046795615	0.591343895984868	-0.00230569307708415	0.83482404533891	0.962292433011993	0.987768651927754
Streptomycetaceae	0.253595885176615	0.312873178360962	0.345151112975212	0.000989714727502206	0.83482404533891	0.951911559561994	0.987768651927754
Streptosporangiaceae	0.25744180193494	0.433275228913638	0.473223408611449	0.000968223373326834	0.83482404533891	0.951911559561994	0.987768651927754
Succinivibrionaceae	0.254569889663319	0.314800618434808	0.311605016961592	-0.000977979702833431	0.83482404533891	0.951911559561994	0.987768651927754
Sulfolobaceae	0.188287440253755	0.306897151570915	0.267222071072545	-0.000929790158848389	0.83482404533891	0.951911559561994	0.987768651927754
Sutterellaceae	0.601068520077316	0.851892922383643	0.798597734587097	0.000685596612605123	0.874554593835701	0.990317068730481	0.994392988135372
Symbiobacteriaceae	0.313306679259234	0.524259635192585	0.580079460869788	0.00099327136945187	0.83482404533891	0.951911559561994	0.987768651927754
Synechococcaceae	0.377586945614108	0.320608747691841	0.339015528413246	0.00070270433022295	0.835064189587484	0.951911559561994	0.987768651927754
Synergistaceae	0.483877540616456	0.899795000198115	0.990769507527012	0.000717513061200028	0.867903432956999	0.995097206401181	0.999113018598581
Syntrophaceae	0.20823593183696	0.973069716043451	0.955628593150125	0.00102243755939436	0.83482404533891	0.9983608267215	0.999113018598581
Syntrophobacteraceae	0.120474895837526	0.960211693372327	0.884151906255695	0.00124354698273529	0.83482404533891	0.9983608267215	0.994392988135372
Syntrophomonadaceae	0.175276822451409	0.519809889966047	0.509385268216392	0.00115153355509281	0.83482404533891	0.951911559561994	0.987768651927754
Tannerellaceae	0.227746993452104	0.620284994181239	0.697104897242085	0.00215520598415111	0.83482404533891	0.975173598447501	0.987768651927754
Tepidiformaceae	0.94457456731239	0.0642106228812884	0.0567649510701826	6.34831542203021e-05	0.986161709650226	0.951911559561994	0.987768651927754
Thermaceae	0.242898118942073	0.36863564424279	0.418163748741005	0.000928586530216107	0.83482404533891	0.951911559561994	0.987768651927754
Thermoactinomycetaceae	0.159232575797894	0.92332059860959	0.883065142460077	0.000961211648465209	0.83482404533891	0.9983608267215	0.994392988135372
Thermoanaerobacteraceae	0.40374948195589	0.39038720054813	0.42183306824595	0.000533522991267506	0.835064189587484	0.951911559561994	0.987768651927754
Thermoanaerobacterales Family III. Incertae Sedis	0.853489872848424	0.842657360647449	0.873813713995943	0.000128328123447645	0.96393149921794	0.990317068730481	0.994392988135372
Thermoanaerobacterales Family IV. Incertae Sedis	0.301782033704771	0.724598584844841	0.738625136277316	0.000641938440210622	0.83482404533891	0.97791194372467	0.987768651927754
Thermococcaceae	0.386951840084266	0.396680617665604	0.442811090934668	0.000565562538025124	0.835064189587484	0.951911559561994	0.987768651927754
Thermodesulfobacteriaceae	0.729651662030564	0.48871100662923	0.546545813116228	0.000241961933338471	0.926239238966573	0.951911559561994	0.987768651927754
Thermodesulfobiaceae	0.896375708504454	0.973775729303637	0.865201056655137	0.000147005365983493	0.978037054830071	0.9983608267215	0.994392988135372
Thermofilaceae	0.891056313202275	0.359440384826667	0.386248045703536	0.000146556295544113	0.976370215530153	0.951911559561994	0.987768651927754
Thermoguttaceae	0.0605924267447525	0.863653730997696	0.943435688168034	0.00176938669063233	0.83482404533891	0.992816230946012	0.995633974193725
Thermomicrobiaceae	0.0676387256730864	0.791406641374867	0.924660858182669	0.00189827973565387	0.83482404533891	0.990317068730481	0.994392988135372
Thermomonosporaceae	0.417733070566346	0.285794716424379	0.303351879975804	0.000776356076136962	0.845193596781863	0.951911559561994	0.987768651927754
Thermoplasmataceae	0.640798457340364	0.80548628204118	0.683390553793059	0.000553056102175198	0.889518074205627	0.990317068730481	0.987768651927754
Thermoproteaceae	0.846127243513836	0.628102699877581	0.678265511757735	0.000157109793453403	0.96393149921794	0.975173598447501	0.987768651927754
Thermotogaceae	0.814815139918851	0.802410045625955	0.863085942743068	0.000166304632404941	0.955876530884301	0.990317068730481	0.994392988135372
Thioalkalibacteraceae	0.547400264004788	0.229048623376625	0.245538792642584	0.000575534103420446	0.867903432956999	0.951911559561994	0.987768651927754
Thioalkalispiraceae	0.187102645953953	0.943004942878749	0.989958570609573	0.0011406381400677	0.83482404533891	0.9983608267215	0.999113018598581
Thiobacillaceae	0.973512584724848	0.648277713200509	0.629739355493832	3.11527394067731e-05	0.988031346143353	0.97791194372467	0.987768651927754
Thiotrichaceae	0.275645778250103	0.795191954362008	0.757608966041675	-0.000883475434815599	0.83482404533891	0.990317068730481	0.987768651927754
Tissierellaceae	0.655288068158516	0.979542550961075	0.966942927295031	0.000309394832835474	0.893537674648885	0.9983608267215	0.999113018598581
Tolypothrichaceae	0.527772311223839	0.0941234208708223	0.107653503477662	-0.000680967488719826	0.867903432956999	0.951911559561994	0.987768651927754
Trichocomaceae	0.899657213294438	0.727360430084047	0.798009704296163	-0.000103250435963986	0.979542208978088	0.97791194372467	0.994392988135372
Trichomonascaceae	0.604544485539202	0.343905176958429	0.38726374277051	-0.000416993704737101	0.874554593835701	0.951911559561994	0.987768651927754
Trueperaceae	0.186744974257313	0.472463369096246	0.589211202734709	0.00134862056970312	0.83482404533891	0.951911559561994	0.987768651927754
Tsukamurellaceae	0.1211948660482	0.472871675631664	0.537454648511811	0.00143971086392923	0.83482404533891	0.951911559561994	0.987768651927754
Unclassified Acidobacteria Phylum	0.844118109286176	0.930077679006283	0.875597346709837	0.000270234395949865	0.96393149921794	0.9983608267215	0.994392988135372
Unclassified Actinobacteria Class	0.124767610166853	0.471585774038541	0.521244295577743	0.00125441816088713	0.83482404533891	0.951911559561994	0.987768651927754
Unclassified Actinobacteria Phylum	0.0945111329460167	0.167722247236582	0.17941471234733	0.00159364614939883	0.83482404533891	0.951911559561994	0.987768651927754
Unclassified Alphaproteobacteria Class	0.301481749614737	0.50510172681531	0.555927928976355	0.000857088742894124	0.83482404533891	0.951911559561994	0.987768651927754
Unclassified Alteromonadales Order	0.535368049474357	0.768005930895159	0.723823191372585	-0.000449657922193725	0.867903432956999	0.990317068730481	0.987768651927754
Unclassified Aquificales Order	0.390661836432509	0.994852255207354	0.855686189711169	0.000857062289562803	0.835064189587484	0.9983608267215	0.994392988135372
Unclassified Armatimonadetes Phylum	0.117987565287531	0.889954334205076	0.975587961077798	0.00122830926741823	0.83482404533891	0.995097206401181	0.999113018598581
Unclassified Ascomycota Phylum	0.618883864124683	0.488295648663365	0.600880832568244	0.00058719695054854	0.876917605271932	0.951911559561994	0.987768651927754
Unclassified Bacillales Order	0.525577855812259	0.155130254848055	0.154697157935433	-0.000407249330479572	0.867903432956999	0.951911559561994	0.987768651927754
Unclassified Bacilli Class	0.953606224899418	0.553958706748279	0.60685826758746	4.10058483127049e-05	0.986161709650226	0.951911559561994	0.987768651927754
Unclassified Bacteroidales Order	0.293196868959273	0.287376175791429	0.289126721248008	0.001430596305776	0.83482404533891	0.951911559561994	0.987768651927754
Unclassified Bacteroidetes Phylum	0.187305812307416	0.152773090674136	0.15506150734985	0.0013566027315789	0.83482404533891	0.951911559561994	0.987768651927754
Unclassified Bacteroidia Class	0.0724132799074871	0.249180871305019	0.229101482131972	0.0025501435822316	0.83482404533891	0.951911559561994	0.987768651927754
Unclassified Balneolaeota Phylum	0.604641005236767	0.875702017407134	0.897348141299221	0.000428976738725338	0.874554593835701	0.995097206401181	0.994392988135372
Unclassified Betaproteobacteria Class	0.28774918179392	0.411546339488679	0.44134620542475	0.000899163046522979	0.83482404533891	0.951911559561994	0.987768651927754
Unclassified Blastocatellia Class	0.155169684013018	0.851334597156015	0.724138814740869	0.00135152260337843	0.83482404533891	0.990317068730481	0.987768651927754
Unclassified Bradymonadales Order	0.159548624751991	0.676241407283308	0.609762336162519	0.00112683616053491	0.83482404533891	0.97791194372467	0.987768651927754
Unclassified Burkholderiales Order	0.399716547567642	0.348968181539252	0.395752120941616	0.000732942405069602	0.835064189587484	0.951911559561994	0.987768651927754
Unclassified Campylobacterales Order	0.681985231283312	0.211861566481282	0.216672957294313	-0.000321823267693557	0.896826661058794	0.951911559561994	0.987768651927754
Unclassified Candidatus Bipolaricaulota Phylum	0.323823971763693	0.640016847136418	0.747131901802133	0.000939393979346976	0.83482404533891	0.975173598447501	0.987768651927754
Unclassified Candidatus Cloacimonetes Phylum	0.549391299308702	0.230653442094269	0.249480489301139	-0.000627610287730938	0.867903432956999	0.951911559561994	0.987768651927754
Unclassified Candidatus Gracilibacteria Phylum	0.185060915692853	0.65060993697848	0.657992814914805	-0.00170424762595524	0.83482404533891	0.97791194372467	0.987768651927754
Unclassified Candidatus Saccharibacteria Phylum	0.800454921060676	0.282229935508923	0.306320616830519	0.000231971377357517	0.953276774608405	0.951911559561994	0.987768651927754
Unclassified Cellvibrionales Order	0.16240177203254	0.119530416924301	0.118409465652415	0.00179184314550191	0.83482404533891	0.951911559561994	0.987768651927754
Unclassified Chromatiales Order	0.293477498012556	0.589260876945536	0.635162763009586	0.000950323494292883	0.83482404533891	0.968753881307152	0.987768651927754
Unclassified Chroococcales Order	0.349155844137708	0.673437537435876	0.599127479888231	-0.00146105694896107	0.83482404533891	0.97791194372467	0.987768651927754
Unclassified Clostridia Class	0.511783781439467	0.67247116006023	0.704661449725794	0.000461385182958208	0.867903432956999	0.97791194372467	0.987768651927754
Unclassified Clostridiales Order	0.227926719680695	0.68775230184611	0.63539705529573	0.000712810954160968	0.83482404533891	0.97791194372467	0.987768651927754
Unclassified Coriobacteriales Order	0.861489811924383	0.00812458890529707	0.00782824954176089	0.000221583210384231	0.96393149921794	0.951911559561994	0.987768651927754
Unclassified Coriobacteriia Class	0.255151929369871	0.0712102638005965	0.0792105575068394	0.00138088437506277	0.83482404533891	0.951911559561994	0.987768651927754
Unclassified Corynebacteriales Order	0.134311551186524	0.253675122370603	0.276015992934025	0.00126937728434298	0.83482404533891	0.951911559561994	0.987768651927754
Unclassified Cyanobacteria Phylum	0.546827392817604	0.720288458602974	0.811383957913576	0.000434103866794289	0.867903432956999	0.97791194372467	0.994392988135372
Unclassified Cytophagales Order	0.566717415309529	0.978589492217069	0.99129971825335	0.000389235429734572	0.870946621752949	0.9983608267215	0.999113018598581
Unclassified Dehalococcoidia Class	0.16529898495883	0.521460367620314	0.569226010198512	0.00122769173438196	0.83482404533891	0.951911559561994	0.987768651927754
Unclassified Deinococci Class	0.353009136200324	0.70980662436201	0.81567085399683	0.00112409978847231	0.83482404533891	0.97791194372467	0.994392988135372
Unclassified Deltaproteobacteria Class	0.107918226392015	0.639751596757204	0.750431265654892	0.0014737949838629	0.83482404533891	0.975173598447501	0.987768651927754
Unclassified Desulfobacterales Order	0.268742481547039	0.324694040721092	0.280238123558017	0.00161953108104028	0.83482404533891	0.951911559561994	0.987768651927754
Unclassified Desulfovibrionales Order	0.199546440874812	0.433248969133599	0.547991803038302	0.00137187392148802	0.83482404533891	0.951911559561994	0.987768651927754
Unclassified Desulfuromonadales Order	0.134044473881527	0.948600643004908	0.924926550255797	0.00129662063779399	0.83482404533891	0.9983608267215	0.994392988135372
Unclassified Elusimicrobia Phylum	0.316822348910158	0.732208330398401	0.724022174410354	0.000933900439639134	0.83482404533891	0.97791194372467	0.987768651927754
Unclassified Enterobacterales Order	0.711530116296631	0.340272010325829	0.408188249011085	-0.000287044051979525	0.908766774006472	0.951911559561994	0.987768651927754
Unclassified Entomoplasmatales Order	0.934176984102078	0.44268296058366	0.507861260946569	0.000115325016657422	0.986161709650226	0.951911559561994	0.987768651927754
Unclassified Epsilonproteobacteria Class	0.682955008036331	0.559574164599128	0.613338382602987	-0.000280369896731545	0.896826661058794	0.951911559561994	0.987768651927754
Unclassified Euryarchaeota Phylum	0.103625669263355	0.49757911405299	0.445582424462352	0.00159513184877814	0.83482404533891	0.951911559561994	0.987768651927754
Unclassified Firmicutes Phylum	0.946292330131116	0.544849336269133	0.568800132163167	4.00196209597654e-05	0.986161709650226	0.951911559561994	0.987768651927754
Unclassified Flavobacteriales Order	0.194904879103478	0.596196424204915	0.521568513067724	0.00118870172597175	0.83482404533891	0.971649235650415	0.987768651927754
Unclassified Frankiales Order	0.691918407808834	0.0476902210477612	0.0560656548471686	0.000399072766595506	0.896826661058794	0.951911559561994	0.987768651927754
Unclassified Fusobacteriales Order	0.8578460143093	0.395588106750212	0.471687094546003	0.00017189032475025	0.96393149921794	0.951911559561994	0.987768651927754
Unclassified Gammaproteobacteria Class	0.519596903005895	0.460787616847788	0.483708771788462	0.000410962978258356	0.867903432956999	0.951911559561994	0.987768651927754
Unclassified Halanaerobiales Order	0.791807088647775	0.628359504250845	0.648136748372243	-0.000210084749893154	0.950537647211199	0.975173598447501	0.987768651927754
Unclassified Halobacteria Class	0.138502234167725	0.832162037034838	0.955110637018569	0.00138250371295844	0.83482404533891	0.990317068730481	0.999113018598581
Unclassified Halobacteriales Order	0.104501962268941	0.636887952420732	0.501761324490173	0.00195264418560663	0.83482404533891	0.975173598447501	0.987768651927754
Unclassified Haloferacales Order	0.0552291217770947	0.969148285100242	0.746288112364744	0.00178323601515279	0.83482404533891	0.9983608267215	0.987768651927754
Unclassified Ignavibacteriales Order	0.661044376779078	0.844593674322554	0.854855832494395	-0.000793845170118217	0.893537674648885	0.990317068730481	0.994392988135372
Unclassified Kiritimatiellaeota Phylum	0.42699299524562	0.975901598414048	0.938398043172409	0.000607562594782665	0.845193596781863	0.9983608267215	0.994392988135372
Unclassified Lactobacillales Order	0.941561008101757	0.467804989092448	0.525197520271018	-5.92337259969698e-05	0.986161709650226	0.951911559561994	0.987768651927754
Unclassified Methanococcales Order	0.618759365920041	0.711160433737442	0.631244578032804	0.000576847066078739	0.876917605271932	0.97791194372467	0.987768651927754
Unclassified Micrococcales Order	0.183914874291581	0.523394735541068	0.540663758385622	0.00115308290506276	0.83482404533891	0.951911559561994	0.987768651927754
Unclassified Mollicutes Class	0.593841300149017	0.875721891130925	0.85087815131515	0.000692287272278567	0.874554593835701	0.995097206401181	0.994392988135372
Unclassified Myxococcales Order	0.217879977375164	0.564314190062588	0.638498861953178	0.00116978754826296	0.83482404533891	0.951911559561994	0.987768651927754
Unclassified Negativicutes Class	0.846341535111142	0.976052208535898	0.935023439054952	0.000171836247776025	0.96393149921794	0.9983608267215	0.994392988135372
Unclassified Neisseriales Order	0.163734998475523	0.845855959910126	0.763451436991018	0.00159152575401203	0.83482404533891	0.990317068730481	0.988165886463888
Unclassified Nitrosomonadales Order	0.636243740182954	0.0919564984545698	0.0985007758614106	-0.000464675116626084	0.889074104538684	0.951911559561994	0.987768651927754
Unclassified Nostocales Order	0.955328387819224	0.419984567354898	0.432989311401534	3.79588014603773e-05	0.986161709650226	0.951911559561994	0.987768651927754
Unclassified Oceanospirillales Order	0.465434316901512	0.349218864425086	0.36448691717478	0.000560889492411183	0.862281488961934	0.951911559561994	0.987768651927754
Unclassified Oscillatoriales Order	0.366349969410862	0.413060412282995	0.494748860711804	0.000820922035756086	0.83482404533891	0.951911559561994	0.987768651927754
Unclassified Phycisphaerae Class	0.238759935982694	0.904282509894666	0.885680132973125	0.00104233332162028	0.83482404533891	0.995097206401181	0.994392988135372
Unclassified Planctomycetales Order	0.259124849582924	0.341529053092243	0.388308779005114	0.000953618783854696	0.83482404533891	0.951911559561994	0.987768651927754
Unclassified Planctomycetes Phylum	0.31311411417864	0.264265624096257	0.285005836621528	0.000737885955730339	0.83482404533891	0.951911559561994	0.987768651927754
Unclassified Planctomycetia Class	0.0451999584702531	0.349043287041836	0.342073988363389	0.00207580704556355	0.83482404533891	0.951911559561994	0.987768651927754
Unclassified Propionibacteriales Order	0.825873278677459	0.12516415491823	0.117109471842498	-0.000206268376253981	0.96010098988463	0.951911559561994	0.987768651927754
Unclassified Proteobacteria Phylum	0.342946114215962	0.441869458308737	0.485951277125931	0.000733739796751306	0.83482404533891	0.951911559561994	0.987768651927754
Unclassified Pseudomonadales Order	0.132879823404614	0.203675142206047	0.194023878434964	0.00119381988507362	0.83482404533891	0.951911559561994	0.987768651927754
Unclassified Rhizobiales Order	0.194249942408505	0.675400610793791	0.755455862381443	0.0010804056699894	0.83482404533891	0.97791194372467	0.987768651927754
Unclassified Rhodobacterales Order	0.251722967682368	0.91692719643676	0.911475682315928	0.00149499037956935	0.83482404533891	0.9983608267215	0.994392988135372
Unclassified Rhodocyclales Order	0.240575901017861	0.38256591519092	0.404311587217102	0.00110825822200979	0.83482404533891	0.951911559561994	0.987768651927754
Unclassified Rhodospirillales Order	0.47726951424349	0.681319240423492	0.72465684312384	0.000827581008099461	0.867903432956999	0.97791194372467	0.987768651927754
Unclassified Rickettsiales Order	0.231270784908802	0.859508134033347	0.858915687868993	-0.00149928488956094	0.83482404533891	0.992450165801631	0.994392988135372
Unclassified Saccharomycetales Order	0.576996260764865	0.347281774423284	0.270703842421323	-0.000718899553667316	0.873979630276192	0.951911559561994	0.987768651927754
Unclassified Silvanigrellales Order	0.428589315768947	0.601894702566811	0.562456621163541	0.00066608248325703	0.845193596781863	0.975173598447501	0.987768651927754
Unclassified Sordariomycetes Class	0.0847962348328395	0.435329251451182	0.369134920164198	0.00285612199713087	0.83482404533891	0.951911559561994	0.987768651927754
Unclassified Sphingomonadales Order	0.0866769743066866	0.996247318211809	0.927165991054899	0.00146721779590028	0.83482404533891	0.9983608267215	0.994392988135372
Unclassified Streptosporangiales Order	0.21018200117438	0.994211713584795	0.973480512575368	0.00158372530251298	0.83482404533891	0.9983608267215	0.999113018598581
Unclassified Synechococcales Order	0.502268616561472	0.213810656642345	0.196983081079742	-0.000947442164399731	0.867903432956999	0.951911559561994	0.987768651927754
Unclassified Tenericutes Phylum	0.935994037925255	0.201230830692253	0.236655190185879	-7.66903360355923e-05	0.986161709650226	0.951911559561994	0.987768651927754
Unclassified Thaumarchaeota Phylum	0.423695551424178	0.274790443785781	0.308203248635785	0.000713662389270769	0.845193596781863	0.951911559561994	0.987768651927754
Unclassified Thermoanaerobacterales Order	0.288770693235877	0.806245188083565	0.793044176463261	0.000912499956496342	0.83482404533891	0.990317068730481	0.994392988135372
Unclassified Thermoplasmata Class	0.22362134481189	0.977271584590503	0.963443185559302	0.00122057955142872	0.83482404533891	0.9983608267215	0.999113018598581
Unclassified Thermoplasmatales Order	0.526264239378611	0.278928226123493	0.330236688917474	0.000649549595143067	0.867903432956999	0.951911559561994	0.987768651927754
Unclassified Tissierellia Class	0.684279861333627	0.26437550948759	0.312004123243725	-0.000375775180875825	0.896826661058794	0.951911559561994	0.987768651927754
Unclassified Verrucomicrobia Phylum	0.428375111544061	0.527895317268946	0.613188798284989	0.0006626910662821	0.845193596781863	0.951911559561994	0.987768651927754
Unclassified Verrucomicrobiales Order	0.681665132756639	0.740054726132616	0.671035101434899	0.000899137648445937	0.896826661058794	0.979763969044465	0.987768651927754
Unclassified Victivallales Order	0.842871426844606	0.164776003851622	0.153023462707852	-0.000282846693121604	0.96393149921794	0.951911559561994	0.987768651927754
Unclassified Xanthomonadales Order	0.455709948363244	0.236927105909164	0.29654337305727	0.000755839835281932	0.862281488961934	0.951911559561994	0.987768651927754
Unclassified candidate division Zixibacteria Phylum	0.835840627567671	0.923526628914602	0.973433472437287	0.000182503333489145	0.96393149921794	0.9983608267215	0.999113018598581
Unikaryonidae	0.331597099858895	0.737736418280855	0.629843642032452	0.000875030442421024	0.83482404533891	0.979211998491341	0.987768651927754
Ustilaginaceae	0.144079966546142	0.55984096164198	0.620448018748177	0.00117559257299001	0.83482404533891	0.951911559561994	0.987768651927754
Vallitaleaceae	0.431075607480679	0.108202185974123	0.125476523556652	-0.00062035727236654	0.845193596781863	0.951911559561994	0.987768651927754
Veillonellaceae	0.220332737183402	0.639347610405724	0.783782774143344	-0.00136135011045714	0.83482404533891	0.975173598447501	0.994392988135372
Verrucomicrobiaceae	0.332088260690606	0.847851230800537	0.971310512618446	0.000878080659608853	0.83482404533891	0.990317068730481	0.999113018598581
Vibrionaceae	0.953859219206814	0.38302643632658	0.386051849732098	-3.48004418570598e-05	0.986161709650226	0.951911559561994	0.987768651927754
Vicinamibacteraceae	0.326131465004317	0.0860547393830556	0.0877733264446149	0.000871707613519414	0.83482404533891	0.951911559561994	0.987768651927754
Vulgatibacteraceae	0.889568260251181	0.115091869279965	0.112760390901904	0.000140989552171294	0.976370215530153	0.951911559561994	0.987768651927754
Waddliaceae	0.510083677877369	0.505173862293886	0.483675783264378	-0.000712083907640406	0.867903432956999	0.951911559561994	0.987768651927754
Wenzhouxiangellaceae	0.997307934723332	0.387142789057638	0.43208069381811	3.61726617358936e-06	0.998515956025253	0.951911559561994	0.987768651927754
Woeseiaceae	0.650202036612961	0.499896655535377	0.480268477903702	0.000472707477582592	0.893537674648885	0.951911559561994	0.987768651927754
Xanthobacteraceae	0.422043585285624	0.512804557110152	0.568917922034431	0.000709059833745369	0.845193596781863	0.951911559561994	0.987768651927754
Xanthomonadaceae	0.361057737057225	0.289546860732427	0.314634258032497	0.000762292832041104	0.83482404533891	0.951911559561994	0.987768651927754
Yersiniaceae	0.686014501061952	0.341999004854287	0.364272957705289	0.000276082520247004	0.896826661058794	0.951911559561994	0.987768651927754
Zoogloeaceae	0.270363755681966	0.398452682563872	0.443776701417497	0.000919462949518692	0.83482404533891	0.951911559561994	0.987768651927754
