p-variable	p-treatment	p-interaction	slope	adjusted.p-variable	adjusted.p-treatment	adjusted.p-interaction
Acaryochloridaceae	0.967331020991185	0.543389800448651	0.320818406031903	-7.22432496826351e-07	0.994362227166588	0.999481737884185	0.999534435385949
Acetobacteraceae	0.469071316769068	0.62024695472747	0.82434642159168	-1.01573370891982e-05	0.993782821305429	0.999481737884185	0.999534435385949
Acholeplasmataceae	0.146440926930827	0.722221809242582	0.555934462121449	-2.66463541640116e-05	0.939172008500914	0.999481737884185	0.999534435385949
Acidaminococcaceae	0.0170464106984674	0.858148594404581	0.556420780284411	-9.95675271303105e-05	0.874364406418784	0.999481737884185	0.999534435385949
Acidiferrobacteraceae	0.896205187486395	0.664841259543311	0.526881881426553	2.04403548105346e-06	0.993782821305429	0.999481737884185	0.999534435385949
Acidilobaceae	0.485544417639137	0.553102830992984	0.997306617264885	-1.31629979158102e-05	0.993782821305429	0.999481737884185	0.999534435385949
Acidimicrobiaceae	0.259782554438844	0.40345940868809	0.361256509361776	-2.48624799608573e-05	0.993782821305429	0.999481737884185	0.999534435385949
Acidithiobacillaceae	0.365825673738452	0.965967695426605	0.924438591655709	-1.42976284229604e-05	0.993782821305429	0.999481737884185	0.999534435385949
Acidobacteriaceae	0.648855104572154	0.921303482281619	0.99855096053902	-6.7195133866081e-06	0.993782821305429	0.999481737884185	0.999534435385949
Acidothermaceae	0.678614426280445	0.328566214964901	0.605373769168972	6.11998255044168e-06	0.993782821305429	0.999481737884185	0.999534435385949
Actinomycetaceae	0.914347380790152	0.39852400147134	0.604810198248739	1.82583939641673e-06	0.993782821305429	0.999481737884185	0.999534435385949
Actinopolysporaceae	0.780514567823118	0.14858541735385	0.0927176160903148	5.45801509673598e-06	0.993782821305429	0.999481737884185	0.999534435385949
Aerococcaceae	0.214489764941058	0.56946659792495	0.327124007967863	-1.43872879814409e-05	0.939172008500914	0.999481737884185	0.999534435385949
Aeromonadaceae	0.653505231321823	0.640714929218393	0.718770512176008	-6.67820781564023e-06	0.993782821305429	0.999481737884185	0.999534435385949
Akkermansiaceae	0.316365191898484	0.979035448948065	0.935937205351167	-5.45860281042041e-05	0.993782821305429	0.999481737884185	0.999534435385949
Alcaligenaceae	0.814103221359119	0.647292965844461	0.663849273745693	-3.43315873100323e-06	0.993782821305429	0.999481737884185	0.999534435385949
Alcanivoracaceae	0.628417851254713	0.621137263353577	0.837617172583523	-6.81617936086911e-06	0.993782821305429	0.999481737884185	0.999534435385949
Alicyclobacillaceae	0.901307083984032	0.639570413439923	0.598244501528215	-1.74315663876205e-06	0.993782821305429	0.999481737884185	0.999534435385949
Alteromonadaceae	0.445029975077845	0.523524394875654	0.617606533132102	-9.42092953971272e-06	0.993782821305429	0.999481737884185	0.999534435385949
Amoebophilaceae	0.712823323073686	0.527125997285001	0.476505464802561	-6.64148644022244e-06	0.993782821305429	0.999481737884185	0.999534435385949
Anaerohalosphaeraceae	0.151732484987955	0.813169475350967	0.702445497421602	-2.46882226521223e-05	0.939172008500914	0.999481737884185	0.999534435385949
Anaerolineaceae	0.624528910222569	0.510130489968265	0.608447373873243	-6.94474566297724e-06	0.993782821305429	0.999481737884185	0.999534435385949
Anaeromyxobacteraceae	0.882323388656262	0.813140410801524	0.875843559137397	-2.46749680597411e-06	0.993782821305429	0.999481737884185	0.999534435385949
Anaplasmataceae	0.0694383915073752	0.420833755343071	0.272982220579311	-2.87109094216399e-05	0.874364406418784	0.999481737884185	0.999534435385949
Aphanizomenonaceae	0.171133730058741	0.522911299383054	0.444283190503998	-2.02663478187439e-05	0.939172008500914	0.999481737884185	0.999534435385949
Aphanothecaceae	0.184484501917958	0.603396935068812	0.451175458119509	-1.75233855569475e-05	0.939172008500914	0.999481737884185	0.999534435385949
Aquificaceae	0.358551290665832	0.867129634465607	0.83407649361334	-1.56361397013226e-05	0.993782821305429	0.999481737884185	0.999534435385949
Archaeoglobaceae	0.634568579765854	0.71953900495241	0.522087248709029	-6.20531370595589e-06	0.993782821305429	0.999481737884185	0.999534435385949
Archangiaceae	0.909682088102717	0.591418856152375	0.60770897425219	-1.81031941901448e-06	0.993782821305429	0.999481737884185	0.999534435385949
Ardenticatenaceae	0.558099381165163	0.714647827598024	0.563162967824317	9.63837861921051e-06	0.993782821305429	0.999481737884185	0.999534435385949
Aspergillaceae	0.567177123062254	0.90413585454103	0.949793106875453	-7.81961507893388e-06	0.993782821305429	0.999481737884185	0.999534435385949
Atopobiaceae	0.5118235076087	0.85397234780974	0.926515651753796	-1.26801400452389e-05	0.993782821305429	0.999481737884185	0.999534435385949
Aurantimonadaceae	0.764599810877866	0.604528623235988	0.670250687299967	-4.89951846012528e-06	0.993782821305429	0.999481737884185	0.999534435385949
Azonexaceae	0.663390817846053	0.89416734286364	0.715848222735744	-5.89899998357874e-06	0.993782821305429	0.999481737884185	0.999534435385949
Bacillaceae	0.199911145031546	0.874245406744833	0.761253418369061	-1.54605055613651e-05	0.939172008500914	0.999481737884185	0.999534435385949
Bacteriovoracaceae	0.366556582607581	0.955635370042629	0.854939900719494	-1.64118632017141e-05	0.993782821305429	0.999481737884185	0.999534435385949
Bacteroidaceae	0.576354534642738	0.278669337699905	0.29398973504112	1.70906541795293e-05	0.993782821305429	0.999481737884185	0.999534435385949
Baekduiaceae	0.925933033379208	0.912882499355467	0.898248642606324	1.89851462193576e-06	0.993782821305429	0.999481737884185	0.999534435385949
Barnesiellaceae	0.833873303184659	0.0326528100413176	0.0598084920001467	-5.191906174759e-06	0.993782821305429	0.999481737884185	0.999534435385949
Bartonellaceae	0.0949037562826858	0.745886418109621	0.59103292523756	-2.41387385982639e-05	0.874364406418784	0.999481737884185	0.999534435385949
Bdellovibrionaceae	0.147373705931379	0.839947692250712	0.816256784802802	-1.8608596066574e-05	0.939172008500914	0.999481737884185	0.999534435385949
Beijerinckiaceae	0.424644094938755	0.964150882823435	0.875446950290613	-1.3210449836569e-05	0.993782821305429	0.999481737884185	0.999534435385949
Bernardetiaceae	0.0902955264957857	0.999481737884185	0.816753265437446	-3.58048324774292e-05	0.874364406418784	0.999481737884185	0.999534435385949
Beutenbergiaceae	0.883937719504433	0.405545598075927	0.580359867810248	2.49909748773565e-06	0.993782821305429	0.999481737884185	0.999534435385949
Bifidobacteriaceae	0.436530942964143	0.586976966189731	0.910637806307562	2.78497393804059e-05	0.993782821305429	0.999481737884185	0.999534435385949
Blattabacteriaceae	0.0587205027181903	0.397740538137773	0.224251248985353	-3.28408977631887e-05	0.874364406418784	0.999481737884185	0.999534435385949
Bogoriellaceae	0.323287552753531	0.347790700974444	0.26566345042049	1.6854720692436e-05	0.993782821305429	0.999481737884185	0.999534435385949
Borreliaceae	0.0428834858690487	0.254778016114331	0.185309403221294	-3.85365757261002e-05	0.874364406418784	0.999481737884185	0.999534435385949
Brachyspiraceae	0.0649936144248331	0.450059850649811	0.344049865811175	-3.4237409517185e-05	0.874364406418784	0.999481737884185	0.999534435385949
Bradymonadaceae	0.667261575373614	0.160620386476738	0.100237771012894	8.30927186231906e-06	0.993782821305429	0.999481737884185	0.999534435385949
Bradyrhizobiaceae	0.755199234172024	0.73784001651868	0.776608361113473	-4.5507771182576e-06	0.993782821305429	0.999481737884185	0.999534435385949
Brevibacteriaceae	0.623609934770441	0.710833972987591	0.462077234263025	7.01030692511412e-06	0.993782821305429	0.999481737884185	0.999534435385949
Brucellaceae	0.539147367809019	0.81261708806668	0.827088097868409	-8.32934411879909e-06	0.993782821305429	0.999481737884185	0.999534435385949
Budviciaceae	0.843064586904294	0.51904259190814	0.381427252034774	2.52743310753469e-06	0.993782821305429	0.999481737884185	0.999534435385949
Burkholderiaceae	0.937634777584733	0.500944638326173	0.503158774982946	-1.13727320485913e-06	0.993782821305429	0.999481737884185	0.999534435385949
Caldilineaceae	0.600461233326357	0.972088061428083	0.915861655882846	-9.11619182455001e-06	0.993782821305429	0.999481737884185	0.999534435385949
Caldisphaeraceae	0.0964320350340234	0.524488807632043	0.332392395763312	-3.69472756585488e-05	0.874364406418784	0.999481737884185	0.999534435385949
Calditrichaceae	0.745188537829123	0.781761907321477	0.886092019163656	4.54962049259218e-06	0.993782821305429	0.999481737884185	0.999534435385949
Calotrichaceae	0.0676368979070636	0.420558550422095	0.268218158329702	-2.43882448101517e-05	0.874364406418784	0.999481737884185	0.999534435385949
Campylobacteraceae	0.542023873948244	0.894748201197172	0.724105315237428	-1.1054617076191e-05	0.993782821305429	0.999481737884185	0.999534435385949
Candidatus Brocadiaceae	0.181038452115819	0.840549082608351	0.464697404281033	-2.02280343129328e-05	0.939172008500914	0.999481737884185	0.999534435385949
Candidatus Deianiraeaceae	0.586339071683711	0.407614334893158	0.337479450256159	1.40193286467273e-05	0.993782821305429	0.999481737884185	0.999534435385949
Candidatus Methanomethylophilaceae	0.662329370081568	0.682401884897203	0.85183598088275	-8.26866109075296e-06	0.993782821305429	0.999481737884185	0.999534435385949
Candidatus Midichloriaceae	0.220810131827959	0.860277137955247	0.994874042970454	-2.7201675071606e-05	0.939172008500914	0.999481737884185	0.999534435385949
Candidatus Nanopelagicaceae	0.0724045155565766	0.876263520490577	0.589326309901037	-2.89847873863014e-05	0.874364406418784	0.999481737884185	0.999534435385949
Candidatus Paracaedibacteraceae	0.38306351859897	0.884779106177231	0.910503209359251	-2.20949723502376e-05	0.993782821305429	0.999481737884185	0.999534435385949
Cardiobacteriaceae	0.125658165591402	0.986539872677032	0.686319995602826	-2.4738038468299e-05	0.880680002488577	0.999481737884185	0.999534435385949
Carnobacteriaceae	0.288898967942034	0.709157946281119	0.713661341794082	-1.52527244873063e-05	0.993782821305429	0.999481737884185	0.999534435385949
Casimicrobiaceae	0.114971119257603	0.63470333297647	0.506213860836341	-3.00729134858875e-05	0.880680002488577	0.999481737884185	0.999534435385949
Catenulisporaceae	0.813809840647076	0.948124995112522	0.938030006286851	-4.0930184150074e-06	0.993782821305429	0.999481737884185	0.999534435385949
Caulobacteraceae	0.808271947890157	0.698066856320945	0.790359433496193	-3.7653429132229e-06	0.993782821305429	0.999481737884185	0.999534435385949
Cellulomonadaceae	0.815716162696163	0.74965909195113	0.601602794015212	3.68716230773518e-06	0.993782821305429	0.999481737884185	0.999534435385949
Cellvibrionaceae	0.420810459636982	0.553057582176852	0.777255775325861	-1.14235859978753e-05	0.993782821305429	0.999481737884185	0.999534435385949
Chaetomiaceae	0.443714139456128	0.798633974886767	0.907509122779937	-1.15933100757043e-05	0.993782821305429	0.999481737884185	0.999534435385949
Chamaesiphonaceae	0.104855705775494	0.827406763909435	0.784300618833778	-2.75511778769334e-05	0.874364406418784	0.999481737884185	0.999534435385949
Chelatococcaceae	0.986657436469712	0.799917926303052	0.731662479293747	-2.95879356069522e-07	0.996330548591964	0.999481737884185	0.999534435385949
Chitinophagaceae	0.615651940132626	0.210362839033814	0.252440825464582	-5.81795706970839e-06	0.993782821305429	0.999481737884185	0.999534435385949
Chlamydiaceae	0.899228749919446	0.747714007381895	0.422714126065167	2.07067822711545e-06	0.993782821305429	0.999481737884185	0.999534435385949
Chlorobiaceae	0.642183582650406	0.531939656686694	0.649447017847005	-6.3284338719136e-06	0.993782821305429	0.999481737884185	0.999534435385949
Chloroflexaceae	0.485650487864233	0.461990603508485	0.753500212624299	-1.10299990554656e-05	0.993782821305429	0.999481737884185	0.999534435385949
Christensenellaceae	0.100572506850451	0.58221333500027	0.418544163436125	-3.56287815551721e-05	0.874364406418784	0.999481737884185	0.999534435385949
Chromatiaceae	0.710344799261445	0.665360736816201	0.713691729871213	-5.22807022976263e-06	0.993782821305429	0.999481737884185	0.999534435385949
Chromobacteriaceae	0.697645850097143	0.750780406960685	0.772333966544749	-6.1030722392728e-06	0.993782821305429	0.999481737884185	0.999534435385949
Chroococcaceae	0.302234933389814	0.9093393800956	0.964736480993935	-1.31519884836034e-05	0.993782821305429	0.999481737884185	0.999534435385949
Chroococcidiopsidaceae	0.779678837941116	0.510047555494453	0.40649752778273	4.9844621222273e-06	0.993782821305429	0.999481737884185	0.999534435385949
Chrysiogenaceae	0.813228609368328	0.981309544578657	0.654531276998527	-3.77171546943941e-06	0.993782821305429	0.999481737884185	0.999534435385949
Chthonomonadaceae	0.75316601059059	0.316514823654644	0.385649987984562	5.4961224281324e-06	0.993782821305429	0.999481737884185	0.999534435385949
Clavicipitaceae	0.428544451942602	0.906988857532106	0.942393642155686	-1.08368408830229e-05	0.993782821305429	0.999481737884185	0.999534435385949
Clostridiaceae	0.0731326078163971	0.277419428384434	0.303911131662624	-2.43392232995665e-05	0.874364406418784	0.999481737884185	0.999534435385949
Clostridiales Family XIII. Incertae Sedis	0.45537830426748	0.884798184464507	0.930887856908024	-1.08491380455852e-05	0.993782821305429	0.999481737884185	0.999534435385949
Clostridiales Family XVI. Incertae Sedis	0.789507986092	0.98607606363371	0.887613159127982	3.61605390563184e-06	0.993782821305429	0.999481737884185	0.999534435385949
Clostridiales Family XVII. Incertae Sedis	0.697564077433695	0.917744640298794	0.978113953385701	-6.77492814721475e-06	0.993782821305429	0.999481737884185	0.999534435385949
Cohaesibacteraceae	0.31106021585837	0.564733114135208	0.716047463794356	-1.6297620619858e-05	0.993782821305429	0.999481737884185	0.999534435385949
Coleofasciculaceae	0.744871720051207	0.743101681011072	0.987437261429555	-5.06376602524673e-06	0.993782821305429	0.999481737884185	0.999534435385949
Colwelliaceae	0.215620414486551	0.585125635629439	0.400762453579119	-1.50597127864062e-05	0.939172008500914	0.999481737884185	0.999534435385949
Comamonadaceae	0.976536791669686	0.605311322371595	0.578424446909439	-4.56002744822966e-07	0.994675979538196	0.999481737884185	0.999534435385949
Conexibacteraceae	0.780536421147178	0.666731024201393	0.646411575273347	5.18292572697588e-06	0.993782821305429	0.999481737884185	0.999534435385949
Coprothermobacteraceae	0.668007867668803	0.81244912969902	0.877771158474014	-1.02053805475001e-05	0.993782821305429	0.999481737884185	0.999534435385949
Coriobacteriaceae	0.589420614136443	0.937636653151459	0.820785760141486	-1.6582353571779e-05	0.993782821305429	0.999481737884185	0.999534435385949
Corynebacteriaceae	0.724894469167983	0.467608222649047	0.469804020866915	4.89625060701956e-06	0.993782821305429	0.999481737884185	0.999534435385949
Coxiellaceae	0.0993738049495259	0.254935601946657	0.119357589922407	-2.236729696282e-05	0.874364406418784	0.999481737884185	0.999534435385949
Crocinitomicaceae	0.0682391449005251	0.94825065985891	0.783994736986041	-3.28042660186832e-05	0.874364406418784	0.999481737884185	0.999534435385949
Cryomorphaceae	0.634997034449294	0.00436239643348561	0.00441584051212881	8.71023024609747e-06	0.993782821305429	0.999481737884185	0.999534435385949
Cryptococcaceae	0.389592195991835	0.761414179967441	0.653473212047362	-1.28779944378812e-05	0.993782821305429	0.999481737884185	0.999534435385949
Cuniculiplasmataceae	0.42795740632759	0.756357961871463	0.5632905375116	-1.46888410324394e-05	0.993782821305429	0.999481737884185	0.999534435385949
Cyanobacteriaceae	0.382160691027232	0.817662065432733	0.837705450064785	-1.49109388080548e-05	0.993782821305429	0.999481737884185	0.999534435385949
Cyanothecaceae	0.510420698626036	0.512935818033999	0.434741759690111	-1.03132495211872e-05	0.993782821305429	0.999481737884185	0.999534435385949
Cyclobacteriaceae	0.416963788345246	0.397279272776178	0.439722275701713	-9.60146590012886e-06	0.993782821305429	0.999481737884185	0.999534435385949
Cytophagaceae	0.653234386209044	0.38477936339887	0.461550478914574	-5.64921328074659e-06	0.993782821305429	0.999481737884185	0.999534435385949
Debaryomycetaceae	0.0800454483153165	0.32361887538561	0.303211110044771	-3.07215557776733e-05	0.874364406418784	0.999481737884185	0.999534435385949
Deferribacteraceae	0.277943011054202	0.798834195594814	0.725879577936057	-1.37916820254966e-05	0.993782821305429	0.999481737884185	0.999534435385949
Dehalococcoidaceae	0.592486629017752	0.937863949054608	0.770619526608482	9.46585431898629e-06	0.993782821305429	0.999481737884185	0.999534435385949
Deinococcaceae	0.943901284804282	0.685575191776415	0.675405022134395	-1.14459412720366e-06	0.993782821305429	0.999481737884185	0.999534435385949
Dermabacteraceae	0.760550205475132	0.593788222795002	0.470735942003094	4.42109973685916e-06	0.993782821305429	0.999481737884185	0.999534435385949
Dermacoccaceae	0.902919529531776	0.746115308184593	0.824758915760962	-2.13911078412857e-06	0.993782821305429	0.999481737884185	0.999534435385949
Dermatophilaceae	0.648377916000598	0.718405592337604	0.520416557632071	5.96956786462269e-06	0.993782821305429	0.999481737884185	0.999534435385949
Dermocarpellaceae	0.105903335709527	0.861532651164819	0.401955269446749	-2.73321515990951e-05	0.874364406418784	0.999481737884185	0.999534435385949
Desulfarculaceae	0.406057974789881	0.626428833109149	0.813311385971439	-1.45344667763288e-05	0.993782821305429	0.999481737884185	0.999534435385949
Desulfobacteraceae	0.95787129796989	0.542879314117825	0.543162217424159	-7.02576446949466e-07	0.993782821305429	0.999481737884185	0.999534435385949
Desulfobulbaceae	0.995721909525348	0.579073176566357	0.555898819438094	8.48400722082274e-08	0.997659111683958	0.999481737884185	0.999534435385949
Desulfohalobiaceae	0.474315108343969	0.436496703928335	0.215233452307729	1.06742841007596e-05	0.993782821305429	0.999481737884185	0.999534435385949
Desulfomicrobiaceae	0.880944778606281	0.618426885240428	0.525420313232659	-2.34274370092616e-06	0.993782821305429	0.999481737884185	0.999534435385949
Desulfovibrionaceae	0.307720803164597	0.78141639364199	0.606210080920557	-2.98108300628146e-05	0.993782821305429	0.999481737884185	0.999534435385949
Desulfurellaceae	0.110921948904825	0.963481874321628	0.828034916964337	-2.62167487770299e-05	0.880680002488577	0.999481737884185	0.999534435385949
Desulfurobacteriaceae	0.113747195325703	0.40355787695311	0.238926196620541	-2.51113477015588e-05	0.880680002488577	0.999481737884185	0.999534435385949
Desulfurococcaceae	0.495654709916419	0.401143365788709	0.637339458380292	-1.00406384502262e-05	0.993782821305429	0.999481737884185	0.999534435385949
Desulfuromonadaceae	0.646527398329012	0.969508014379141	0.929068110502611	-6.63008422380107e-06	0.993782821305429	0.999481737884185	0.999534435385949
Dictyoglomaceae	0.285691165472267	0.940962281630896	0.968095651846119	-2.05334339507952e-05	0.993782821305429	0.999481737884185	0.999534435385949
Dietziaceae	0.689703928526418	0.890001279349792	0.890163950368522	-6.4675956338114e-06	0.993782821305429	0.999481737884185	0.999534435385949
Dipodascaceae	0.0816017268983789	0.197743224683984	0.437720150660369	-3.26930902308501e-05	0.874364406418784	0.999481737884185	0.999534435385949
Dysgonamonadaceae	0.685473782342712	0.0523755593157292	0.0712341527210887	-6.79349772186942e-06	0.993782821305429	0.999481737884185	0.999534435385949
Ectothiorhodospiraceae	0.437723669751728	0.911814737195792	0.933051694113592	-1.27466999202291e-05	0.993782821305429	0.999481737884185	0.999534435385949
Eggerthellaceae	0.638833866566897	0.635662077918915	0.74153551575649	1.44272076559441e-05	0.993782821305429	0.999481737884185	0.999534435385949
Egibacteraceae	0.483029182063998	0.882099948149271	0.887608723076117	-1.29816237948626e-05	0.993782821305429	0.999481737884185	0.999534435385949
Egicoccaceae	0.706598228559968	0.801205544166107	0.696894207040218	7.60596555484175e-06	0.993782821305429	0.999481737884185	0.999534435385949
Elusimicrobiaceae	0.976867630334285	0.372317805098639	0.209504308585161	-4.18134626786965e-07	0.994675979538196	0.999481737884185	0.999534435385949
Emcibacteraceae	0.559623328158696	0.778845732041179	0.735494048421314	-8.60511667354415e-06	0.993782821305429	0.999481737884185	0.999534435385949
Endomicrobiaceae	0.694742663159167	0.809480091348077	0.943716724406902	-7.03282671032641e-06	0.993782821305429	0.999481737884185	0.999534435385949
Endozoicomonadaceae	0.34418565288122	0.343517421836469	0.415088901797663	-1.569012763919e-05	0.993782821305429	0.999481737884185	0.999534435385949
Enterobacteriaceae	0.469354072887778	0.0816227826280644	0.497127203269509	-1.69999123871734e-05	0.993782821305429	0.999481737884185	0.999534435385949
Enterococcaceae	0.621007497085772	0.878623405489169	0.966006316611001	-7.18057229560436e-06	0.993782821305429	0.999481737884185	0.999534435385949
Entomoplasmataceae	0.0933513333237592	0.359367921934191	0.364731739107875	-4.0859750919554e-05	0.874364406418784	0.999481737884185	0.999534435385949
Erwiniaceae	0.198813251869965	0.791352700444035	0.577660969588857	-1.67820540309534e-05	0.939172008500914	0.999481737884185	0.999534435385949
Erysipelotrichaceae	0.0380464472884768	0.128566568470752	0.121391040436867	-4.49369557867574e-05	0.874364406418784	0.999481737884185	0.999534435385949
Erythrobacteraceae	0.930629459897929	0.564064520405987	0.548940276511254	1.3177877684143e-06	0.993782821305429	0.999481737884185	0.999534435385949
Eubacteriaceae	0.637810726730064	0.802093596246742	0.787444950894861	7.20587237335352e-06	0.993782821305429	0.999481737884185	0.999534435385949
Euzebyaceae	0.782389114422317	0.473957168379878	0.432895600847498	-5.5945551260335e-06	0.993782821305429	0.999481737884185	0.999534435385949
Ferrimonadaceae	0.271782252208006	0.869943590329353	0.972063161631897	-1.87114324823233e-05	0.993782821305429	0.999481737884185	0.999534435385949
Ferroplasmaceae	0.0895782554938235	0.14217428238675	0.0886031030495304	-3.52143520410866e-05	0.874364406418784	0.999481737884185	0.999534435385949
Fervidobacteriaceae	0.00798023975456647	0.298732549459943	0.209032460442993	-4.57306397925152e-05	0.874364406418784	0.999481737884185	0.999534435385949
Fibrobacteraceae	0.315066782691996	0.966554802297738	0.893898929011471	-1.89192617552431e-05	0.993782821305429	0.999481737884185	0.999534435385949
Fimbriimonadaceae	0.57653844171431	0.332409722379317	0.152422559949052	8.02280548325333e-06	0.993782821305429	0.999481737884185	0.999534435385949
Flammeovirgaceae	0.0896865421403148	0.976530702948285	0.880879870049671	-2.17014591990871e-05	0.874364406418784	0.999481737884185	0.999534435385949
Flavobacteriaceae	0.114731665000276	0.80173005787838	0.969580155752758	-1.95650640772273e-05	0.880680002488577	0.999481737884185	0.999534435385949
Francisellaceae	0.0940514366186966	0.600675692926372	0.55604413470926	-2.64984374139547e-05	0.874364406418784	0.999481737884185	0.999534435385949
Frankiaceae	0.953230956695295	0.788570362537171	0.757688455452416	-8.98036607953968e-07	0.993782821305429	0.999481737884185	0.999534435385949
Fusobacteriaceae	0.163377451136819	0.78250651153033	0.780768583014879	-2.44985615849353e-05	0.939172008500914	0.999481737884185	0.999534435385949
Gallionellaceae	0.749427863187684	0.589597950341706	0.643925545783667	-4.39853645537244e-06	0.993782821305429	0.999481737884185	0.999534435385949
Gemmataceae	0.921178785325794	0.9198858104847	0.76421539111684	-1.61537135941918e-06	0.993782821305429	0.999481737884185	0.999534435385949
Gemmatimonadaceae	0.641511250540737	0.656027000168785	0.758031081192733	-7.67427162790639e-06	0.993782821305429	0.999481737884185	0.999534435385949
Geobacteraceae	0.876949537505067	0.889884918737155	0.991991091952849	-2.39552453720443e-06	0.993782821305429	0.999481737884185	0.999534435385949
Geodermatophilaceae	0.924110656974914	0.65098786662493	0.706188803008568	-1.69650022059081e-06	0.993782821305429	0.999481737884185	0.999534435385949
Gloeobacteraceae	0.43035637331831	0.850505710782696	0.961678997926297	-1.41228998604397e-05	0.993782821305429	0.999481737884185	0.999534435385949
Gloeomargaritaceae	0.17858925323377	0.369938526702737	0.263043072678808	-2.23752836487331e-05	0.939172008500914	0.999481737884185	0.999534435385949
Glomerellaceae	0.746718550362815	0.246378944299676	0.338856462467819	-4.51425763807771e-06	0.993782821305429	0.999481737884185	0.999534435385949
Glycomycetaceae	0.557679932600581	0.931191770948807	0.933019028588397	-1.18321584998581e-05	0.993782821305429	0.999481737884185	0.999534435385949
Gomontiellaceae	0.897466259331879	0.656459686526536	0.460092345543838	2.2783966683199e-06	0.993782821305429	0.999481737884185	0.999534435385949
Gordoniaceae	0.801404758926443	0.519690500074454	0.450834418687143	3.9029926945253e-06	0.993782821305429	0.999481737884185	0.999534435385949
Gottschalkiaceae	0.023543270481262	0.225645710276451	0.0938543248132596	-4.7079189757146e-05	0.874364406418784	0.999481737884185	0.999534435385949
Granulosicoccaceae	0.34088735722151	0.548936603784715	0.702119933986008	-1.47875121273413e-05	0.993782821305429	0.999481737884185	0.999534435385949
Hafniaceae	0.331174196729783	0.818013549986261	0.793658871946649	-1.30980386475646e-05	0.993782821305429	0.999481737884185	0.999534435385949
Hahellaceae	0.455938847117377	0.787470072436114	0.903284935335218	-1.07308604657533e-05	0.993782821305429	0.999481737884185	0.999534435385949
Halanaerobiaceae	0.394543956419564	0.89622337330974	0.937814993521249	-1.28593138379438e-05	0.993782821305429	0.999481737884185	0.999534435385949
Halieaceae	0.943313317248087	0.493933330966986	0.456949527894183	-9.92539701478163e-07	0.993782821305429	0.999481737884185	0.999534435385949
Haliscomenobacteraceae	0.21256688886419	0.956255255061288	0.750292337349882	-1.89001662908187e-05	0.939172008500914	0.999481737884185	0.999534435385949
Haloarculaceae	0.738089418891543	0.784304657361997	0.859606798176526	-5.59172876342278e-06	0.993782821305429	0.999481737884185	0.999534435385949
Halobacteriaceae	0.722966661267484	0.652870733429332	0.552084725287756	6.28760957436648e-06	0.993782821305429	0.999481737884185	0.999534435385949
Halobacteriovoraceae	0.537988653080196	0.346347199669492	0.380248117238288	-1.27025424905036e-05	0.993782821305429	0.999481737884185	0.999534435385949
Halobacteroidaceae	0.97672859108458	0.238480439661323	0.24297705928992	4.68746909640633e-07	0.994675979538196	0.999481737884185	0.999534435385949
Haloferacaceae	0.85767990088684	0.434597353472898	0.515626680180546	-2.7723020967523e-06	0.993782821305429	0.999481737884185	0.999534435385949
Halomonadaceae	0.668125042629249	0.85498845392454	0.924339480667879	-6.22729750497922e-06	0.993782821305429	0.999481737884185	0.999534435385949
Halorubraceae	0.744068903441347	0.447706731379365	0.552979375295699	-5.52189782765179e-06	0.993782821305429	0.999481737884185	0.999534435385949
Halothiobacillaceae	0.365165926437967	0.958065432320502	0.929129502580449	-1.80730117807141e-05	0.993782821305429	0.999481737884185	0.999534435385949
Hapalosiphonaceae	0.57589761458208	0.638726666593805	0.816647678068191	9.12254365479361e-06	0.993782821305429	0.999481737884185	0.999534435385949
Helicobacteraceae	0.218928321120172	0.90206441012956	0.995890800715078	-1.7666975946691e-05	0.939172008500914	0.999481737884185	0.999534435385949
Heliobacteriaceae	0.84791516274141	0.42065345794429	0.557852785069298	-2.91042017381009e-06	0.993782821305429	0.999481737884185	0.999534435385949
Holosporaceae	0.105347297735592	0.319106258543811	0.356246847222527	-2.93088364209985e-05	0.874364406418784	0.999481737884185	0.999534435385949
Hungateiclostridiaceae	0.421782039821859	0.841614484537717	0.875243509358404	-1.01259228323707e-05	0.993782821305429	0.999481737884185	0.999534435385949
Hydrogenophilaceae	0.50070091673851	0.994362969432875	0.700249047423108	-1.29389305269121e-05	0.993782821305429	0.999481737884185	0.999534435385949
Hydrogenothermaceae	0.23616324136119	0.396286307729532	0.335157568703545	-2.28910101767754e-05	0.962181170757605	0.999481737884185	0.999534435385949
Hyellaceae	0.441942945195232	0.393189318596984	0.840629454028115	-1.69825013964805e-05	0.993782821305429	0.999481737884185	0.999534435385949
Hymenobacteraceae	0.578555453220855	0.406969909313513	0.527715161615157	-8.06114794032531e-06	0.993782821305429	0.999481737884185	0.999534435385949
Hyphomicrobiaceae	0.77727829185994	0.698795134367459	0.685361830447471	-4.29290672175773e-06	0.993782821305429	0.999481737884185	0.999534435385949
Hyphomonadaceae	0.650489401056251	0.444230690868637	0.43299398630116	-6.8618623667733e-06	0.993782821305429	0.999481737884185	0.999534435385949
Iamiaceae	0.939401968984293	0.695849982205177	0.665246898761611	-1.38262401114807e-06	0.993782821305429	0.999481737884185	0.999534435385949
Ichthyobacteriaceae	0.830285656485842	0.888993863733333	0.871757832541967	-4.28386257636437e-06	0.993782821305429	0.999481737884185	0.999534435385949
Idiomarinaceae	0.072493576998896	0.78036574975817	0.932406919741406	-2.55420086317183e-05	0.874364406418784	0.999481737884185	0.999534435385949
Ignavibacteriaceae	0.577457585667124	0.0042460844085	0.0098419128570516	9.71292298473088e-06	0.993782821305429	0.999481737884185	0.999534435385949
Ilumatobacteraceae	0.462152876048375	0.904807314660529	0.962949356059982	-1.63877344240382e-05	0.993782821305429	0.999481737884185	0.999534435385949
Immundisolibacteraceae	0.991211009153085	0.637452669984336	0.676047277214928	1.80204074189622e-07	0.996884994470054	0.999481737884185	0.999534435385949
Intrasporangiaceae	0.878321629019415	0.727197471101131	0.613454822012142	2.49083935080096e-06	0.993782821305429	0.999481737884185	0.999534435385949
Isosphaeraceae	0.847688393558422	0.647397468682867	0.514481595986643	3.19618278717293e-06	0.993782821305429	0.999481737884185	0.999534435385949
Jiangellaceae	0.411441137652823	0.619490486576451	0.435833685780388	1.46504748505813e-05	0.993782821305429	0.999481737884185	0.999534435385949
Jonesiaceae	0.884641653315569	0.832072165489534	0.485595840144355	-2.68327544112486e-06	0.993782821305429	0.999481737884185	0.999534435385949
Kangiellaceae	0.106844114791708	0.308478331941333	0.268045065575693	-2.72986612335863e-05	0.874364406418784	0.999481737884185	0.999534435385949
Kineosporiaceae	0.93420470026611	0.329038394286339	0.362287048937007	1.70234753107904e-06	0.993782821305429	0.999481737884185	0.999534435385949
Kiritimatiellaceae	0.276312779998793	0.235618109109762	0.126043326592653	2.10457510272454e-05	0.993782821305429	0.999481737884185	0.999534435385949
Kofleriaceae	0.960978339825444	0.746771823632284	0.627272034009954	-8.79854616127074e-07	0.993782821305429	0.999481737884185	0.999534435385949
Kosmotogaceae	0.0998767811777503	0.491290122142381	0.416702495019909	-2.18514737094905e-05	0.874364406418784	0.999481737884185	0.999534435385949
Ktedonosporobacteraceae	0.564002452062532	0.663351037684604	0.808624866621691	-1.00293644580417e-05	0.993782821305429	0.999481737884185	0.999534435385949
Labilitrichaceae	0.862959313798463	0.776151923465283	0.616993035235856	-2.91458112192255e-06	0.993782821305429	0.999481737884185	0.999534435385949
Lachnospiraceae	0.223264157205739	0.614957865010549	0.911152485298249	-1.78811063218527e-05	0.939172008500914	0.999481737884185	0.999534435385949
Lacipirellulaceae	0.298370233349456	0.531519603431722	0.537882447193721	-1.71763930437359e-05	0.993782821305429	0.999481737884185	0.999534435385949
Lactobacillaceae	0.139547241095458	0.325599881101743	0.215190144808144	-2.70416642829028e-05	0.933335443690404	0.999481737884185	0.999534435385949
Legionellaceae	0.237275745021778	0.729077457509404	0.571110743389062	-1.44371141505453e-05	0.962181170757605	0.999481737884185	0.999534435385949
Leptolyngbyaceae	0.563138293134052	0.728770735788681	0.813056342316092	-8.43029642185295e-06	0.993782821305429	0.999481737884185	0.999534435385949
Leptospiraceae	0.304211113209815	0.669305841536344	0.923107274959125	-1.3846449494956e-05	0.993782821305429	0.999481737884185	0.999534435385949
Leptotrichiaceae	0.126544311037194	0.785745341884571	0.6317184274792	-2.52344109822721e-05	0.880680002488577	0.999481737884185	0.999534435385949
Leuconostocaceae	0.00324046049438899	0.0675181112059006	0.047491099290597	-6.15279119111871e-05	0.874364406418784	0.999481737884185	0.999534435385949
Lichenihabitantaceae	0.638643729981979	0.504745354822166	0.383758177682103	8.12344645728572e-06	0.993782821305429	0.999481737884185	0.999534435385949
Limnochordaceae	0.654836874536937	0.89995389180143	0.906231184727301	-7.83217407945095e-06	0.993782821305429	0.999481737884185	0.999534435385949
Listeriaceae	0.167865903374453	0.780836596154988	0.755168071553987	-1.93407552221915e-05	0.939172008500914	0.999481737884185	0.999534435385949
Litoricolaceae	0.907529562436611	0.0268256650922096	0.0153435640683563	1.83560619653262e-06	0.993782821305429	0.999481737884185	0.999534435385949
Magnetococcaceae	0.522721574717837	0.436232870427039	0.436004564159034	-9.89564971454343e-06	0.993782821305429	0.999481737884185	0.999534435385949
Malasseziaceae	0.210019965892588	0.581694178936069	0.533954293341493	-2.53453235482621e-05	0.939172008500914	0.999481737884185	0.999534435385949
Marinifilaceae	0.420388354904583	0.203711222824287	0.231652661637768	-1.31986679231186e-05	0.993782821305429	0.999481737884185	0.999534435385949
Marinilabiliaceae	0.0880409156284536	0.513611689788372	0.458063201668082	-2.65229675442491e-05	0.874364406418784	0.999481737884185	0.999534435385949
Mariprofundaceae	0.960211471677653	0.315849423376849	0.422917937854661	7.02562122674626e-07	0.993782821305429	0.999481737884185	0.999534435385949
Melioribacteraceae	0.154830990549084	0.516593752173016	0.686056251867929	-2.73396917086208e-05	0.939172008500914	0.999481737884185	0.999534435385949
Merismopediaceae	0.979224702186146	0.755801986116042	0.373368020340547	3.51026814552704e-07	0.994675979538196	0.999481737884185	0.999534435385949
Mesoaciditogaceae	0.326830828682782	0.507364848441861	0.674181051622219	-1.79317667471463e-05	0.993782821305429	0.999481737884185	0.999534435385949
Methanobacteriaceae	0.78315937087582	0.766252393466681	0.937007573039709	1.19790385223831e-05	0.993782821305429	0.999481737884185	0.999534435385949
Methanocaldococcaceae	0.0808640857218138	0.832095943781059	0.687507112380085	-4.03795245604719e-05	0.874364406418784	0.999481737884185	0.999534435385949
Methanocellaceae	0.67738387591782	0.373717578462536	0.516032139078686	-6.91937259609556e-06	0.993782821305429	0.999481737884185	0.999534435385949
Methanococcaceae	0.126126130029419	0.562339920668885	0.384222396516135	-2.40249994066763e-05	0.880680002488577	0.999481737884185	0.999534435385949
Methanocorpusculaceae	0.213412593895931	0.903914203861984	0.665937178543078	-1.83753911606262e-05	0.939172008500914	0.999481737884185	0.999534435385949
Methanomassiliicoccaceae	0.849979268005005	0.59744661391701	0.661736338485993	-2.92090966142229e-06	0.993782821305429	0.999481737884185	0.999534435385949
Methanomicrobiaceae	0.568473951324348	0.544071272287573	0.558458572011014	-7.68121033110861e-06	0.993782821305429	0.999481737884185	0.999534435385949
Methanopyraceae	0.419122071079286	0.681754759848736	0.615072181720634	-1.69212144534903e-05	0.993782821305429	0.999481737884185	0.999534435385949
Methanoregulaceae	0.617285178573604	0.575176123083352	0.593094199993031	-8.75977927291464e-06	0.993782821305429	0.999481737884185	0.999534435385949
Methanosarcinaceae	0.251724514667988	0.971882370183817	0.793034647192708	-1.3029973670715e-05	0.989604008045906	0.999481737884185	0.999534435385949
Methanospirillaceae	0.16954612330213	0.825613543532891	0.39078381859577	-2.01156932630887e-05	0.939172008500914	0.999481737884185	0.999534435385949
Methanothermaceae	0.174298792250942	0.129429867969546	0.426619760584525	-3.1771758112017e-05	0.939172008500914	0.999481737884185	0.999534435385949
Methanotrichaceae	0.993013596433277	0.424640294189804	0.492328947761496	1.70513718595047e-07	0.996884994470054	0.999481737884185	0.999534435385949
Methylacidiphilaceae	0.569941067999269	0.594676269757168	0.763112568866378	-9.56017986843457e-06	0.993782821305429	0.999481737884185	0.999534435385949
Methylobacteriaceae	0.957158993662478	0.493990790508101	0.448060751741634	8.7742045077566e-07	0.993782821305429	0.999481737884185	0.999534435385949
Methylococcaceae	0.531663025491591	0.970841583807556	0.999395947560865	-7.84734324122932e-06	0.993782821305429	0.999481737884185	0.999534435385949
Methylocystaceae	0.386542658144537	0.869983514683707	0.888684608855173	-1.35558889340125e-05	0.993782821305429	0.999481737884185	0.999534435385949
Methylophilaceae	0.434279982727801	0.735200114468798	0.620782593763169	-9.7696620096562e-06	0.993782821305429	0.999481737884185	0.999534435385949
Microbacteriaceae	0.905476678383407	0.671596802028829	0.597273523471509	1.86334808705811e-06	0.993782821305429	0.999481737884185	0.999534435385949
Microbulbiferaceae	0.773381205888026	0.447114901724088	0.400518120613552	-3.93015846006934e-06	0.993782821305429	0.999481737884185	0.999534435385949
Micrococcaceae	0.132296658072223	0.352402699782391	0.403293080417302	-2.4993425370633e-05	0.908437052095931	0.999481737884185	0.999534435385949
Microcoleaceae	0.0860195403720269	0.378672627143271	0.346364944416599	-2.06274770036539e-05	0.874364406418784	0.999481737884185	0.999534435385949
Microcystaceae	0.119725020869138	0.549096287077573	0.710800750366202	-1.98336928917367e-05	0.880680002488577	0.999481737884185	0.999534435385949
Micromonosporaceae	0.999330131332947	0.593144316235362	0.584612382911699	-1.42780779804317e-08	0.999330131332947	0.999481737884185	0.999534435385949
Moraxellaceae	0.185940458561451	0.919738843986584	0.947660029510878	-1.60712636662637e-05	0.939172008500914	0.999481737884185	0.999534435385949
Morganellaceae	0.0832850688170598	0.727363486440043	0.542400394945459	-2.11023320629316e-05	0.874364406418784	0.999481737884185	0.999534435385949
Moritellaceae	0.935793288191464	0.424893505094799	0.359197188715241	-1.3692323464557e-06	0.993782821305429	0.999481737884185	0.999534435385949
Muribaculaceae	0.793025883589062	0.155128932761533	0.184118940615172	5.15287294240175e-06	0.993782821305429	0.999481737884185	0.999534435385949
Mycobacteriaceae	0.893937906454517	0.680891252670033	0.6950043576631	-2.06714245799632e-06	0.993782821305429	0.999481737884185	0.999534435385949
Mycoplasmataceae	0.0393989080976294	0.202143552657053	0.197501719250801	-3.59724252254458e-05	0.874364406418784	0.999481737884185	0.999534435385949
Mycosphaerellaceae	0.823774516812741	0.221660729043476	0.19147414156484	3.10941432900808e-06	0.993782821305429	0.999481737884185	0.999534435385949
Myxococcaceae	0.842315270446707	0.750203166152602	0.747354607110324	-3.43030578909579e-06	0.993782821305429	0.999481737884185	0.999534435385949
Nakamurellaceae	0.945328709982792	0.48199255192631	0.518724778997815	-1.18348138295866e-06	0.993782821305429	0.999481737884185	0.999534435385949
Natranaerobiaceae	0.725152270119782	0.479141053652358	0.451156079192169	-6.028638279236e-06	0.993782821305429	0.999481737884185	0.999534435385949
Natrialbaceae	0.559056725273457	0.564870516072032	0.510959198497157	8.43536113647506e-06	0.993782821305429	0.999481737884185	0.999534435385949
Nautiliaceae	0.148291382136359	0.755707535625426	0.740693432374328	-2.72207613859583e-05	0.939172008500914	0.999481737884185	0.999534435385949
Nectriaceae	0.196009892696327	0.618153052808894	0.906645268215724	-1.59965311713233e-05	0.939172008500914	0.999481737884185	0.999534435385949
Neisseriaceae	0.566174915610579	0.781349666781183	0.931621253278372	-7.54365089972369e-06	0.993782821305429	0.999481737884185	0.999534435385949
Nitrosomonadaceae	0.299113574851654	0.784979097316758	0.993455484435617	-1.38857499449364e-05	0.993782821305429	0.999481737884185	0.999534435385949
Nitrosopumilaceae	0.165409435435535	0.785767846255233	0.859851644188697	-2.93014864099634e-05	0.939172008500914	0.999481737884185	0.999534435385949
Nitrososphaeraceae	0.921941116973297	0.994753769777637	0.950675648396869	-1.50033260878411e-06	0.993782821305429	0.999481737884185	0.999534435385949
Nitrospiraceae	0.695669582435088	0.483548165077596	0.561576475591709	-5.40718615058284e-06	0.993782821305429	0.999481737884185	0.999534435385949
Nocardiaceae	0.929388077781808	0.727201107169994	0.807818134872119	-1.38827300820856e-06	0.993782821305429	0.999481737884185	0.999534435385949
Nocardioidaceae	0.95239207177046	0.646865347020069	0.629773430201706	1.00107300385482e-06	0.993782821305429	0.999481737884185	0.999534435385949
Nocardiopsaceae	0.911070428572538	0.529237343706643	0.425368201453213	1.74495419375097e-06	0.993782821305429	0.999481737884185	0.999534435385949
Nostocaceae	0.23404714126896	0.750003488892165	0.527371068225742	-1.25853810341795e-05	0.962181170757605	0.999481737884185	0.999534435385949
Oceanospirillaceae	0.418885059700991	0.590748244950396	0.867449739910182	-1.04572205897813e-05	0.993782821305429	0.999481737884185	0.999534435385949
Odoribacteraceae	0.546131930694277	0.160487799954268	0.134623481279521	1.63424919131586e-05	0.993782821305429	0.999481737884185	0.999534435385949
Oleiphilaceae	0.637042948514001	0.0566720244992329	0.0708021521460982	-7.54076178321734e-06	0.993782821305429	0.999481737884185	0.999534435385949
Opitutaceae	0.951350500101958	0.714258308598898	0.609027188857699	-8.99358789862123e-07	0.993782821305429	0.999481737884185	0.999534435385949
Orbaceae	0.0800936330426056	0.783042963491691	0.723422915493042	-2.93537142823186e-05	0.874364406418784	0.999481737884185	0.999534435385949
Oscillatoriaceae	0.678221855770323	0.641302521527045	0.531915027204007	-6.1085468327548e-06	0.993782821305429	0.999481737884185	0.999534435385949
Oscillospiraceae	0.920338488785705	0.30065840919207	0.138336273465098	1.63035172061476e-06	0.993782821305429	0.999481737884185	0.999534435385949
Oxalobacteraceae	0.309916282485178	0.812183081623279	0.802976572900316	-1.85016091525321e-05	0.993782821305429	0.999481737884185	0.999534435385949
Paenibacillaceae	0.504785504938537	0.640516207261652	0.807524171045498	-8.04365166901191e-06	0.993782821305429	0.999481737884185	0.999534435385949
Paludibacteraceae	0.208296855858789	0.228219012541164	0.373489682494004	-2.54884024722846e-05	0.939172008500914	0.999481737884185	0.999534435385949
Parachlamydiaceae	0.272488892119779	0.835221054356943	0.998613266144667	-1.92508440124188e-05	0.993782821305429	0.999481737884185	0.999534435385949
Parvularculaceae	0.419816830944142	0.799406997319105	0.326189496577083	1.55449194297833e-05	0.993782821305429	0.999481737884185	0.999534435385949
Pasteurellaceae	0.0874681753488563	0.854445593589514	0.59168261564882	-2.65336949261017e-05	0.874364406418784	0.999481737884185	0.999534435385949
Pectobacteriaceae	0.483718106532822	0.596690385195154	0.735163527268178	-9.02428683038609e-06	0.993782821305429	0.999481737884185	0.999534435385949
Pelagibacteraceae	0.0690846585167152	0.227989147211005	0.160397235547841	-4.1289718783944e-05	0.874364406418784	0.999481737884185	0.999534435385949
Peptococcaceae	0.604450511274785	0.670745620607301	0.766324300692096	-6.32613510458159e-06	0.993782821305429	0.999481737884185	0.999534435385949
Peptoniphilaceae	0.470866948905741	0.594763329840457	0.604370598183197	-9.75446442161994e-06	0.993782821305429	0.999481737884185	0.999534435385949
Peptostreptococcaceae	0.573782977234309	0.719153632091538	0.753312959288987	-6.97428821011553e-06	0.993782821305429	0.999481737884185	0.999534435385949
Petrotogaceae	0.0962595095299107	0.404757504451492	0.274221487047016	-3.27331948176551e-05	0.874364406418784	0.999481737884185	0.999534435385949
Phaffomycetaceae	0.0228707670353652	0.716402566069152	0.690946391385798	-3.93938171746289e-05	0.874364406418784	0.999481737884185	0.999534435385949
Phycisphaeraceae	0.967047182418453	0.97464434658188	0.753301442513611	-8.89426018019203e-07	0.994362227166588	0.999481737884185	0.999534435385949
Phyllobacteriaceae	0.57056120903547	0.732432291740341	0.748451089286078	-8.13946241413097e-06	0.993782821305429	0.999481737884185	0.999534435385949
Pichiaceae	0.0316772961902879	0.432412724245949	0.295169422961784	-3.4388567881635e-05	0.874364406418784	0.999481737884185	0.999534435385949
Picrophilaceae	0.415214743643024	0.960680803698502	0.799327523560795	-2.24477286889162e-05	0.993782821305429	0.999481737884185	0.999534435385949
Pirellulaceae	0.847181612381691	0.540855283524115	0.542121220034694	2.59999233376932e-06	0.993782821305429	0.999481737884185	0.999534435385949
Piscirickettsiaceae	0.284790200979366	0.213107135207244	0.314883478149487	-1.30914384643216e-05	0.993782821305429	0.999481737884185	0.999534435385949
Planctomycetaceae	0.612105012050131	0.646025357567438	0.760445862442048	-7.2567023176976e-06	0.993782821305429	0.999481737884185	0.999534435385949
Planococcaceae	0.190351235278136	0.962943215399759	0.904186289642869	-1.66727781107838e-05	0.939172008500914	0.999481737884185	0.999534435385949
Polyangiaceae	0.816230247239882	0.760943141755468	0.636938951527233	3.7258936559908e-06	0.993782821305429	0.999481737884185	0.999534435385949
Porphyromonadaceae	0.653448894754392	0.0430552231396648	0.0695852851338681	-7.79369250416259e-06	0.993782821305429	0.999481737884185	0.999534435385949
Prevotellaceae	0.206065365082092	0.0479925545678036	0.260661546937999	-2.97450420000042e-05	0.939172008500914	0.999481737884185	0.999534435385949
Prochloraceae	0.160435206458706	0.7459454260323	0.845850734459226	-2.50888854792761e-05	0.939172008500914	0.999481737884185	0.999534435385949
Prochlorotrichaceae	0.893274304328592	0.274246795177216	0.368442361330898	-2.04108270701401e-06	0.993782821305429	0.999481737884185	0.999534435385949
Prolixibacteraceae	0.44940342256152	0.150498574712033	0.179986945662457	-1.08099889161852e-05	0.993782821305429	0.999481737884185	0.999534435385949
Promicromonosporaceae	0.428299308424467	0.708030976179642	0.527109324488146	1.29011679521727e-05	0.993782821305429	0.999481737884185	0.999534435385949
Propionibacteriaceae	0.535459996372517	0.666044915227618	0.499858451778751	-9.7434324031291e-06	0.993782821305429	0.999481737884185	0.999534435385949
Pseudanabaenaceae	0.221195399719742	0.915969505965304	0.646255267999541	-1.83121735924332e-05	0.939172008500914	0.999481737884185	0.999534435385949
Pseudoalteromonadaceae	0.168839797795615	0.842762392904556	0.926473768085441	-1.82478348562401e-05	0.939172008500914	0.999481737884185	0.999534435385949
Pseudomonadaceae	0.630564473919985	0.920554870703344	0.973312322069354	-7.46726059610938e-06	0.993782821305429	0.999481737884185	0.999534435385949
Pseudonocardiaceae	0.937385800804397	0.71258565157626	0.715837201952956	-1.28118902407853e-06	0.993782821305429	0.999481737884185	0.999534435385949
Psychromonadaceae	0.909062942529695	0.640919647000075	0.719969161553254	2.02024631811488e-06	0.993782821305429	0.999481737884185	0.999534435385949
Puniceicoccaceae	0.359279563786311	0.084048849504474	0.085106573036243	1.88283286910962e-05	0.993782821305429	0.999481737884185	0.999534435385949
Pyriculariaceae	0.349367755036199	0.998916320443761	0.827406442211785	-1.08690330789564e-05	0.993782821305429	0.999481737884185	0.999534435385949
Pyrodictiaceae	0.406295580266212	0.96529231942226	0.611904029814731	-1.38748248226123e-05	0.993782821305429	0.999481737884185	0.999534435385949
Rhizobiaceae	0.685447153110194	0.589928794439099	0.664255683863243	-5.74761271716748e-06	0.993782821305429	0.999481737884185	0.999534435385949
Rhodanobacteraceae	0.631048108209926	0.67768028688786	0.724241821995946	-7.64440796495905e-06	0.993782821305429	0.999481737884185	0.999534435385949
Rhodobacteraceae	0.64302997857309	0.695275690887254	0.766547242784939	-6.98988089774138e-06	0.993782821305429	0.999481737884185	0.999534435385949
Rhodobiaceae	0.728229154066479	0.602064540363415	0.584184736225476	-5.58990232015808e-06	0.993782821305429	0.999481737884185	0.999534435385949
Rhodocyclaceae	0.909084651102568	0.974207667268006	0.66994809743084	1.73781231996761e-06	0.993782821305429	0.999481737884185	0.999534435385949
Rhodospirillaceae	0.75148346683839	0.655244660468716	0.713611379271381	-4.86941258858324e-06	0.993782821305429	0.999481737884185	0.999534435385949
Rhodothermaceae	0.474137684049486	0.879642652368293	0.968201217568447	-1.1962392733031e-05	0.993782821305429	0.999481737884185	0.999534435385949
Rickettsiaceae	0.0272294250361408	0.520820001158678	0.546891925156602	-4.08969577850792e-05	0.874364406418784	0.999481737884185	0.999534435385949
Rikenellaceae	0.773091442326966	0.454632610612519	0.333413384336602	-1.0833902765528e-05	0.993782821305429	0.999481737884185	0.999534435385949
Rivulariaceae	0.321987462421444	0.428511458984499	0.456254864032818	-1.66321122600256e-05	0.993782821305429	0.999481737884185	0.999534435385949
Roseiflexaceae	0.32488303493342	0.775936809305366	0.578750390441021	-1.54976706028693e-05	0.993782821305429	0.999481737884185	0.999534435385949
Ruaniaceae	0.889919686219393	0.693067218970166	0.728705104042236	-2.42912464475415e-06	0.993782821305429	0.999481737884185	0.999534435385949
Rubrobacteraceae	0.763655813380454	0.760095903632738	0.605731855853696	4.70236296578914e-06	0.993782821305429	0.999481737884185	0.999534435385949
Ruminococcaceae	0.908117643723828	0.903761698998859	0.6841580390651	1.50008810168895e-06	0.993782821305429	0.999481737884185	0.999534435385949
Saccharomycetaceae	0.106961082726958	0.21045074530262	0.0732047653290676	-2.46191320652025e-05	0.874364406418784	0.999481737884185	0.999534435385949
Saccharospirillaceae	0.529938221788602	0.43295192564057	0.566024693162704	-8.72306333821892e-06	0.993782821305429	0.999481737884185	0.999534435385949
Salinisphaeraceae	0.0615834867929032	0.48095600352698	0.220158223965126	-3.74865856325518e-05	0.874364406418784	0.999481737884185	0.999534435385949
Salinivirgaceae	0.00543068181030396	0.786764181071331	0.5301443026533	-5.2673758332901e-05	0.874364406418784	0.999481737884185	0.999534435385949
Sandaracinaceae	0.905935537902721	0.544193714244829	0.508054772460213	2.08323270178428e-06	0.993782821305429	0.999481737884185	0.999534435385949
Sanguibacteraceae	0.610036845933533	0.861013391009662	0.91764532160831	-8.60638304983185e-06	0.993782821305429	0.999481737884185	0.999534435385949
Saprospiraceae	0.196037015722358	0.787369681046742	0.592404864693995	-2.61791844716881e-05	0.939172008500914	0.999481737884185	0.999534435385949
Schizosaccharomycetaceae	0.078840604670263	0.722805430044295	0.629070102439959	-3.29767155492751e-05	0.874364406418784	0.999481737884185	0.999534435385949
Sclerotiniaceae	0.384259173434692	0.823170607190572	0.909405344036022	-1.32488080071658e-05	0.993782821305429	0.999481737884185	0.999534435385949
Scytonemataceae	0.300332583796645	0.794869273819386	0.949428868838794	-1.88871583737788e-05	0.993782821305429	0.999481737884185	0.999534435385949
Sedimentisphaeraceae	0.51096034969593	0.504308644392629	0.56960154859381	-9.25424040530296e-06	0.993782821305429	0.999481737884185	0.999534435385949
Segniliparaceae	0.389048320444614	0.406765927208343	0.386741165003331	-1.70177316321356e-05	0.993782821305429	0.999481737884185	0.999534435385949
Selenomonadaceae	0.759954476851482	0.755287596922485	0.997911362519083	-5.17660731230148e-06	0.993782821305429	0.999481737884185	0.999534435385949
Shewanellaceae	0.245025113991312	0.896071407905448	0.659187875224407	-1.42480428951022e-05	0.978201036476943	0.999481737884185	0.999534435385949
Silvanigrellaceae	0.19269045445063	0.565971396852338	0.693625114610075	-2.91988444977751e-05	0.939172008500914	0.999481737884185	0.999534435385949
Simkaniaceae	0.50100786819973	0.348037414206011	0.37304850138494	1.47836017939284e-05	0.993782821305429	0.999481737884185	0.999534435385949
Sinobacteraceae	0.86331556441366	0.584889929929925	0.48809817774716	2.92287695352033e-06	0.993782821305429	0.999481737884185	0.999534435385949
Solibacteraceae	0.739138957594629	0.429759754599948	0.689005487720722	-5.23146177876008e-06	0.993782821305429	0.999481737884185	0.999534435385949
Sordariaceae	0.720071583340963	0.792759184681036	0.634302163134587	-5.02667444465302e-06	0.993782821305429	0.999481737884185	0.999534435385949
Sphaerobacteraceae	0.667009099978942	0.630791608874003	0.502860482322909	7.3909193241808e-06	0.993782821305429	0.999481737884185	0.999534435385949
Sphingobacteriaceae	0.224307101059442	0.29303457758485	0.469736512219476	-1.27880151736815e-05	0.939172008500914	0.999481737884185	0.999534435385949
Sphingomonadaceae	0.693212415139742	0.643439938273247	0.71045535434938	-5.77836039066809e-06	0.993782821305429	0.999481737884185	0.999534435385949
Spirochaetaceae	0.643064418563039	0.775388289744646	0.730928770105879	-5.50751447490556e-06	0.993782821305429	0.999481737884185	0.999534435385949
Spiroplasmataceae	0.173098819674322	0.699897389200737	0.684665550060283	-2.83131943203863e-05	0.939172008500914	0.999481737884185	0.999534435385949
Spongiibacteraceae	0.293784607603259	0.893175519639902	0.809166715035435	-1.63928235267358e-05	0.993782821305429	0.999481737884185	0.999534435385949
Sporichthyaceae	0.585411047762626	0.334873615511885	0.416906869637221	-1.05731880816792e-05	0.993782821305429	0.999481737884185	0.999534435385949
Sporolactobacillaceae	0.0948391761194492	0.839665827793173	0.613927625717983	-2.20044862108186e-05	0.874364406418784	0.999481737884185	0.999534435385949
Sporomusaceae	0.708054918556296	0.466308749644424	0.434617735506849	4.49941600309233e-06	0.993782821305429	0.999481737884185	0.999534435385949
Staphylococcaceae	0.0548270983926364	0.30976340771546	0.309430316740219	-3.09439675197765e-05	0.874364406418784	0.999481737884185	0.999534435385949
Steroidobacteraceae	0.291624146173469	0.846786248674728	0.881952555504309	-1.68197069557011e-05	0.993782821305429	0.999481737884185	0.999534435385949
Sterolibacteriaceae	0.598675009717299	0.445766824447639	0.443046104835051	-8.57395431423988e-06	0.993782821305429	0.999481737884185	0.999534435385949
Streptococcaceae	0.539224991522932	0.416280869467617	0.493671838658992	-1.81516493607731e-05	0.993782821305429	0.999481737884185	0.999534435385949
Streptomycetaceae	0.959734310541364	0.653056327853445	0.652689553749833	-8.12390468413257e-07	0.993782821305429	0.999481737884185	0.999534435385949
Streptosporangiaceae	0.90691016362306	0.938947554329388	0.924362859356643	-1.82920184340007e-06	0.993782821305429	0.999481737884185	0.999534435385949
Succinivibrionaceae	0.0148772380363325	0.927954032613433	0.756427326351895	-4.14733302786886e-05	0.874364406418784	0.999481737884185	0.999534435385949
Sulfolobaceae	0.126469959631111	0.989423473585199	0.590229611741258	-2.07669112931675e-05	0.880680002488577	0.999481737884185	0.999534435385949
Sutterellaceae	0.787988322995075	0.126342033355179	0.0860817539265734	6.78631046515207e-06	0.993782821305429	0.999481737884185	0.999534435385949
Symbiobacteriaceae	0.480086671562334	0.99593253380462	0.999534435385949	-1.28926900752126e-05	0.993782821305429	0.999481737884185	0.999534435385949
Synechococcaceae	0.572646244018258	0.748452665504384	0.867418584001419	-8.51317376409582e-06	0.993782821305429	0.999481737884185	0.999534435385949
Synergistaceae	0.183139080619581	0.484043609584574	0.641443426429856	-2.63162814706497e-05	0.939172008500914	0.999481737884185	0.999534435385949
Syntrophaceae	0.395257424939456	0.812345476173215	0.802910628354988	-1.32793712601489e-05	0.993782821305429	0.999481737884185	0.999534435385949
Syntrophobacteraceae	0.886071526671335	0.780659832313983	0.686248564311238	-2.19830035016021e-06	0.993782821305429	0.999481737884185	0.999534435385949
Syntrophomonadaceae	0.52772282547416	0.919256707207238	0.893682071977083	-9.76622617411881e-06	0.993782821305429	0.999481737884185	0.999534435385949
Tannerellaceae	0.679926396485065	0.0864804728975108	0.0544793674028441	1.32924643560152e-05	0.993782821305429	0.999481737884185	0.999534435385949
Tepidiformaceae	0.456464312305739	0.799614407345723	0.814130348188894	-1.29919750252602e-05	0.993782821305429	0.999481737884185	0.999534435385949
Thermaceae	0.745032346188172	0.740481175869283	0.610273395684947	4.79962127884895e-06	0.993782821305429	0.999481737884185	0.999534435385949
Thermoactinomycetaceae	0.966366253871947	0.488191842003381	0.500739474759138	-5.58371880660366e-07	0.994362227166588	0.999481737884185	0.999534435385949
Thermoanaerobacteraceae	0.314186239327629	0.674728400818449	0.597224294065087	-1.24006265114096e-05	0.993782821305429	0.999481737884185	0.999534435385949
Thermoanaerobacterales Family III. Incertae Sedis	0.0982747964389323	0.683333685661803	0.575537393000791	-2.27161752354882e-05	0.874364406418784	0.999481737884185	0.999534435385949
Thermoanaerobacterales Family IV. Incertae Sedis	0.295280613547277	0.463007681935316	0.678552461530278	-1.23667551342845e-05	0.993782821305429	0.999481737884185	0.999534435385949
Thermococcaceae	0.563081938839905	0.932038489403839	0.970487846249173	-7.27623600846623e-06	0.993782821305429	0.999481737884185	0.999534435385949
Thermodesulfobacteriaceae	0.218956245416748	0.598719996914847	0.666156687558905	-1.7209844703969e-05	0.939172008500914	0.999481737884185	0.999534435385949
Thermodesulfobiaceae	0.488464326920668	0.507734248924555	0.83527262263421	-1.54883894418371e-05	0.993782821305429	0.999481737884185	0.999534435385949
Thermofilaceae	0.852676300011608	0.878590738215318	0.9642465884814	-3.86977016216328e-06	0.993782821305429	0.999481737884185	0.999534435385949
Thermoguttaceae	0.546891388086111	0.150343322463042	0.119146411040135	9.97277190716526e-06	0.993782821305429	0.999481737884185	0.999534435385949
Thermomicrobiaceae	0.935091661319613	0.961734645676981	0.724402100589936	1.60006749392992e-06	0.993782821305429	0.999481737884185	0.999534435385949
Thermomonosporaceae	0.726839582379022	0.628593202073497	0.714044358290375	-6.22922954167073e-06	0.993782821305429	0.999481737884185	0.999534435385949
Thermoplasmataceae	0.19274531490231	0.117224770394714	0.269728781576556	-3.08657322543525e-05	0.939172008500914	0.999481737884185	0.999534435385949
Thermoproteaceae	0.418472999363903	0.683000731397113	0.763950458435322	-1.29770467186962e-05	0.993782821305429	0.999481737884185	0.999534435385949
Thermotogaceae	0.1187681967682	0.923763313537122	0.916736465241029	-2.16384586330411e-05	0.880680002488577	0.999481737884185	0.999534435385949
Thioalkalibacteraceae	0.858140149857971	0.472769987876474	0.465848180302757	3.12730661768034e-06	0.993782821305429	0.999481737884185	0.999534435385949
Thioalkalispiraceae	0.843065934058008	0.301103977822646	0.336380009760455	-3.05523340344719e-06	0.993782821305429	0.999481737884185	0.999534435385949
Thiobacillaceae	0.409672963868964	0.395925118374312	0.601474705223618	-1.47141765052362e-05	0.993782821305429	0.999481737884185	0.999534435385949
Thiotrichaceae	0.0555318734626047	0.595763627870084	0.348877194239159	-3.01046375700734e-05	0.874364406418784	0.999481737884185	0.999534435385949
Tissierellaceae	0.497559874236344	0.777178084996302	0.724019345439828	-9.07938870624704e-06	0.993782821305429	0.999481737884185	0.999534435385949
Tolypothrichaceae	0.239734029202598	0.732253958031323	0.712523926934985	-2.46498937985592e-05	0.964554883119827	0.999481737884185	0.999534435385949
Trichocomaceae	0.124848298316935	0.616358864387403	0.71083001962988	-2.50801972960439e-05	0.880680002488577	0.999481737884185	0.999534435385949
Trichomonascaceae	0.220138608739623	0.639028923419618	0.550498112966297	-1.94321476778597e-05	0.939172008500914	0.999481737884185	0.999534435385949
Trueperaceae	0.625246571111417	0.917640682421624	0.66705609215747	-8.95245163105661e-06	0.993782821305429	0.999481737884185	0.999534435385949
Tsukamurellaceae	0.838454226423483	0.363128926597502	0.310561800444022	3.42269542886844e-06	0.993782821305429	0.999481737884185	0.999534435385949
Unclassified Acidobacteria Phylum	0.0419609175386682	0.549641177494022	0.192728453307361	-4.92397548467794e-05	0.874364406418784	0.999481737884185	0.999534435385949
Unclassified Actinobacteria Class	0.852304979547063	0.698693690083587	0.656333842449643	2.84035572565242e-06	0.993782821305429	0.999481737884185	0.999534435385949
Unclassified Actinobacteria Phylum	0.978341888024991	0.863106750278898	0.765964631238307	5.09326543269858e-07	0.994675979538196	0.999481737884185	0.999534435385949
Unclassified Alphaproteobacteria Class	0.692623573596464	0.670836646414287	0.665165943255474	-5.96589075590434e-06	0.993782821305429	0.999481737884185	0.999534435385949
Unclassified Alteromonadales Order	0.410196869405754	0.805798625941738	0.925067662547103	-1.17743752045287e-05	0.993782821305429	0.999481737884185	0.999534435385949
Unclassified Aquificales Order	0.347624559009037	0.985977134364183	0.669436682891771	-1.81094294705845e-05	0.993782821305429	0.999481737884185	0.999534435385949
Unclassified Armatimonadetes Phylum	0.822992794961847	0.522394118148494	0.408252052407973	3.26173119855013e-06	0.993782821305429	0.999481737884185	0.999534435385949
Unclassified Ascomycota Phylum	0.948436786387045	0.107661442251742	0.402711040545117	1.51128300719802e-06	0.993782821305429	0.999481737884185	0.999534435385949
Unclassified Bacillales Order	0.342208394697323	0.997203042523783	0.865662173264063	-1.19785502677099e-05	0.993782821305429	0.999481737884185	0.999534435385949
Unclassified Bacilli Class	0.204807514662343	0.713916989968729	0.768772750369495	-1.77301050319427e-05	0.939172008500914	0.999481737884185	0.999534435385949
Unclassified Bacteroidales Order	0.81301560069217	0.271622615835582	0.318169517851414	6.34550741555111e-06	0.993782821305429	0.999481737884185	0.999534435385949
Unclassified Bacteroidetes Phylum	0.942262476647671	0.128691184483979	0.184774979573468	-1.4617557900867e-06	0.993782821305429	0.999481737884185	0.999534435385949
Unclassified Bacteroidia Class	0.88368475472959	0.0488314530849998	0.0518072340432995	3.9327057314678e-06	0.993782821305429	0.999481737884185	0.999534435385949
Unclassified Balneolaeota Phylum	0.46188635050209	0.322428031481748	0.401727737069158	-1.16759568552468e-05	0.993782821305429	0.999481737884185	0.999534435385949
Unclassified Betaproteobacteria Class	0.840074581825959	0.452307563933821	0.496453606571197	-3.2073659084324e-06	0.993782821305429	0.999481737884185	0.999534435385949
Unclassified Blastocatellia Class	0.481216571957465	0.744116488928777	0.379436139352925	1.20013075515947e-05	0.993782821305429	0.999481737884185	0.999534435385949
Unclassified Bradymonadales Order	0.645674366507157	0.38248384456921	0.276307800901572	6.72635931482121e-06	0.993782821305429	0.999481737884185	0.999534435385949
Unclassified Burkholderiales Order	0.971912399199298	0.466758715013135	0.39388449130722	-5.70724094119266e-07	0.994675979538196	0.999481737884185	0.999534435385949
Unclassified Campylobacterales Order	0.387268755763432	0.954287773717661	0.864063487838456	-1.30093324206371e-05	0.993782821305429	0.999481737884185	0.999534435385949
Unclassified Candidatus Bipolaricaulota Phylum	0.781449786749898	0.295913506651179	0.522725977993203	-4.97679488824929e-06	0.993782821305429	0.999481737884185	0.999534435385949
Unclassified Candidatus Cloacimonetes Phylum	0.0398858458289182	0.936195433226976	0.9361633545964	-4.28580772141915e-05	0.874364406418784	0.999481737884185	0.999534435385949
Unclassified Candidatus Gracilibacteria Phylum	0.448936668214246	0.368924391947602	0.362111208481611	-1.75299316854049e-05	0.993782821305429	0.999481737884185	0.999534435385949
Unclassified Candidatus Saccharibacteria Phylum	0.740559609670594	0.501180554268177	0.487288952548493	-5.87985602172716e-06	0.993782821305429	0.999481737884185	0.999534435385949
Unclassified Cellvibrionales Order	0.351490122700951	0.378411285331977	0.596471158697529	-2.13824654740467e-05	0.993782821305429	0.999481737884185	0.999534435385949
Unclassified Chromatiales Order	0.903874039225244	0.50808786139804	0.502418766300223	-1.99078427528168e-06	0.993782821305429	0.999481737884185	0.999534435385949
Unclassified Chroococcales Order	0.550215151242332	0.284561713701421	0.567542546605191	-1.83700971833666e-05	0.993782821305429	0.999481737884185	0.999534435385949
Unclassified Clostridia Class	0.25855458258489	0.77042006423968	0.671190475122754	-1.53184244598009e-05	0.993782821305429	0.999481737884185	0.999534435385949
Unclassified Clostridiales Order	0.991174652795615	0.83241411156618	0.736403242985299	1.22899039708496e-07	0.996884994470054	0.999481737884185	0.999534435385949
Unclassified Coriobacteriales Order	0.459254677858479	0.743090612639223	0.52139862260723	-1.82129681240348e-05	0.993782821305429	0.999481737884185	0.999534435385949
Unclassified Coriobacteriia Class	0.725272980350121	0.986450623232531	0.901877330322066	-8.40634855751694e-06	0.993782821305429	0.999481737884185	0.999534435385949
Unclassified Corynebacteriales Order	0.921401812272326	0.687253613577869	0.765641135643188	-1.58967365620366e-06	0.993782821305429	0.999481737884185	0.999534435385949
Unclassified Cyanobacteria Phylum	0.135656945297616	0.199032862936881	0.259989887301598	-2.06616251268538e-05	0.919254300372001	0.999481737884185	0.999534435385949
Unclassified Cytophagales Order	0.306749550382126	0.183457300704538	0.345034502319585	-1.32090244850522e-05	0.993782821305429	0.999481737884185	0.999534435385949
Unclassified Dehalococcoidia Class	0.696942217343393	0.796199968595611	0.799043826692153	-6.7098933982207e-06	0.993782821305429	0.999481737884185	0.999534435385949
Unclassified Deinococci Class	0.924837487109623	0.550852637392381	0.848983611782098	-2.10180762552032e-06	0.993782821305429	0.999481737884185	0.999534435385949
Unclassified Deltaproteobacteria Class	0.542745018190039	0.323486846181064	0.168889505038918	1.01641410772484e-05	0.993782821305429	0.999481737884185	0.999534435385949
Unclassified Desulfobacterales Order	0.337771260633582	0.753586878031347	0.683931638699786	-2.71020089564842e-05	0.993782821305429	0.999481737884185	0.999534435385949
Unclassified Desulfovibrionales Order	0.861748079719784	0.762303094413108	0.43750723921876	-3.64247339935364e-06	0.993782821305429	0.999481737884185	0.999534435385949
Unclassified Desulfuromonadales Order	0.464606178954171	0.362900142962644	0.166202029661698	1.1277257573232e-05	0.993782821305429	0.999481737884185	0.999534435385949
Unclassified Elusimicrobia Phylum	0.25004199618501	0.339904007414993	0.196263412424485	-2.15159476617995e-05	0.989604008045906	0.999481737884185	0.999534435385949
Unclassified Enterobacterales Order	0.0932779606488981	0.406597785093843	0.563419738402601	-2.60336078515379e-05	0.874364406418784	0.999481737884185	0.999534435385949
Unclassified Entomoplasmatales Order	0.731656075232724	0.787329675228516	0.481938452297551	9.64345655322975e-06	0.993782821305429	0.999481737884185	0.999534435385949
Unclassified Epsilonproteobacteria Class	0.00588457781679888	0.985696180281968	0.874978711693585	-3.67638748926133e-05	0.874364406418784	0.999481737884185	0.999534435385949
Unclassified Euryarchaeota Phylum	0.517326992998832	0.656728138630633	0.846067586369642	1.07910131121023e-05	0.993782821305429	0.999481737884185	0.999534435385949
Unclassified Firmicutes Phylum	0.0861187067847799	0.923900450046369	0.772510476193552	-2.02956809620546e-05	0.874364406418784	0.999481737884185	0.999534435385949
Unclassified Flavobacteriales Order	0.177679820096994	0.986619903614499	0.919727453000954	-2.4388640188752e-05	0.939172008500914	0.999481737884185	0.999534435385949
Unclassified Frankiales Order	0.75784746309261	0.69691578630855	0.657807319577182	-6.15720176205754e-06	0.993782821305429	0.999481737884185	0.999534435385949
Unclassified Fusobacteriales Order	0.0327002243496402	0.648789825272146	0.712738613883408	-3.99663212614864e-05	0.874364406418784	0.999481737884185	0.999534435385949
Unclassified Gammaproteobacteria Class	0.495612443388854	0.605819884187054	0.699086018726833	-8.36705013915346e-06	0.993782821305429	0.999481737884185	0.999534435385949
Unclassified Halanaerobiales Order	0.333710319371914	0.903640694591613	0.955275688842299	-1.50713742030553e-05	0.993782821305429	0.999481737884185	0.999534435385949
Unclassified Halobacteria Class	0.610591600089203	0.707417755313325	0.403519565995006	8.93305852489786e-06	0.993782821305429	0.999481737884185	0.999534435385949
Unclassified Halobacteriales Order	0.559571182762353	0.666799628959981	0.277839944407763	1.31892505537457e-05	0.993782821305429	0.999481737884185	0.999534435385949
Unclassified Haloferacales Order	0.426774679317433	0.369967730399352	0.084527239026669	1.25448637914267e-05	0.993782821305429	0.999481737884185	0.999534435385949
Unclassified Ignavibacteriales Order	0.0465194537423458	0.530274832366296	0.768146372566844	-6.86847522829834e-05	0.874364406418784	0.999481737884185	0.999534435385949
Unclassified Kiritimatiellaeota Phylum	0.484928063806727	0.935001899615977	0.901088218203469	-1.02444111075105e-05	0.993782821305429	0.999481737884185	0.999534435385949
Unclassified Lactobacillales Order	0.393600642856511	0.893363000991281	0.949080908875631	-1.37454087751101e-05	0.993782821305429	0.999481737884185	0.999534435385949
Unclassified Methanococcales Order	0.077368313252164	0.649761759654315	0.739424378063565	-4.04845121073096e-05	0.874364406418784	0.999481737884185	0.999534435385949
Unclassified Micrococcales Order	0.960461399610945	0.605325033458905	0.727020727855916	-7.8402384265161e-07	0.993782821305429	0.999481737884185	0.999534435385949
Unclassified Mollicutes Class	0.931133261284874	0.980131959129398	0.914391601096793	2.1907571521905e-06	0.993782821305429	0.999481737884185	0.999534435385949
Unclassified Myxococcales Order	0.884072902734944	0.606197427496333	0.477106125725879	2.51940198785611e-06	0.993782821305429	0.999481737884185	0.999534435385949
Unclassified Negativicutes Class	0.928082814266284	0.965584429481821	0.836471789427916	-1.53748480475794e-06	0.993782821305429	0.999481737884185	0.999534435385949
Unclassified Neisseriales Order	0.601456913717154	0.826942034266483	0.74072613196171	-1.12015054645903e-05	0.993782821305429	0.999481737884185	0.999534435385949
Unclassified Nitrosomonadales Order	0.173701148670268	0.907612197902925	0.980427778938648	-2.71423283854872e-05	0.939172008500914	0.999481737884185	0.999534435385949
Unclassified Nostocales Order	0.0775643048359403	0.507423775564011	0.362499338296014	-2.37789012360279e-05	0.874364406418784	0.999481737884185	0.999534435385949
Unclassified Oceanospirillales Order	0.712403214083315	0.185930052988695	0.203269476935053	5.23613970247335e-06	0.993782821305429	0.999481737884185	0.999534435385949
Unclassified Oscillatoriales Order	0.943039107632232	0.259229939492979	0.146950207467466	1.22795319626846e-06	0.993782821305429	0.999481737884185	0.999534435385949
Unclassified Phycisphaerae Class	0.72765006274956	0.403236692059501	0.510421488733914	-5.69753872351266e-06	0.993782821305429	0.999481737884185	0.999534435385949
Unclassified Planctomycetales Order	0.777283603447282	0.912900038210965	0.760224208736149	4.61408601965218e-06	0.993782821305429	0.999481737884185	0.999534435385949
Unclassified Planctomycetes Phylum	0.70402482234719	0.723979634125874	0.805174124951314	-5.25715627883194e-06	0.993782821305429	0.999481737884185	0.999534435385949
Unclassified Planctomycetia Class	0.914339284866905	0.63804557977827	0.811229123856884	1.93943851092712e-06	0.993782821305429	0.999481737884185	0.999534435385949
Unclassified Propionibacteriales Order	0.842923920396432	0.818024401616542	0.998089978758315	-3.72676765627063e-06	0.993782821305429	0.999481737884185	0.999534435385949
Unclassified Proteobacteria Phylum	0.661708946655461	0.688101838080927	0.686980731552496	-6.3491823019547e-06	0.993782821305429	0.999481737884185	0.999534435385949
Unclassified Pseudomonadales Order	0.77271382266383	0.387207805662905	0.377713865600424	4.51703789714899e-06	0.993782821305429	0.999481737884185	0.999534435385949
Unclassified Rhizobiales Order	0.831794552382795	0.554961908133996	0.479381239679555	-3.19578787806803e-06	0.993782821305429	0.999481737884185	0.999534435385949
Unclassified Rhodobacterales Order	0.304365948030017	0.141719831621264	0.147234249702027	2.41252678356357e-05	0.993782821305429	0.999481737884185	0.999534435385949
Unclassified Rhodocyclales Order	0.575790783156104	0.450741253665863	0.441196427075629	1.00569815014794e-05	0.993782821305429	0.999481737884185	0.999534435385949
Unclassified Rhodospirillales Order	0.832272121576306	0.62890897972394	0.594767837890316	-4.70760046523728e-06	0.993782821305429	0.999481737884185	0.999534435385949
Unclassified Rickettsiales Order	0.0731209839877742	0.38173838236616	0.307937176823799	-4.42397056550038e-05	0.874364406418784	0.999481737884185	0.999534435385949
Unclassified Saccharomycetales Order	0.234144254954107	0.778844392226667	0.551707680549846	-2.82057541277854e-05	0.962181170757605	0.999481737884185	0.999534435385949
Unclassified Silvanigrellales Order	0.402152761048276	0.711417854749209	0.742516953952758	-1.29304153380708e-05	0.993782821305429	0.999481737884185	0.999534435385949
Unclassified Sordariomycetes Class	0.624709700536102	0.568845577578848	0.890208191688138	1.59455125802507e-05	0.993782821305429	0.999481737884185	0.999534435385949
Unclassified Sphingomonadales Order	0.799612469380072	0.679073486139065	0.676564110295525	-3.75209772055289e-06	0.993782821305429	0.999481737884185	0.999534435385949
Unclassified Streptosporangiales Order	0.727949126792465	0.837106077471839	0.933452708675391	-7.82971781341788e-06	0.993782821305429	0.999481737884185	0.999534435385949
Unclassified Synechococcales Order	0.335203457701178	0.665976997959221	0.953836957907596	-2.56674189129799e-05	0.993782821305429	0.999481737884185	0.999534435385949
Unclassified Tenericutes Phylum	0.3304328449403	0.737320281876899	0.87168434034049	-1.85883275208823e-05	0.993782821305429	0.999481737884185	0.999534435385949
Unclassified Thaumarchaeota Phylum	0.28433415783774	0.863677153215316	0.821106966943528	-1.91032521255742e-05	0.993782821305429	0.999481737884185	0.999534435385949
Unclassified Thermoanaerobacterales Order	0.79340823063972	0.997441184288899	0.768465815707449	-4.10220000966133e-06	0.993782821305429	0.999481737884185	0.999534435385949
Unclassified Thermoplasmata Class	0.918112255411836	0.154938140103203	0.372021292358583	1.81343245992884e-06	0.993782821305429	0.999481737884185	0.999534435385949
Unclassified Thermoplasmatales Order	0.503574138332893	0.77778284569404	0.905487138910936	-1.27149430983781e-05	0.993782821305429	0.999481737884185	0.999534435385949
Unclassified Tissierellia Class	0.0848593678372222	0.446899301969755	0.541630875458901	-3.16515267890759e-05	0.874364406418784	0.999481737884185	0.999534435385949
Unclassified Verrucomicrobia Phylum	0.720567067200959	0.964513606955768	0.729865280063839	-5.8612191045129e-06	0.993782821305429	0.999481737884185	0.999534435385949
Unclassified Verrucomicrobiales Order	0.930616338539916	0.525922974763202	0.789706466790196	-3.78751040990747e-06	0.993782821305429	0.999481737884185	0.999534435385949
Unclassified Victivallales Order	0.418628809243187	0.140926348810837	0.305685228109626	-2.23612249556666e-05	0.993782821305429	0.999481737884185	0.999534435385949
Unclassified Xanthomonadales Order	0.780910187604109	0.488632081786296	0.279479757876	5.13408120596518e-06	0.993782821305429	0.999481737884185	0.999534435385949
Unclassified candidate division Zixibacteria Phylum	0.526436835223324	0.291096388820282	0.28426977488246	-9.0654835085622e-06	0.993782821305429	0.999481737884185	0.999534435385949
Unikaryonidae	0.874210553593623	0.385787582878735	0.199433350343826	-2.69792584410792e-06	0.993782821305429	0.999481737884185	0.999534435385949
Ustilaginaceae	0.874340280616035	0.803158798814754	0.760695793654328	-2.3860441472512e-06	0.993782821305429	0.999481737884185	0.999534435385949
Vallitaleaceae	0.498775798971416	0.593130264626643	0.48216406658135	-1.03499362038511e-05	0.993782821305429	0.999481737884185	0.999534435385949
Veillonellaceae	0.981899643859406	0.490329959977839	0.952121563622307	-4.900823731658e-07	0.995429757062193	0.999481737884185	0.999534435385949
Verrucomicrobiaceae	0.570709722444058	0.651199063906943	0.314138758559542	9.66558606439852e-06	0.993782821305429	0.999481737884185	0.999534435385949
Vibrionaceae	0.141486900526628	0.789646247531925	0.977041255667699	-1.73789386454983e-05	0.934176330400175	0.999481737884185	0.999534435385949
Vicinamibacteraceae	0.690097669951033	0.911273161018489	0.873276421834	-6.79517363145404e-06	0.993782821305429	0.999481737884185	0.999534435385949
Vulgatibacteraceae	0.223273502905994	0.938693847926329	0.652995714293694	-2.39091195459674e-05	0.939172008500914	0.999481737884185	0.999534435385949
Waddliaceae	0.195055201437815	0.214207299155923	0.134499052275867	-2.73878781716409e-05	0.939172008500914	0.999481737884185	0.999534435385949
Wenzhouxiangellaceae	0.882009978231959	0.934647950302823	0.873476852686437	-2.81897793592174e-06	0.993782821305429	0.999481737884185	0.999534435385949
Woeseiaceae	0.0714998520315328	0.938354873975161	0.858274012235799	-3.58333942217984e-05	0.874364406418784	0.999481737884185	0.999534435385949
Xanthobacteraceae	0.571408306784133	0.737585942899462	0.693373382853319	-9.44026096505544e-06	0.993782821305429	0.999481737884185	0.999534435385949
Xanthomonadaceae	0.985926877508196	0.611462482222222	0.61536085224925	-2.75464716556545e-07	0.996330548591964	0.999481737884185	0.999534435385949
Yersiniaceae	0.46799359399769	0.732737962884979	0.79441254476977	-9.68410650414563e-06	0.993782821305429	0.999481737884185	0.999534435385949
Zoogloeaceae	0.860435268061904	0.72200349752696	0.688566642382332	-2.71767185352621e-06	0.993782821305429	0.999481737884185	0.999534435385949
