p-variable	p-treatment	p-interaction	slope	adjusted.p-variable	adjusted.p-treatment	adjusted.p-interaction
Acaryochloridaceae	0.726539535491495	0.726874659514909	0.686540440520731	0.00937050815461528	0.972104335043411	0.943709886081953	0.932873975692013
Acetobacteraceae	0.810800615014329	0.269049490706349	0.28643403476665	0.00498695511913454	0.972104335043411	0.887883552335701	0.886764124872624
Acholeplasmataceae	0.198905596533005	0.813127877325982	0.761594000525671	-0.0344556166114984	0.972104335043411	0.951729220052002	0.946063883162993
Acidaminococcaceae	0.0329533871166711	0.510911487291483	0.438706942852004	-0.134161689969447	0.972104335043411	0.907578489372821	0.890605266628767
Acidiferrobacteraceae	0.276428850160247	0.420989221048188	0.376263655496613	0.025508564962732	0.972104335043411	0.887883552335701	0.886764124872624
Acidilobaceae	0.34038569053792	0.27363125447783	0.230448683975973	-0.0295250065874037	0.972104335043411	0.887883552335701	0.886764124872624
Acidimicrobiaceae	0.719671666880201	0.114750047063985	0.119941200689334	-0.0116362430624669	0.972104335043411	0.887883552335701	0.886764124872624
Acidithiobacillaceae	0.683046226032283	0.511063615374986	0.52153859283231	-0.00967329134436856	0.972104335043411	0.907578489372821	0.894037082102881
Acidobacteriaceae	0.83643977868643	0.346261851230286	0.356158517783312	0.00460789768945903	0.972104335043411	0.887883552335701	0.886764124872624
Acidothermaceae	0.334958829801969	0.218526819273987	0.243553249765397	0.0222899161354459	0.972104335043411	0.887883552335701	0.886764124872624
Actinomycetaceae	0.17026456007856	0.689618910052916	0.670787914021169	-0.0354597440708687	0.972104335043411	0.92972182899804	0.931147643452567
Actinopolysporaceae	0.507408209933139	0.0733100900286387	0.0667782027680382	0.0197072298958706	0.972104335043411	0.887883552335701	0.886764124872624
Aerococcaceae	0.417605700257915	0.925100745378166	0.862806672755644	-0.0143069617351288	0.972104335043411	0.98221741217069	0.96729015701673
Aeromonadaceae	0.760788357842666	0.26685549781972	0.27387322280944	0.00667862843915146	0.972104335043411	0.887883552335701	0.886764124872624
Akkermansiaceae	0.571288935427101	0.849223326689028	0.835748343366028	-0.0456935811884697	0.972104335043411	0.959964520703345	0.961119406002352
Alcaligenaceae	0.6373268405571	0.4206098195092	0.41378240875435	0.0103340341756395	0.972104335043411	0.887883552335701	0.886764124872624
Alcanivoracaceae	0.980523215736032	0.437381273237844	0.471819371631204	-0.000509634686840341	0.995994982453761	0.894102481737644	0.890605266628767
Alicyclobacillaceae	0.349093213799442	0.458629576921006	0.423089935164314	0.0198749269139801	0.972104335043411	0.899526431845382	0.886764124872624
Alteromonadaceae	0.899665340805321	0.189866252793544	0.200877636761263	-0.00229239389543981	0.972104335043411	0.887883552335701	0.886764124872624
Amoebophilaceae	0.501126155797101	0.903944322054577	0.907742596831214	-0.0181877425438142	0.972104335043411	0.975488985179486	0.976439755179743
Anaerohalosphaeraceae	0.564506590401181	0.693873444059972	0.697121737325484	-0.0146060044162159	0.972104335043411	0.930585478361681	0.933009810979393
Anaerolineaceae	0.647855979005105	0.294104335454766	0.296825734047959	0.009622891832352	0.972104335043411	0.887883552335701	0.886764124872624
Anaeromyxobacteraceae	0.571548271177007	0.449343902591682	0.451529187950233	0.0145379247130775	0.972104335043411	0.899526431845382	0.890605266628767
Anaplasmataceae	0.107896858832827	0.563189876869217	0.518736332893077	-0.038457154900661	0.972104335043411	0.913263357408469	0.894037082102881
Aphanizomenonaceae	0.282588202156304	0.455143334882461	0.451246447324589	-0.0236037352646715	0.972104335043411	0.899526431845382	0.890605266628767
Aphanothecaceae	0.347035469367701	0.611868071000423	0.65561519297892	-0.0188813508486243	0.972104335043411	0.91719339713826	0.917671468857572
Aquificaceae	0.414010752091936	0.782775942447127	0.775408048242281	-0.0217965407692717	0.972104335043411	0.943709886081953	0.946508335055009
Archaeoglobaceae	0.131675487014515	0.981743978249936	0.976280755377131	-0.0316677016200739	0.972104335043411	0.99524705294181	0.989031261322978
Archangiaceae	0.614127684137889	0.313006846353235	0.31236243704257	0.0123955551283252	0.972104335043411	0.887883552335701	0.886764124872624
Ardenticatenaceae	0.211165602998403	0.18000413708181	0.164037534480682	0.0320691398664719	0.972104335043411	0.887883552335701	0.886764124872624
Aspergillaceae	0.961745579345592	0.421563323913879	0.421115527153398	0.000975427884636895	0.984878431107852	0.887883552335701	0.886764124872624
Atopobiaceae	0.867175085667245	0.588916105594835	0.633744143020122	-0.00488689281709858	0.972104335043411	0.91607490804143	0.917671468857572
Aurantimonadaceae	0.70560975805304	0.131475473184994	0.136883345523834	0.00916749275783586	0.972104335043411	0.887883552335701	0.886764124872624
Azonexaceae	0.820310961657621	0.882813736308287	0.899168330722082	0.00465675871322833	0.972104335043411	0.965849956540935	0.976439755179743
Bacillaceae	0.398758783619259	0.775702931955584	0.796108790627258	-0.0151418951321973	0.972104335043411	0.943709886081953	0.946508335055009
Bacteriovoracaceae	0.388828392145927	0.878425978553388	0.848708965806709	-0.0227838741376906	0.972104335043411	0.965849956540935	0.961119406002352
Bacteroidaceae	0.666988582118908	0.765358921252511	0.758781887144375	0.0193255971615335	0.972104335043411	0.943709886081953	0.946063883162993
Baekduiaceae	0.514458018132896	0.961511825885078	0.987548326201652	0.0208250511422945	0.972104335043411	0.993599063008243	0.99139841714201
Barnesiellaceae	0.421737139363763	0.647668011734428	0.640222664895375	0.0306241419709903	0.972104335043411	0.9292411419094	0.917671468857572
Bartonellaceae	0.207192525741947	0.69683786496022	0.740582003873025	-0.0269295044837983	0.972104335043411	0.93213376741432	0.93940820688327
Bdellovibrionaceae	0.385226171404615	0.182228087638209	0.221095137831015	-0.0160099769732769	0.972104335043411	0.887883552335701	0.886764124872624
Beijerinckiaceae	0.82165662018637	0.619194668539572	0.652312850612902	-0.00559956509798073	0.972104335043411	0.91719339713826	0.917671468857572
Bernardetiaceae	0.227351887898799	0.621554360390782	0.60113341579612	-0.0382661997671322	0.972104335043411	0.91719339713826	0.91205358719029
Beutenbergiaceae	0.70737414338546	0.172797950178223	0.198375495090643	0.0100772904645707	0.972104335043411	0.887883552335701	0.886764124872624
Bifidobacteriaceae	0.801391557741655	0.113896325328611	0.149166772415286	0.0130975583467667	0.972104335043411	0.887883552335701	0.886764124872624
Blattabacteriaceae	0.193184339676186	0.736976323332963	0.678885637476778	-0.0334168417440372	0.972104335043411	0.943709886081953	0.931523368377882
Bogoriellaceae	0.164763804868732	0.197489705734545	0.18061710627484	0.0369636795140172	0.972104335043411	0.887883552335701	0.886764124872624
Borreliaceae	0.0931610776514851	0.673333984570144	0.630860139303389	-0.0476267822853244	0.972104335043411	0.9292411419094	0.917671468857572
Brachyspiraceae	0.21195281117475	0.868180925403272	0.841461449507226	-0.0342534235157743	0.972104335043411	0.965687206442084	0.961119406002352
Bradymonadaceae	0.185004188478571	0.459919166483778	0.392946325300999	0.0396232028553918	0.972104335043411	0.899526431845382	0.886764124872624
Bradyrhizobiaceae	0.594013518245259	0.324337969758064	0.323153775750924	0.011739171199119	0.972104335043411	0.887883552335701	0.886764124872624
Brevibacteriaceae	0.449438157185862	0.504803404460995	0.458843219611721	0.0166617651216757	0.972104335043411	0.907578489372821	0.890605266628767
Brucellaceae	0.872918188487149	0.658479316258079	0.652127912464443	0.00326623703689815	0.972104335043411	0.9292411419094	0.917671468857572
Budviciaceae	0.831314617979734	0.355834861149408	0.348107663481816	-0.00405395507581379	0.972104335043411	0.887883552335701	0.886764124872624
Burkholderiaceae	0.547226617568264	0.302824202375084	0.298815543657765	0.0133633519646699	0.972104335043411	0.887883552335701	0.886764124872624
Caldilineaceae	0.989863819788258	0.942975681338284	0.98326991416964	-0.000332676870089808	0.999236624598459	0.987715013067642	0.989031261322978
Caldisphaeraceae	0.0234127566953469	0.277708772668127	0.227200166580934	-0.0782883807932854	0.972104335043411	0.887883552335701	0.886764124872624
Calditrichaceae	0.129460003295444	0.386890138548646	0.374123236857577	0.0311941090787627	0.972104335043411	0.887883552335701	0.886764124872624
Calotrichaceae	0.0419562177839216	0.489062914401373	0.429471498281613	-0.0407752782669228	0.972104335043411	0.899526431845382	0.890016403516057
Campylobacteraceae	0.441470726878723	0.123902185981733	0.119593262695862	-0.020988682655639	0.972104335043411	0.887883552335701	0.886764124872624
Candidatus Brocadiaceae	0.639815727535775	0.613210592635704	0.762439530529913	0.0104652286772715	0.972104335043411	0.91719339713826	0.946063883162993
Candidatus Deianiraeaceae	0.0777856772870799	0.425157846656456	0.516092408987799	0.0667184453627602	0.972104335043411	0.887883552335701	0.894037082102881
Candidatus Methanomethylophilaceae	0.85555020942269	0.209312752005116	0.226662265723101	0.00523885009016007	0.972104335043411	0.887883552335701	0.886764124872624
Candidatus Midichloriaceae	0.0965215159961641	0.286711296542025	0.260804677150174	-0.0545435132183373	0.972104335043411	0.887883552335701	0.886764124872624
Candidatus Nanopelagicaceae	0.132456430235377	0.782896290567448	0.867743791343164	-0.035563868312562	0.972104335043411	0.943709886081953	0.96729015701673
Candidatus Paracaedibacteraceae	0.493425360347778	0.156712198968027	0.149121910974453	-0.0257769945611013	0.972104335043411	0.887883552335701	0.886764124872624
Cardiobacteriaceae	0.837249289871202	0.140518125786034	0.166072619882797	-0.00498217015982108	0.972104335043411	0.887883552335701	0.886764124872624
Carnobacteriaceae	0.25609155192308	0.849988002797525	0.838046427624608	-0.0240396687210389	0.972104335043411	0.959964520703345	0.961119406002352
Casimicrobiaceae	0.845844244266327	0.922125596719252	0.931386268532666	-0.00551226284878314	0.972104335043411	0.98221741217069	0.97691227758518
Catenulisporaceae	0.810155083312764	0.574162582932356	0.577387628063169	0.0065393943247128	0.972104335043411	0.913263357408469	0.90620412154416
Caulobacteraceae	0.725523877364807	0.361506662163112	0.374175317486167	0.0082886487823403	0.972104335043411	0.887883552335701	0.886764124872624
Cellulomonadaceae	0.449302630789103	0.542710735704281	0.508631662515025	0.0186112470344608	0.972104335043411	0.913263357408469	0.894037082102881
Cellvibrionaceae	0.985978868639145	0.108667277236688	0.120041799787992	0.000363768120062403	0.999236624598459	0.887883552335701	0.886764124872624
Chaetomiaceae	0.899641250494718	0.408885394557627	0.423580533434302	-0.00279747066570305	0.972104335043411	0.887883552335701	0.886764124872624
Chamaesiphonaceae	0.355837677930216	0.901810187664746	0.90506571110338	-0.0229519386853306	0.972104335043411	0.975488985179486	0.976439755179743
Chelatococcaceae	0.294900674604075	0.674399874554373	0.630972546759561	0.028707534894176	0.972104335043411	0.9292411419094	0.917671468857572
Chitinophagaceae	0.84440406467086	0.341823166501408	0.341502904007088	0.00336753155429803	0.972104335043411	0.887883552335701	0.886764124872624
Chlamydiaceae	0.53323856573535	0.629519735095549	0.536259956570334	0.0150824124794613	0.972104335043411	0.92365431217723	0.894037082102881
Chlorobiaceae	0.542950705629089	0.278705397881054	0.277495170652417	0.0122936454536123	0.972104335043411	0.887883552335701	0.886764124872624
Chloroflexaceae	0.803863239504428	0.137703098454368	0.161226195796839	0.00590247543492252	0.972104335043411	0.887883552335701	0.886764124872624
Christensenellaceae	0.427427018301262	0.605505049201495	0.64522070972943	-0.026085119042263	0.972104335043411	0.91719339713826	0.917671468857572
Chromatiaceae	0.655802704683604	0.465995578739189	0.460809883610848	0.00943711446065581	0.972104335043411	0.899526431845382	0.890605266628767
Chromobacteriaceae	0.691555963393565	0.410327984963825	0.406129040652259	0.00940072890532725	0.972104335043411	0.887883552335701	0.886764124872624
Chroococcaceae	0.530595903255699	0.787065682848392	0.782252376797609	-0.012414233829784	0.972104335043411	0.943709886081953	0.946508335055009
Chroococcidiopsidaceae	0.959134527766715	0.556265398821785	0.527382241874279	0.00140707254333759	0.984878431107852	0.913263357408469	0.894037082102881
Chrysiogenaceae	0.712574780155205	0.403630036075874	0.354380424754215	0.00876411051305335	0.972104335043411	0.887883552335701	0.886764124872624
Chthonomonadaceae	0.857567673856477	0.856141848718187	0.840664780782355	0.00472792620279332	0.972104335043411	0.960981222087882	0.961119406002352
Clavicipitaceae	0.350529601836617	0.387935797841711	0.371252281339486	0.0186292119865991	0.972104335043411	0.887883552335701	0.886764124872624
Clostridiaceae	0.0882760896319506	0.287979442578793	0.297175170433603	-0.0366770366259788	0.972104335043411	0.887883552335701	0.886764124872624
Clostridiales Family XIII. Incertae Sedis	0.287296947773339	0.838630993593316	0.823159572265723	-0.0256956926183741	0.972104335043411	0.959964520703345	0.957686679394767
Clostridiales Family XVI. Incertae Sedis	0.900376248185839	0.502423495975136	0.534879127746354	0.00250142555199042	0.972104335043411	0.907578489372821	0.894037082102881
Clostridiales Family XVII. Incertae Sedis	0.767863317113929	0.579100148288761	0.55860914693824	0.00782339321525094	0.972104335043411	0.913263357408469	0.905799259771026
Cohaesibacteraceae	0.954015622014178	0.414591866385381	0.43643128373235	-0.00143961401753079	0.984878431107852	0.887883552335701	0.890605266628767
Coleofasciculaceae	0.442109445628334	0.0740654627845506	0.0840835282161339	0.0177854895057368	0.972104335043411	0.887883552335701	0.886764124872624
Colwelliaceae	0.8794307928675	0.68657574405355	0.679944592353868	-0.00271858587273593	0.972104335043411	0.9292411419094	0.931523368377882
Comamonadaceae	0.524441381694251	0.303791590144495	0.296227126782379	0.015043247488673	0.972104335043411	0.887883552335701	0.886764124872624
Conexibacteraceae	0.396157904853841	0.507869214248309	0.492266773581251	0.024874256020545	0.972104335043411	0.907578489372821	0.894037082102881
Coprothermobacteraceae	0.900098797155684	0.154062442998147	0.167012733733896	-0.00441846550989539	0.972104335043411	0.887883552335701	0.886764124872624
Coriobacteriaceae	0.774579710049881	0.982646132810753	0.970563624668133	-0.01371277624799	0.972104335043411	0.99524705294181	0.98807337689376
Corynebacteriaceae	0.632646075897569	0.275582463804144	0.282061328248772	0.0102614469254833	0.972104335043411	0.887883552335701	0.886764124872624
Coxiellaceae	0.279311313920937	0.592335814325818	0.531603704198392	-0.0219366894843107	0.972104335043411	0.91607490804143	0.894037082102881
Crocinitomicaceae	0.554180856296778	0.947800927509318	0.961311901897801	-0.0165417185599429	0.972104335043411	0.988092060055261	0.986617162970745
Cryomorphaceae	0.439387292080523	0.612258584422285	0.569325316221742	0.0240185139253699	0.972104335043411	0.91719339713826	0.905799259771026
Cryptococcaceae	0.55111580588677	0.531370317924893	0.559154359321242	-0.0131319946097025	0.972104335043411	0.912185712437734	0.905799259771026
Cuniculiplasmataceae	0.414757386928581	0.768218400272359	0.797640033813347	-0.0237230459563661	0.972104335043411	0.943709886081953	0.946508335055009
Cyanobacteriaceae	0.0881406323725043	0.202310282786336	0.186594541521483	-0.0434790179783244	0.972104335043411	0.887883552335701	0.886764124872624
Cyanothecaceae	0.709484980381772	0.519696050202509	0.512808995208649	-0.00853357071072286	0.972104335043411	0.909757646680915	0.894037082102881
Cyclobacteriaceae	0.600202183364234	0.84631225861017	0.839049409290835	-0.00943965131694296	0.972104335043411	0.959964520703345	0.961119406002352
Cytophagaceae	0.730375890330243	0.237060017133785	0.239710006634796	0.00640010068727732	0.972104335043411	0.887883552335701	0.886764124872624
Debaryomycetaceae	0.138434274272635	0.751111529485553	0.738941185049425	-0.0382516860344676	0.972104335043411	0.943709886081953	0.93940820688327
Deferribacteraceae	0.566483837362042	0.444377275810986	0.46017443906081	-0.0107942238796027	0.972104335043411	0.897467831539834	0.890605266628767
Dehalococcoidaceae	0.182654300364579	0.322688365371129	0.270273451413717	0.0346246472630165	0.972104335043411	0.887883552335701	0.886764124872624
Deinococcaceae	0.513418929401914	0.370528988126535	0.360694232483226	0.0161498697768932	0.972104335043411	0.887883552335701	0.886764124872624
Dermabacteraceae	0.3968964689105	0.152544247286615	0.142484318307633	0.0191632743348623	0.972104335043411	0.887883552335701	0.886764124872624
Dermacoccaceae	0.707554101509397	0.520495194713168	0.536422249261728	0.0102729729367632	0.972104335043411	0.909757646680915	0.894037082102881
Dermatophilaceae	0.800535977775474	0.807349603002517	0.843178109025101	0.00512216301616957	0.972104335043411	0.951717939535102	0.961119406002352
Dermocarpellaceae	0.0377158353700415	0.885206173761789	0.732880206216272	-0.0522603190672613	0.972104335043411	0.965849956540935	0.93940820688327
Desulfarculaceae	0.928828790470058	0.391121335339682	0.406689943922938	0.00237857444322069	0.984878431107852	0.887883552335701	0.886764124872624
Desulfobacteraceae	0.772560535063926	0.426999130995057	0.421135490124051	0.00574814702908343	0.972104335043411	0.887883552335701	0.886764124872624
Desulfobulbaceae	0.622579312619598	0.130463999074003	0.128435394509253	0.0113635666811156	0.972104335043411	0.887883552335701	0.886764124872624
Desulfohalobiaceae	0.373874867868311	0.2289880969479	0.198337286964848	0.02060261667581	0.972104335043411	0.887883552335701	0.886764124872624
Desulfomicrobiaceae	0.500511628668519	0.154814437136434	0.143178793172194	0.0155549741641261	0.972104335043411	0.887883552335701	0.886764124872624
Desulfovibrionaceae	0.962491461245595	0.794979870121429	0.738892349970184	-0.00209598579656842	0.984878431107852	0.943709886081953	0.93940820688327
Desulfurellaceae	0.228408499909212	0.111938771617162	0.132344172056413	-0.0279108695064086	0.972104335043411	0.887883552335701	0.886764124872624
Desulfurobacteriaceae	0.0786462038687301	0.752215080213018	0.865928045502434	-0.0418128306540256	0.972104335043411	0.943709886081953	0.96729015701673
Desulfurococcaceae	0.900369782082164	0.648556742767315	0.581419892815001	-0.0029381310953139	0.972104335043411	0.9292411419094	0.90620412154416
Desulfuromonadaceae	0.870538876079454	0.567384725668054	0.558357030329645	0.00355533492848166	0.972104335043411	0.913263357408469	0.905799259771026
Dictyoglomaceae	0.0927364515116777	0.737556315701275	0.712563341451948	-0.0485079031016607	0.972104335043411	0.943709886081953	0.93940820688327
Dietziaceae	0.969569785416607	0.469958775699462	0.47144948632867	0.00094192753834701	0.98681509780544	0.899526431845382	0.890605266628767
Dipodascaceae	0.616059618986119	0.00788502367595849	0.0103110160565911	-0.0131493878767366	0.972104335043411	0.887883552335701	0.886764124872624
Dysgonamonadaceae	0.576664716506876	0.274409979242345	0.266269567472903	0.0144403785941868	0.972104335043411	0.887883552335701	0.886764124872624
Ectothiorhodospiraceae	0.934925221321239	0.390444337618827	0.399207300057717	-0.00203493396997288	0.984878431107852	0.887883552335701	0.886764124872624
Eggerthellaceae	0.811447601755161	0.754163377892817	0.767023438886757	-0.0110179920453128	0.972104335043411	0.943709886081953	0.946119912431062
Egibacteraceae	0.892782406837828	0.711686809424226	0.731345817896074	-0.00367689370495875	0.972104335043411	0.943709886081953	0.93940820688327
Egicoccaceae	0.712948289507187	0.362694279245731	0.363403742508656	0.0115433115686546	0.972104335043411	0.887883552335701	0.886764124872624
Elusimicrobiaceae	0.406345110344387	0.33788421628238	0.276255307492969	0.0196743392198951	0.972104335043411	0.887883552335701	0.886764124872624
Emcibacteraceae	0.869319265604737	0.427563341707289	0.430318610632035	-0.00367513122265947	0.972104335043411	0.887883552335701	0.890016403516057
Endomicrobiaceae	0.287893191440204	0.550796013121555	0.467420977173782	0.028424938778301	0.972104335043411	0.913263357408469	0.890605266628767
Endozoicomonadaceae	0.953475775747078	0.0837866631515521	0.0870844140163414	-0.00139486372363074	0.984878431107852	0.887883552335701	0.886764124872624
Enterobacteriaceae	0.402167437544799	0.344387569752111	0.475575355259051	-0.0299518853286848	0.972104335043411	0.887883552335701	0.892390139774925
Enterococcaceae	0.521094969723805	0.92602208650225	0.899371634896247	-0.0145150875348572	0.972104335043411	0.98221741217069	0.976439755179743
Entomoplasmataceae	0.113363232834877	0.476990740365159	0.470240155170631	-0.0558987443502751	0.972104335043411	0.899526431845382	0.890605266628767
Erwiniaceae	0.786252968505741	0.662004308909078	0.695399930701789	-0.00516786179454528	0.972104335043411	0.9292411419094	0.933009810979393
Erysipelotrichaceae	0.0284003464510943	0.787345596496743	0.735541010375402	-0.0703273988671412	0.972104335043411	0.943709886081953	0.93940820688327
Erythrobacteraceae	0.484638896088941	0.154850837650437	0.154097860457828	0.0163083666934635	0.972104335043411	0.887883552335701	0.886764124872624
Eubacteriaceae	0.768323859035905	0.848742097315202	0.759056724825828	0.00822008315484031	0.972104335043411	0.959964520703345	0.946063883162993
Euzebyaceae	0.590560956947925	0.111524189400469	0.107987176194883	0.0163126514587828	0.972104335043411	0.887883552335701	0.886764124872624
Ferrimonadaceae	0.87092651748651	0.336088429814263	0.353340914747765	-0.00403650683789145	0.972104335043411	0.887883552335701	0.886764124872624
Ferroplasmaceae	0.680291064321886	0.913063819355917	0.893876050079776	-0.013109285222802	0.972104335043411	0.978844105598582	0.976439755179743
Fervidobacteriaceae	0.0188950629907704	0.739798751317296	0.676744717331912	-0.0587560631388873	0.972104335043411	0.943709886081953	0.931523368377882
Fibrobacteraceae	0.644220038928213	0.167235533257877	0.188785715297085	-0.0128911939393438	0.972104335043411	0.887883552335701	0.886764124872624
Fimbriimonadaceae	0.61744576957399	0.0450568016043723	0.0407169505115987	0.0112890753494958	0.972104335043411	0.887883552335701	0.886764124872624
Flammeovirgaceae	0.390933207958009	0.960561775074975	0.959567190024201	-0.0165584069725928	0.972104335043411	0.993599063008243	0.986617162970745
Flavobacteriaceae	0.377737629875548	0.816183240818954	0.850696770473142	-0.016255645546287	0.972104335043411	0.951969318943303	0.961119406002352
Francisellaceae	0.370519930212537	0.378919676836796	0.39869953741574	-0.0206241625447961	0.972104335043411	0.887883552335701	0.886764124872624
Frankiaceae	0.800684565945696	0.386793771257114	0.392059638796254	0.0060681334109965	0.972104335043411	0.887883552335701	0.886764124872624
Fusobacteriaceae	0.178987799031818	0.528189390985619	0.530401333874045	-0.0357984462807625	0.972104335043411	0.909757646680915	0.894037082102881
Gallionellaceae	0.662566506915053	0.0700347665114256	0.0736324871304253	0.00881302868459176	0.972104335043411	0.887883552335701	0.886764124872624
Gemmataceae	0.408962860875367	0.597821114279566	0.546155010433442	0.0202648839463981	0.972104335043411	0.916303195993978	0.901505866580841
Gemmatimonadaceae	0.740583442064494	0.566486741231814	0.572394272350159	0.00832554967184235	0.972104335043411	0.913263357408469	0.905799259771026
Geobacteraceae	0.740550374793063	0.408361597252209	0.423439366284989	0.00766604000042306	0.972104335043411	0.887883552335701	0.886764124872624
Geodermatophilaceae	0.603851916680177	0.454627511384917	0.460877067554913	0.0141686967547633	0.972104335043411	0.899526431845382	0.890605266628767
Gloeobacteraceae	0.859504117814451	0.505124385076777	0.512186518420682	0.00475223303842357	0.972104335043411	0.907578489372821	0.894037082102881
Gloeomargaritaceae	0.652818238177572	0.774049761969065	0.79612600027598	-0.0110389972485973	0.972104335043411	0.943709886081953	0.946508335055009
Glomerellaceae	0.718426375583844	0.37515088623261	0.380256701795467	0.00767455782836561	0.972104335043411	0.887883552335701	0.886764124872624
Glycomycetaceae	0.603986734738498	0.199783559584234	0.216772297226476	-0.0157715923877284	0.972104335043411	0.887883552335701	0.886764124872624
Gomontiellaceae	0.554944203731051	0.958914686815045	0.980601748153307	-0.016019358283365	0.972104335043411	0.993599063008243	0.989031261322978
Gordoniaceae	0.394627259806858	0.244049188988886	0.232750210566185	0.020485987133704	0.972104335043411	0.887883552335701	0.886764124872624
Gottschalkiaceae	0.060235631473168	0.327174216704044	0.279244617348014	-0.058033169925794	0.972104335043411	0.887883552335701	0.886764124872624
Granulosicoccaceae	0.733500517926781	0.315724419758441	0.339496581092179	-0.00767802286363721	0.972104335043411	0.887883552335701	0.886764124872624
Hafniaceae	0.964541392086945	0.524948990890961	0.500646204415799	-0.000922109997938312	0.984878431107852	0.909757646680915	0.894037082102881
Hahellaceae	0.693698029669861	0.159107026283295	0.150970435119656	0.00834791076806554	0.972104335043411	0.887883552335701	0.886764124872624
Halanaerobiaceae	0.456309587212195	0.608266851244758	0.607991405689776	-0.0169345098202756	0.972104335043411	0.91719339713826	0.91205358719029
Halieaceae	0.714758610683931	0.234884604214971	0.227887211461898	0.00770399296049134	0.972104335043411	0.887883552335701	0.886764124872624
Haliscomenobacteraceae	0.869075862073737	0.119892523420835	0.134786475605379	0.00364011952942306	0.972104335043411	0.887883552335701	0.886764124872624
Haloarculaceae	0.779030531379705	0.270179285701135	0.277047876927679	0.00699075801044688	0.972104335043411	0.887883552335701	0.886764124872624
Halobacteriaceae	0.28522768882079	0.437013358341726	0.403395383350041	0.029051117693686	0.972104335043411	0.894102481737644	0.886764124872624
Halobacteriovoraceae	0.428135509729808	0.914221387947413	0.9232898583213	-0.0250235138067569	0.972104335043411	0.978844105598582	0.97691227758518
Halobacteroidaceae	0.884123621666421	0.589355030459893	0.589347126422075	-0.00350267957411781	0.972104335043411	0.91607490804143	0.90620412154416
Haloferacaceae	0.549507894593961	0.310083912978703	0.312457266537762	0.0138319008686909	0.972104335043411	0.887883552335701	0.886764124872624
Halomonadaceae	0.670235025972551	0.369426695747028	0.369852841920839	0.0091927640643745	0.972104335043411	0.887883552335701	0.886764124872624
Halorubraceae	0.449988939233249	0.223550921218685	0.225967206890347	0.0190652804526244	0.972104335043411	0.887883552335701	0.886764124872624
Halothiobacillaceae	0.916032118001421	0.992882031380599	0.995506955094676	-0.00312909958989842	0.984056310779287	0.99524705294181	0.99584969489917
Hapalosiphonaceae	0.628624676323384	0.792789687194369	0.764199175525835	0.0116202952222207	0.972104335043411	0.943709886081953	0.946063883162993
Helicobacteraceae	0.412301223920445	0.766858600713255	0.792330181709374	-0.0173138618241997	0.972104335043411	0.943709886081953	0.946508335055009
Heliobacteriaceae	0.627631833522928	0.179257033653653	0.193114576802878	0.0111522369687218	0.972104335043411	0.887883552335701	0.886764124872624
Holosporaceae	0.252842561060414	0.167358849878629	0.179899896650705	-0.0308825096686748	0.972104335043411	0.887883552335701	0.886764124872624
Hungateiclostridiaceae	0.617212027017621	0.619964339447385	0.626736861898074	-0.00946230641103314	0.972104335043411	0.91719339713826	0.917671468857572
Hydrogenophilaceae	0.600652368981441	0.301482057590087	0.256058347787397	0.0151311058377795	0.972104335043411	0.887883552335701	0.886764124872624
Hydrogenothermaceae	0.309371194406445	0.929597855821387	0.966154674958605	-0.0286302103989139	0.972104335043411	0.983044960468202	0.98807337689376
Hyellaceae	0.254995548135331	0.6836612652491	0.816703715969124	-0.036561978822231	0.972104335043411	0.9292411419094	0.955627753539785
Hymenobacteraceae	0.74985071815193	0.177931600190312	0.187716825692081	0.00682873363194023	0.972104335043411	0.887883552335701	0.886764124872624
Hyphomicrobiaceae	0.53976032301682	0.369160368757681	0.354730308059425	0.0138953612430937	0.972104335043411	0.887883552335701	0.886764124872624
Hyphomonadaceae	0.962303151005358	0.282816570542316	0.284246363268382	0.00109112524611477	0.984878431107852	0.887883552335701	0.886764124872624
Iamiaceae	0.426316095995847	0.463649245398225	0.442815503191082	0.0218377718673104	0.972104335043411	0.899526431845382	0.890605266628767
Ichthyobacteriaceae	0.723694086502595	0.926908082164962	0.918497360643492	-0.0108424259046298	0.972104335043411	0.98221741217069	0.97691227758518
Idiomarinaceae	0.805551994109294	0.0653097859434281	0.0758003063002424	-0.00495357643985836	0.972104335043411	0.887883552335701	0.886764124872624
Ignavibacteriaceae	0.832416519365104	0.591307229500842	0.63627180088939	-0.00604830701575561	0.972104335043411	0.91607490804143	0.917671468857572
Ilumatobacteraceae	0.997296359307976	0.263747637619241	0.269331637803555	-0.00011240783807633	0.999236624598459	0.887883552335701	0.886764124872624
Immundisolibacteraceae	0.578518237237381	0.708361760438384	0.733724292970706	0.0137970537336403	0.972104335043411	0.942651955105344	0.93940820688327
Intrasporangiaceae	0.428528977004821	0.285750896613176	0.268875719190758	0.0197665222577832	0.972104335043411	0.887883552335701	0.886764124872624
Isosphaeraceae	0.390203581999986	0.427234273725994	0.39505052460953	0.0220782038602258	0.972104335043411	0.887883552335701	0.886764124872624
Jiangellaceae	0.264344763538802	0.757343588378323	0.699304440850574	0.0312137399915049	0.972104335043411	0.943709886081953	0.933009810979393
Jonesiaceae	0.773755008761584	0.60087893257354	0.562845657895878	-0.00820525052929301	0.972104335043411	0.91719339713826	0.905799259771026
Kangiellaceae	0.308436823965325	0.464823338431367	0.460044021808168	-0.0253617562662768	0.972104335043411	0.899526431845382	0.890605266628767
Kineosporiaceae	0.751166756391366	0.308319147156728	0.320785319422618	0.0102385185487545	0.972104335043411	0.887883552335701	0.886764124872624
Kiritimatiellaceae	0.195651301234729	0.27603348305668	0.238583613706554	0.0386622897888748	0.972104335043411	0.887883552335701	0.886764124872624
Kofleriaceae	0.621730235777644	0.126373067006396	0.119105482732262	0.0131742345941122	0.972104335043411	0.887883552335701	0.886764124872624
Kosmotogaceae	0.157957656076023	0.841187301389094	0.888950037472345	-0.0284360968634029	0.972104335043411	0.959964520703345	0.976439755179743
Ktedonosporobacteraceae	0.844926931709491	0.989771645590267	0.99584969489917	-0.00512693150547992	0.972104335043411	0.99524705294181	0.99584969489917
Labilitrichaceae	0.53499886193281	0.14313410458396	0.131420226984075	0.0158656605122537	0.972104335043411	0.887883552335701	0.886764124872624
Lachnospiraceae	0.132882430816478	0.190060110121395	0.155425446187321	-0.0340191409146376	0.972104335043411	0.887883552335701	0.886764124872624
Lacipirellulaceae	0.938345514608182	0.316550749428795	0.320619154616368	-0.0019672161126342	0.984878431107852	0.887883552335701	0.886764124872624
Lactobacillaceae	0.772137018791127	0.733186290908455	0.728917748543458	-0.00785852440861495	0.972104335043411	0.943709886081953	0.93940820688327
Legionellaceae	0.45711135435415	0.808644754575952	0.781294371883193	-0.013639559513279	0.972104335043411	0.951717939535102	0.946508335055009
Leptolyngbyaceae	0.862245166339343	0.132972398475936	0.134417623888688	0.00372609118937305	0.972104335043411	0.887883552335701	0.886764124872624
Leptospiraceae	0.442381239978513	0.422591571026863	0.469697486552459	-0.0154694423289757	0.972104335043411	0.887883552335701	0.890605266628767
Leptotrichiaceae	0.170386225052534	0.632583313469026	0.605098960316097	-0.0343237064591345	0.972104335043411	0.925512518285649	0.91205358719029
Leuconostocaceae	0.00441559048000136	0.0523277188507784	0.045820037268396	-0.0869165461728881	0.972104335043411	0.887883552335701	0.886764124872624
Lichenihabitantaceae	0.385008273896474	0.572675959336465	0.53491894662325	0.0237412797273749	0.972104335043411	0.913263357408469	0.894037082102881
Limnochordaceae	0.866280283356171	0.300760119829669	0.301416061219208	0.00446181214644391	0.972104335043411	0.887883552335701	0.886764124872624
Listeriaceae	0.315149260071961	0.81166596132399	0.812797906293384	-0.0209590596593612	0.972104335043411	0.951729220052002	0.955627753539785
Litoricolaceae	0.844907552767686	0.14960530869852	0.139335032039103	0.00505298439567791	0.972104335043411	0.887883552335701	0.886764124872624
Magnetococcaceae	0.313216797040346	0.882786647884654	0.914292458349518	-0.0246093233797935	0.972104335043411	0.965849956540935	0.976889244917016
Malasseziaceae	0.999757557603377	0.342231232069226	0.365866994006278	-9.04857874169069e-06	0.999757557603377	0.887883552335701	0.886764124872624
Marinifilaceae	0.921000275331294	0.650211342720195	0.69318060482968	0.00249658712360376	0.984056310779287	0.9292411419094	0.933009810979393
Marinilabiliaceae	0.851216698905189	0.204182712148292	0.181717677013489	-0.00442847461411386	0.972104335043411	0.887883552335701	0.886764124872624
Mariprofundaceae	0.462316171616809	0.17037075487197	0.176558588971467	0.0155496614580572	0.972104335043411	0.887883552335701	0.886764124872624
Melioribacteraceae	0.191440126355653	0.36107135808473	0.414148738448755	-0.0369616340757461	0.972104335043411	0.887883552335701	0.886764124872624
Merismopediaceae	0.394102273965053	0.641605296750926	0.535744257376474	0.0174142246405264	0.972104335043411	0.925898053936454	0.894037082102881
Mesoaciditogaceae	0.0887956062441189	0.52155885580918	0.484539010577548	-0.0515840230379239	0.972104335043411	0.909757646680915	0.894037082102881
Methanobacteriaceae	0.863125269680677	0.4808916651366	0.517244442403292	-0.0113862725002235	0.972104335043411	0.899526431845382	0.894037082102881
Methanocaldococcaceae	0.0296778152633412	0.401250559224104	0.35819628666546	-0.0758270969880351	0.972104335043411	0.887883552335701	0.886764124872624
Methanocellaceae	0.655428421099546	0.204539544250185	0.213520497593221	0.0114385634791622	0.972104335043411	0.887883552335701	0.886764124872624
Methanococcaceae	0.176535669072458	0.852907241057598	0.929220407917897	-0.031653538763026	0.972104335043411	0.960981222087882	0.97691227758518
Methanocorpusculaceae	0.706530879406696	0.804884517904092	0.846352728730407	-0.00831471330947869	0.972104335043411	0.951717939535102	0.961119406002352
Methanomassiliicoccaceae	0.700367357660495	0.182524017689804	0.186375715294043	0.00981578225899709	0.972104335043411	0.887883552335701	0.886764124872624
Methanomicrobiaceae	0.854564970768228	0.224616293124354	0.226705113060587	0.00372176718087996	0.972104335043411	0.887883552335701	0.886764124872624
Methanopyraceae	0.541486045672269	0.0463604780835874	0.0421868976967557	0.0182971829951814	0.972104335043411	0.887883552335701	0.886764124872624
Methanoregulaceae	0.957922902248198	0.233967391700535	0.232775198781823	0.00137062518342309	0.984878431107852	0.887883552335701	0.886764124872624
Methanosarcinaceae	0.354860334053413	0.327969098045728	0.36643733323533	-0.0153875381937825	0.972104335043411	0.887883552335701	0.886764124872624
Methanospirillaceae	0.208460207577955	0.862700346386182	0.942117784417454	-0.0283434347540933	0.972104335043411	0.964136727362847	0.980183149444422
Methanothermaceae	0.519891162952053	0.234118838267755	0.307615735019895	-0.0231607818927854	0.972104335043411	0.887883552335701	0.886764124872624
Methanotrichaceae	0.726330250505328	0.21692493748648	0.226233966625162	0.0101606212899543	0.972104335043411	0.887883552335701	0.886764124872624
Methylacidiphilaceae	0.397179706101437	0.686192525209698	0.647814599367935	-0.02124607200742	0.972104335043411	0.9292411419094	0.917671468857572
Methylobacteriaceae	0.456126062370236	0.213076582367442	0.204606316362854	0.0186080327950925	0.972104335043411	0.887883552335701	0.886764124872624
Methylococcaceae	0.71280311753506	0.596858037955231	0.582459170926235	0.00682106764549546	0.972104335043411	0.916303195993978	0.90620412154416
Methylocystaceae	0.80203324618901	0.40442481820633	0.39754802249061	0.00588706903000784	0.972104335043411	0.887883552335701	0.886764124872624
Methylophilaceae	0.620261860610853	0.240672158261025	0.215874079852112	0.00920859166200562	0.972104335043411	0.887883552335701	0.886764124872624
Microbacteriaceae	0.439982004851546	0.339080827038885	0.323189498070199	0.0185363004005967	0.972104335043411	0.887883552335701	0.886764124872624
Microbulbiferaceae	0.512893097188581	0.167738921271327	0.156069494642647	0.0132433576967042	0.972104335043411	0.887883552335701	0.886764124872624
Micrococcaceae	0.393193871017382	0.923107773796238	0.917315383389616	-0.0207670102572287	0.972104335043411	0.98221741217069	0.97691227758518
Microcoleaceae	0.454031186985883	0.34213106838105	0.35701058123886	-0.0130764755885358	0.972104335043411	0.887883552335701	0.886764124872624
Microcystaceae	0.211728550568932	0.152236365846295	0.153492534965011	-0.0228507302829561	0.972104335043411	0.887883552335701	0.886764124872624
Micromonosporaceae	0.589948588138882	0.34668721806552	0.343358996009394	0.014046508206661	0.972104335043411	0.887883552335701	0.886764124872624
Moraxellaceae	0.390590124737132	0.963013434361564	0.981926255209703	-0.0155999041229706	0.972104335043411	0.993599063008243	0.989031261322978
Morganellaceae	0.190125628848837	0.729245568326486	0.777457685826135	-0.0238536630763282	0.972104335043411	0.943709886081953	0.946508335055009
Moritellaceae	0.425577459218231	0.568474548338385	0.584825151648609	-0.0210584029755492	0.972104335043411	0.913263357408469	0.90620412154416
Muribaculaceae	0.570337723623083	0.658298579760614	0.652375818007161	0.0164864718998344	0.972104335043411	0.9292411419094	0.917671468857572
Mycobacteriaceae	0.584740956328562	0.357972600492642	0.355002405620255	0.0128228726129105	0.972104335043411	0.887883552335701	0.886764124872624
Mycoplasmataceae	0.150204954197747	0.366351527977277	0.371099707526803	-0.0367523277455236	0.972104335043411	0.887883552335701	0.886764124872624
Mycosphaerellaceae	0.598398639665381	0.154336568943624	0.145785302766463	0.0111152625743806	0.972104335043411	0.887883552335701	0.886764124872624
Myxococcaceae	0.649755908757863	0.362642872269545	0.357903798543791	0.0118842102096806	0.972104335043411	0.887883552335701	0.886764124872624
Nakamurellaceae	0.810060130947826	0.0893331815323044	0.0958868291833064	0.00631764844606114	0.972104335043411	0.887883552335701	0.886764124872624
Natranaerobiaceae	0.367021184890686	0.0728751383539659	0.0802476015471408	-0.0229472475355622	0.972104335043411	0.887883552335701	0.886764124872624
Natrialbaceae	0.238237774290418	0.413845176546353	0.389745040413867	0.0258121199435036	0.972104335043411	0.887883552335701	0.886764124872624
Nautiliaceae	0.139616333907496	0.618354808252185	0.601426682226766	-0.0413295507604259	0.972104335043411	0.91719339713826	0.91205358719029
Nectriaceae	0.28937120546189	0.437502573588129	0.502445597550161	-0.0193274346011829	0.972104335043411	0.894102481737644	0.894037082102881
Neisseriaceae	0.867925184045165	0.333728609844346	0.351311876049562	0.00328185736980603	0.972104335043411	0.887883552335701	0.886764124872624
Nitrosomonadaceae	0.670902923123727	0.52653383636849	0.558792643196631	-0.00848452988661838	0.972104335043411	0.909757646680915	0.905799259771026
Nitrosopumilaceae	0.235711580467424	0.717651928108486	0.725278740260171	-0.0370136820068608	0.972104335043411	0.943709886081953	0.93940820688327
Nitrososphaeraceae	0.932097680262866	0.105471447679956	0.114921854654667	-0.00195815819351824	0.984878431107852	0.887883552335701	0.886764124872624
Nitrospiraceae	0.758684255806539	0.0844793998801984	0.0893423277698193	0.00613136211941869	0.972104335043411	0.887883552335701	0.886764124872624
Nocardiaceae	0.582853008887236	0.296003488710088	0.303087481636697	0.0130255086339997	0.972104335043411	0.887883552335701	0.886764124872624
Nocardioidaceae	0.449984941644319	0.294665030670854	0.286623871528784	0.0193445607840797	0.972104335043411	0.887883552335701	0.886764124872624
Nocardiopsaceae	0.54257699673253	0.319180868765712	0.301667105492963	0.0146926595774324	0.972104335043411	0.887883552335701	0.886764124872624
Nostocaceae	0.621724052252325	0.793450381967153	0.767918686206183	-0.00802584733573834	0.972104335043411	0.943709886081953	0.946119912431062
Oceanospirillaceae	0.92456768394558	0.419191862641663	0.450198399986629	-0.00183302261560799	0.984878431107852	0.887883552335701	0.890605266628767
Odoribacteraceae	0.349135088294404	0.613400491066299	0.569624901888794	0.0385481348499863	0.972104335043411	0.91719339713826	0.905799259771026
Oleiphilaceae	0.748586151344879	0.258346225178843	0.259972765578267	-0.00787972567809267	0.972104335043411	0.887883552335701	0.886764124872624
Opitutaceae	0.378996035483726	0.168824520909734	0.154902249329341	0.0198269989725801	0.972104335043411	0.887883552335701	0.886764124872624
Orbaceae	0.115418096572016	0.357365905158018	0.303160511548222	-0.0397054481666903	0.972104335043411	0.887883552335701	0.886764124872624
Oscillatoriaceae	0.819234430857123	0.271983087032806	0.253977607361717	0.00493424818464551	0.972104335043411	0.887883552335701	0.886764124872624
Oscillospiraceae	0.151494546527001	0.311730691549086	0.250574538606096	0.0358729832805472	0.972104335043411	0.887883552335701	0.886764124872624
Oxalobacteraceae	0.941520474815643	0.566650190019003	0.557788629049671	-0.00198760714815479	0.984878431107852	0.913263357408469	0.905799259771026
Paenibacillaceae	0.875517402581138	0.268778676235052	0.283443687259825	0.00276211301464088	0.972104335043411	0.887883552335701	0.886764124872624
Paludibacteraceae	0.569008782730903	0.586870740629987	0.611964463292488	-0.0174490794469621	0.972104335043411	0.91607490804143	0.91351216984241
Parachlamydiaceae	0.426584580540526	0.638261555666541	0.688038568638708	-0.0207298516355795	0.972104335043411	0.925898053936454	0.932873975692013
Parvularculaceae	0.218946435328229	0.753687735244244	0.622368903033436	0.0359546064723561	0.972104335043411	0.943709886081953	0.917671468857572
Pasteurellaceae	0.209783805929688	0.824626704871878	0.886620811840777	-0.028656484954882	0.972104335043411	0.95637899932374	0.976439755179743
Pectobacteriaceae	0.965754578076631	0.34592727744554	0.361435569226148	0.000809858821900786	0.984878431107852	0.887883552335701	0.886764124872624
Pelagibacteraceae	0.0924928839598724	0.654275655318928	0.60921637668633	-0.0571391471167154	0.972104335043411	0.9292411419094	0.91205358719029
Peptococcaceae	0.932322611826488	0.402588142659945	0.412555222509132	-0.00153892789233993	0.984878431107852	0.887883552335701	0.886764124872624
Peptoniphilaceae	0.48227722226447	0.676242877567677	0.681911281317401	-0.0143101084020832	0.972104335043411	0.9292411419094	0.931523368377882
Peptostreptococcaceae	0.770059442277863	0.876209514362433	0.879456999260993	-0.00547768417081516	0.972104335043411	0.965849956540935	0.971932091457965
Petrotogaceae	0.0798251466315232	0.569536323372509	0.520772295217842	-0.0525373418834282	0.972104335043411	0.913263357408469	0.894037082102881
Phaffomycetaceae	0.174501457303569	0.773200416953846	0.7885862416161	-0.0356990123478632	0.972104335043411	0.943709886081953	0.946508335055009
Phycisphaeraceae	0.527347983039201	0.661971624531655	0.607454421982843	0.0205755371263123	0.972104335043411	0.9292411419094	0.91205358719029
Phyllobacteriaceae	0.707804364646279	0.305818589667607	0.300466997853615	0.00805205010812891	0.972104335043411	0.887883552335701	0.886764124872624
Pichiaceae	0.138669832185185	0.301968106184834	0.280912558068964	-0.0351527061755969	0.972104335043411	0.887883552335701	0.886764124872624
Picrophilaceae	0.52117571611293	0.934039574792364	0.906534534888856	-0.0273055071285204	0.972104335043411	0.985363193487484	0.976439755179743
Pirellulaceae	0.715632616969745	0.191505990372895	0.199363092529867	0.00733889449370858	0.972104335043411	0.887883552335701	0.886764124872624
Piscirickettsiaceae	0.617632118447936	0.77986390989178	0.79352530162087	-0.00948764550223881	0.972104335043411	0.943709886081953	0.946508335055009
Planctomycetaceae	0.670328228796846	0.223338843264036	0.231334589240698	0.00912607144760675	0.972104335043411	0.887883552335701	0.886764124872624
Planococcaceae	0.276904246126904	0.830763649531383	0.864758319133579	-0.0204524567229246	0.972104335043411	0.95637899932374	0.96729015701673
Polyangiaceae	0.501823019306086	0.494363479432832	0.467329991608808	0.016536192435695	0.972104335043411	0.906039828853767	0.890605266628767
Porphyromonadaceae	0.859994883426417	0.572339658934822	0.57337972560263	0.00478092324531515	0.972104335043411	0.913263357408469	0.905799259771026
Prevotellaceae	0.378533829321182	0.321550660788015	0.42133451720626	-0.0313632584426765	0.972104335043411	0.887883552335701	0.886764124872624
Prochloraceae	0.34941389779009	0.830734748047504	0.816231432756021	-0.0249121629313222	0.972104335043411	0.95637899932374	0.955627753539785
Prochlorotrichaceae	0.89358794195022	0.906420755717356	0.928415646208929	-0.00304953970433105	0.972104335043411	0.975488985179486	0.97691227758518
Prolixibacteraceae	0.956707798905589	0.884895809510096	0.859631632240176	-0.0011918625237985	0.984878431107852	0.965849956540935	0.96729015701673
Promicromonosporaceae	0.140601120990569	0.200188885364337	0.177038759907087	0.0368141998183844	0.972104335043411	0.887883552335701	0.886764124872624
Propionibacteriaceae	0.780512802551004	0.947038770191754	0.940294202630428	0.00690137168793107	0.972104335043411	0.988092060055261	0.980183149444422
Pseudanabaenaceae	0.852209594881263	0.78059702244299	0.732255690689899	0.00404489166706551	0.972104335043411	0.943709886081953	0.93940820688327
Pseudoalteromonadaceae	0.484961871988404	0.641836126709348	0.68163593661365	-0.0135989947067274	0.972104335043411	0.925898053936454	0.931523368377882
Pseudomonadaceae	0.771762380348938	0.348642781249911	0.358607673998846	0.00667986988033027	0.972104335043411	0.887883552335701	0.886764124872624
Pseudonocardiaceae	0.700022423227131	0.4392996317581	0.440418963983644	0.00961730744564688	0.972104335043411	0.894226523143959	0.890605266628767
Psychromonadaceae	0.736643910971287	0.487049686093823	0.498034995455916	-0.00878067421854096	0.972104335043411	0.899526431845382	0.894037082102881
Puniceicoccaceae	0.599391259312464	0.831956877081622	0.829130119242396	0.0164308513878969	0.972104335043411	0.95637899932374	0.961119406002352
Pyriculariaceae	0.816763532901692	0.313852422163534	0.320796763046147	0.0039978477121497	0.972104335043411	0.887883552335701	0.886764124872624
Pyrodictiaceae	0.647698325030813	0.791705110616388	0.893690718416567	-0.0117618321005565	0.972104335043411	0.943709886081953	0.976439755179743
Rhizobiaceae	0.602318235946424	0.263815594273175	0.266487021931078	0.0110846709576683	0.972104335043411	0.887883552335701	0.886764124872624
Rhodanobacteraceae	0.85634668856323	0.16646402099446	0.173541378174585	0.00429691747504279	0.972104335043411	0.887883552335701	0.886764124872624
Rhodobacteraceae	0.716024389301018	0.317078268925555	0.321563597660857	0.00824701733237832	0.972104335043411	0.887883552335701	0.886764124872624
Rhodobiaceae	0.691473880187354	0.416565276352775	0.405471977804258	0.0097256797060525	0.972104335043411	0.887883552335701	0.886764124872624
Rhodocyclaceae	0.624419075218979	0.457100390718388	0.405826656481156	0.0112886509988351	0.972104335043411	0.899526431845382	0.886764124872624
Rhodospirillaceae	0.669101882912178	0.265919178949057	0.270858098375527	0.00994839064847431	0.972104335043411	0.887883552335701	0.886764124872624
Rhodothermaceae	0.821496318753176	0.356160287237024	0.371117128118392	0.00561338623049742	0.972104335043411	0.887883552335701	0.886764124872624
Rickettsiaceae	0.467220473001068	0.666553386798355	0.656264696251933	-0.0197634606625842	0.972104335043411	0.9292411419094	0.917671468857572
Rikenellaceae	0.873625618048766	0.762170827967473	0.817343081582863	0.009260506624208	0.972104335043411	0.943709886081953	0.955627753539785
Rivulariaceae	0.387427754494287	0.507961261900965	0.517696970148406	-0.0219692906209543	0.972104335043411	0.907578489372821	0.894037082102881
Roseiflexaceae	0.88248953863366	0.674964675377226	0.710056224738258	-0.00352873590061294	0.972104335043411	0.9292411419094	0.93940820688327
Ruaniaceae	0.862680150832317	0.364643618437061	0.376008445987842	0.00465622017896713	0.972104335043411	0.887883552335701	0.886764124872624
Rubrobacteraceae	0.515576397379504	0.972780292952328	0.92622639461616	0.0157617255668503	0.972104335043411	0.99468952080378	0.97691227758518
Ruminococcaceae	0.513827649702948	0.317300535232849	0.397922710447591	-0.0136458862753452	0.972104335043411	0.887883552335701	0.886764124872624
Saccharomycetaceae	0.170025480206491	0.740248046405318	0.644587463227989	-0.0322778127800876	0.972104335043411	0.943709886081953	0.917671468857572
Saccharospirillaceae	0.663148247939361	0.294264179267656	0.321375123866292	-0.00894053472835507	0.972104335043411	0.887883552335701	0.886764124872624
Salinisphaeraceae	0.447444719731742	0.976742671533593	0.914003754841457	-0.0231581541602839	0.972104335043411	0.99468952080378	0.976889244917016
Salinivirgaceae	0.193016909159108	0.977306597139248	0.950309143183936	-0.0372584092338565	0.972104335043411	0.99468952080378	0.980779977434323
Sandaracinaceae	0.405344337228875	0.158305708305447	0.152120261247326	0.0223206439693575	0.972104335043411	0.887883552335701	0.886764124872624
Sanguibacteraceae	0.82017040228594	0.753502863847222	0.737081846791421	0.00597848519429913	0.972104335043411	0.943709886081953	0.93940820688327
Saprospiraceae	0.317415556579174	0.37802061886556	0.356501535924589	-0.0306093871995281	0.972104335043411	0.887883552335701	0.886764124872624
Schizosaccharomycetaceae	0.123364181312206	0.579877898781688	0.568786573413218	-0.0435970686210814	0.972104335043411	0.913263357408469	0.905799259771026
Sclerotiniaceae	0.339615908746331	0.551118522891987	0.586533755937461	-0.0212263996135587	0.972104335043411	0.913263357408469	0.90620412154416
Scytonemataceae	0.30116111339167	0.02531605261592	0.03509581537824	-0.0259552514532709	0.972104335043411	0.887883552335701	0.886764124872624
Sedimentisphaeraceae	0.729675253051112	0.488831690591745	0.502502442487823	-0.00714255823385237	0.972104335043411	0.899526431845382	0.894037082102881
Segniliparaceae	0.946411378921787	0.985300958885234	0.981820580842631	-0.00203496049099993	0.984878431107852	0.99524705294181	0.989031261322978
Selenomonadaceae	0.319161088312053	0.332653328851145	0.335934490560756	0.0258916166565359	0.972104335043411	0.887883552335701	0.886764124872624
Shewanellaceae	0.601166301697268	0.566088319986332	0.606466573526151	-0.0094065909366826	0.972104335043411	0.913263357408469	0.91205358719029
Silvanigrellaceae	0.429341111998229	0.196685741442731	0.219866139167423	-0.025558454409398	0.972104335043411	0.887883552335701	0.886764124872624
Simkaniaceae	0.889672811823766	0.28661912455663	0.321327814912486	-0.00460842985343093	0.972104335043411	0.887883552335701	0.886764124872624
Sinobacteraceae	0.479736564766864	0.47305004801224	0.444142606469308	0.0181448417600094	0.972104335043411	0.899526431845382	0.890605266628767
Solibacteraceae	0.776490472413601	0.443998019572735	0.478994100400661	0.00674578264526989	0.972104335043411	0.897467831539834	0.893775223573696
Sordariaceae	0.850358630495004	0.578571499703688	0.56200979457542	-0.00395605148125238	0.972104335043411	0.913263357408469	0.905799259771026
Sphaerobacteraceae	0.207578220174725	0.408331398385388	0.367650928524415	0.0335735434398458	0.972104335043411	0.887883552335701	0.886764124872624
Sphingobacteriaceae	0.610533562273756	0.35398961599044	0.385773103831738	-0.00791138304127574	0.972104335043411	0.887883552335701	0.886764124872624
Sphingomonadaceae	0.622630060011908	0.300340377476554	0.301875299906979	0.0109100568220048	0.972104335043411	0.887883552335701	0.886764124872624
Spirochaetaceae	0.779594640284617	0.405490997381496	0.386866073707257	0.00494500255524356	0.972104335043411	0.887883552335701	0.886764124872624
Spiroplasmataceae	0.395518928143886	0.386538681709247	0.400425200888173	-0.026295776153733	0.972104335043411	0.887883552335701	0.886764124872624
Spongiibacteraceae	0.853465561488779	0.967416824851952	0.921105142186294	-0.00428970499954699	0.972104335043411	0.99445042874003	0.97691227758518
Sporichthyaceae	0.857672741622338	0.175986676233388	0.194381600852146	-0.00515168056537608	0.972104335043411	0.887883552335701	0.886764124872624
Sporolactobacillaceae	0.35096574700378	0.212199544267179	0.246512704934133	-0.0176630310896732	0.972104335043411	0.887883552335701	0.886764124872624
Sporomusaceae	0.50422579646232	0.306508920043617	0.295472545243477	0.0119192530803455	0.972104335043411	0.887883552335701	0.886764124872624
Staphylococcaceae	0.104230993642932	0.546668709131411	0.542373983237039	-0.0385819072613703	0.972104335043411	0.913263357408469	0.901040649571209
Steroidobacteraceae	0.467402030128434	0.033795944408765	0.0457019598822376	-0.0173505168498253	0.972104335043411	0.887883552335701	0.886764124872624
Sterolibacteriaceae	0.633846769052153	0.0804996148071533	0.0799544858019352	0.0115951837301049	0.972104335043411	0.887883552335701	0.886764124872624
Streptococcaceae	0.403731716165497	0.471150027596144	0.482764717966831	-0.0373718886856107	0.972104335043411	0.899526431845382	0.894037082102881
Streptomycetaceae	0.534945026498579	0.278054018286671	0.275687823187894	0.0152661684883475	0.972104335043411	0.887883552335701	0.886764124872624
Streptosporangiaceae	0.654024623861551	0.425147240276859	0.420688145546222	0.0107400022588628	0.972104335043411	0.887883552335701	0.886764124872624
Succinivibrionaceae	0.116235866745059	0.477544276720582	0.532476227943777	-0.0387995803271021	0.972104335043411	0.899526431845382	0.894037082102881
Sulfolobaceae	0.0105048116287733	0.864914889401234	0.704650954499742	-0.0527753121886589	0.972104335043411	0.964136727362847	0.935769524223242
Sutterellaceae	0.214352504450036	0.0356125376978663	0.0297647776619871	0.0457157349752512	0.972104335043411	0.887883552335701	0.886764124872624
Symbiobacteriaceae	0.861785427101566	0.525608556799517	0.516418654477415	0.0047813432966123	0.972104335043411	0.909757646680915	0.894037082102881
Synechococcaceae	0.814901821013694	0.273767536585615	0.284684934228717	0.00524386617188597	0.972104335043411	0.887883552335701	0.886764124872624
Synergistaceae	0.546227188188212	0.692273719179064	0.659297948499615	-0.0175153965367427	0.972104335043411	0.930585478361681	0.917671468857572
Syntrophaceae	0.948542835515556	0.210052563980718	0.205485945326828	0.00148832714221114	0.984878431107852	0.887883552335701	0.886764124872624
Syntrophobacteraceae	0.630473808902356	0.215077216938913	0.205076930954561	0.010877821782933	0.972104335043411	0.887883552335701	0.886764124872624
Syntrophomonadaceae	0.919275679212604	0.223744147575762	0.235192175241309	0.00237305867659377	0.984056310779287	0.887883552335701	0.886764124872624
Tannerellaceae	0.53036393967074	0.558803644278579	0.510695473795605	0.0314001663548147	0.972104335043411	0.913263357408469	0.894037082102881
Tepidiformaceae	0.842637708204113	0.686416789053179	0.758146892710583	-0.00528740480606636	0.972104335043411	0.9292411419094	0.946063883162993
Thermaceae	0.481167700009889	0.257490811431953	0.244231128267995	0.0158424848787634	0.972104335043411	0.887883552335701	0.886764124872624
Thermoactinomycetaceae	0.453839724396493	0.124819965098591	0.121536334419462	0.0144213644007766	0.972104335043411	0.887883552335701	0.886764124872624
Thermoanaerobacteraceae	0.67076002497237	0.767107849043754	0.77600019827944	-0.00775943496852554	0.972104335043411	0.943709886081953	0.946508335055009
Thermoanaerobacterales Family III. Incertae Sedis	0.335098549813181	0.856486176579297	0.870276827274888	-0.0199295233707902	0.972104335043411	0.960981222087882	0.968018501180491
Thermoanaerobacterales Family IV. Incertae Sedis	0.668897778660745	0.467326614811104	0.504574677261999	-0.00749543842312685	0.972104335043411	0.899526431845382	0.894037082102881
Thermococcaceae	0.645244318185262	0.368860203465019	0.350541902147525	0.00854921757964325	0.972104335043411	0.887883552335701	0.886764124872624
Thermodesulfobacteriaceae	0.603651454364434	0.843743213765361	0.810685802566766	-0.0108086114726231	0.972104335043411	0.959964520703345	0.955627753539785
Thermodesulfobiaceae	0.638181406265	0.625846564063273	0.571385136285608	-0.0152636049296325	0.972104335043411	0.920888515693102	0.905799259771026
Thermofilaceae	0.54067181276758	0.575591849606438	0.601394906027649	-0.0190430790941599	0.972104335043411	0.913263357408469	0.91205358719029
Thermoguttaceae	0.711287114499585	0.635677030443718	0.624264778721242	0.00985693754937733	0.972104335043411	0.925898053936454	0.917671468857572
Thermomicrobiaceae	0.711639502627003	0.964659284474022	0.969659526047458	0.0111063163884474	0.972104335043411	0.993599063008243	0.98807337689376
Thermomonosporaceae	0.895562563128903	0.287499188703155	0.302837269550138	0.00357586970560224	0.972104335043411	0.887883552335701	0.886764124872624
Thermoplasmataceae	0.508345353222742	0.48763523174382	0.401855571381999	0.0232535729677586	0.972104335043411	0.899526431845382	0.886764124872624
Thermoproteaceae	0.543577164368186	0.68681673753742	0.705006942521588	-0.0145629125126629	0.972104335043411	0.9292411419094	0.935769524223242
Thermotogaceae	0.551745956465745	0.369288535307138	0.362245447033979	-0.012399868663787	0.972104335043411	0.887883552335701	0.886764124872624
Thioalkalibacteraceae	0.676286176099484	0.0810204245393921	0.0862998295327317	0.0112898396292788	0.972104335043411	0.887883552335701	0.886764124872624
Thioalkalispiraceae	0.495886049198347	0.179734739629322	0.175575039290859	0.0163823623938144	0.972104335043411	0.887883552335701	0.886764124872624
Thiobacillaceae	0.996826077681188	0.190592187460837	0.213170372617804	0.000104823555610588	0.999236624598459	0.887883552335701	0.886764124872624
Thiotrichaceae	0.0567425680443164	0.193829057338259	0.257133843815111	-0.044378186856954	0.972104335043411	0.887883552335701	0.886764124872624
Tissierellaceae	0.495697004770126	0.849673174090914	0.872360582705105	-0.0140133765905834	0.972104335043411	0.959964520703345	0.968245043304158
Tolypothrichaceae	0.224960568164993	0.767429439321999	0.743485523001578	-0.0384999344872046	0.972104335043411	0.943709886081953	0.940774064731726
Trichocomaceae	0.406803760338371	0.670951044066736	0.696553773239734	-0.019810090233529	0.972104335043411	0.9292411419094	0.933009810979393
Trichomonascaceae	0.757377220698432	0.767828572861169	0.732839764680006	-0.00739309928667825	0.972104335043411	0.943709886081953	0.93940820688327
Trueperaceae	0.945237052462662	0.501825529075007	0.461733329838092	0.00195660719429356	0.984878431107852	0.907578489372821	0.890605266628767
Tsukamurellaceae	0.341721027835761	0.0551733538917313	0.0527329566557192	0.0243911128774894	0.972104335043411	0.887883552335701	0.886764124872624
Unclassified Acidobacteria Phylum	0.297092786113971	0.829292383719274	0.739432371977651	-0.0393849610087806	0.972104335043411	0.95637899932374	0.93940820688327
Unclassified Actinobacteria Class	0.487977264311034	0.269695137348236	0.265551685089064	0.0161542487191023	0.972104335043411	0.887883552335701	0.886764124872624
Unclassified Actinobacteria Phylum	0.559078372331272	0.538094719435236	0.54418199931331	0.0163278659894748	0.972104335043411	0.913263357408469	0.901137394361269
Unclassified Alphaproteobacteria Class	0.533125530354522	0.258987715565702	0.250010656765385	0.0143139803313692	0.972104335043411	0.887883552335701	0.886764124872624
Unclassified Alteromonadales Order	0.61714947887822	0.989703509544694	0.94943827769465	-0.0112202580248625	0.972104335043411	0.99524705294181	0.980779977434323
Unclassified Aquificales Order	0.791026077572887	0.974779742549718	0.936349171247837	-0.00780085170732503	0.972104335043411	0.99468952080378	0.980121591854952
Unclassified Armatimonadetes Phylum	0.312222266476336	0.0387216953950231	0.0346760002624457	0.0217049941095484	0.972104335043411	0.887883552335701	0.886764124872624
Unclassified Ascomycota Phylum	0.851355567133982	0.145349795223032	0.192827540844219	0.0063845251941844	0.972104335043411	0.887883552335701	0.886764124872624
Unclassified Bacillales Order	0.232668548650486	0.792119450792581	0.846080811468797	-0.0224596382575485	0.972104335043411	0.943709886081953	0.961119406002352
Unclassified Bacilli Class	0.475609734440664	0.759574369093622	0.786507415089456	-0.0147642186812459	0.972104335043411	0.943709886081953	0.946508335055009
Unclassified Bacteroidales Order	0.545533811709526	0.638887683048785	0.63515027243995	0.0240870380491077	0.972104335043411	0.925898053936454	0.917671468857572
Unclassified Bacteroidetes Phylum	0.614104035934916	0.943603468794718	0.930975086692124	0.0151955866976095	0.972104335043411	0.987715013067642	0.97691227758518
Unclassified Bacteroidia Class	0.468818975575983	0.597138929767207	0.567799914174701	0.0295810086399915	0.972104335043411	0.916303195993978	0.905799259771026
Unclassified Balneolaeota Phylum	0.956137278618467	0.0732917622624117	0.0810748600031716	0.0013474553991242	0.984878431107852	0.887883552335701	0.886764124872624
Unclassified Betaproteobacteria Class	0.513168693558276	0.19451597538637	0.192770724596366	0.0154166102705378	0.972104335043411	0.887883552335701	0.886764124872624
Unclassified Blastocatellia Class	0.311802365178949	0.679886201668259	0.793417155619218	0.0260795019995315	0.972104335043411	0.9292411419094	0.946508335055009
Unclassified Bradymonadales Order	0.48840221173593	0.66926298246005	0.621389949020637	0.0154719822625861	0.972104335043411	0.9292411419094	0.917671468857572
Unclassified Burkholderiales Order	0.533631646781724	0.138044170006672	0.130859525877677	0.0152873416592983	0.972104335043411	0.887883552335701	0.886764124872624
Unclassified Campylobacterales Order	0.819117208619811	0.197560886075685	0.212339147292298	-0.0049954217893145	0.972104335043411	0.887883552335701	0.886764124872624
Unclassified Candidatus Bipolaricaulota Phylum	0.876773915121775	0.87338910314732	0.941573433289624	0.00420738881705936	0.972104335043411	0.965849956540935	0.980183149444422
Unclassified Candidatus Cloacimonetes Phylum	0.149073998712231	0.337084414099101	0.36823530195304	-0.0440565497650988	0.972104335043411	0.887883552335701	0.886764124872624
Unclassified Candidatus Gracilibacteria Phylum	0.101180158254931	0.793850896678007	0.762422287852137	-0.0591565846865467	0.972104335043411	0.943709886081953	0.946063883162993
Unclassified Candidatus Saccharibacteria Phylum	0.341911394642673	0.896364620218884	0.876091586566047	-0.025304489273473	0.972104335043411	0.973898268803218	0.970294982970998
Unclassified Cellvibrionales Order	0.750149326308172	0.614875464090104	0.589472583917075	-0.0113997275982477	0.972104335043411	0.91719339713826	0.90620412154416
Unclassified Chromatiales Order	0.678935045228599	0.204513944647452	0.201967900185174	0.0102624727299721	0.972104335043411	0.887883552335701	0.886764124872624
Unclassified Chroococcales Order	0.913990678367288	0.706636414520628	0.675811124524096	0.00513867140164315	0.984056310779287	0.942651955105344	0.931523368377882
Unclassified Clostridia Class	0.60918110568525	0.817029978588233	0.818314251089408	-0.0104088835141551	0.972104335043411	0.951969318943303	0.955627753539785
Unclassified Clostridiales Order	0.601800284507145	0.275085787469922	0.261850268244256	0.00854467232676618	0.972104335043411	0.887883552335701	0.886764124872624
Unclassified Coriobacteriales Order	0.860396679694118	0.765316508656797	0.72955566180002	-0.00654810983916017	0.972104335043411	0.943709886081953	0.93940820688327
Unclassified Coriobacteriia Class	0.811930854448041	0.360711937887954	0.374467900467931	0.00840726053949624	0.972104335043411	0.887883552335701	0.886764124872624
Unclassified Corynebacteriales Order	0.293857376924758	0.167961315391225	0.164990928561843	0.0251190704904913	0.972104335043411	0.887883552335701	0.886764124872624
Unclassified Cyanobacteria Phylum	0.23187633289933	0.875789272393576	0.89192318176694	-0.025248233482938	0.972104335043411	0.965849956540935	0.976439755179743
Unclassified Cytophagales Order	0.715842961114023	0.993314534392409	0.961712263711289	-0.00699919596074215	0.972104335043411	0.99524705294181	0.986617162970745
Unclassified Dehalococcoidia Class	0.793113986540024	0.658529195731874	0.658274508742277	0.00688790660641924	0.972104335043411	0.9292411419094	0.917671468857572
Unclassified Deinococci Class	0.898066035793969	0.525672085053464	0.586962260638357	0.00430016648187613	0.972104335043411	0.909757646680915	0.90620412154416
Unclassified Deltaproteobacteria Class	0.595903407932764	0.283573402114649	0.252539656618901	0.0134290876971322	0.972104335043411	0.887883552335701	0.886764124872624
Unclassified Desulfobacterales Order	0.872273759930555	0.754031238376064	0.718549153398995	0.00699581140605376	0.972104335043411	0.943709886081953	0.93940820688327
Unclassified Desulfovibrionales Order	0.877796694009814	0.232774181902601	0.19879377959865	0.00470128454668574	0.972104335043411	0.887883552335701	0.886764124872624
Unclassified Desulfuromonadales Order	0.27427096991135	0.172333165798312	0.14477756251597	0.026403904909949	0.972104335043411	0.887883552335701	0.886764124872624
Unclassified Elusimicrobia Phylum	0.363010840154367	0.602782189560195	0.688334195656242	-0.0248569025681763	0.972104335043411	0.91719339713826	0.932873975692013
Unclassified Enterobacterales Order	0.299580360823968	0.464479832818962	0.438381722196815	-0.0231842508196881	0.972104335043411	0.899526431845382	0.890605266628767
Unclassified Entomoplasmatales Order	0.714895887695441	0.211689662708696	0.250929024435706	-0.0147376494353395	0.972104335043411	0.887883552335701	0.886764124872624
Unclassified Epsilonproteobacteria Class	0.198312050792798	0.216960516476728	0.229881813127788	-0.0255665587339526	0.972104335043411	0.887883552335701	0.886764124872624
Unclassified Euryarchaeota Phylum	0.264028225438839	0.516999779779258	0.476519006675931	0.0291492790695687	0.972104335043411	0.909757646680915	0.892390139774925
Unclassified Firmicutes Phylum	0.201582566162468	0.791138694818407	0.835652149320915	-0.0222023362493377	0.972104335043411	0.943709886081953	0.961119406002352
Unclassified Flavobacteriales Order	0.667924243997765	0.569432511765904	0.606684871016363	-0.0114894769851752	0.972104335043411	0.913263357408469	0.91205358719029
Unclassified Frankiales Order	0.602687674819191	0.271246020368091	0.26339204733268	0.0156890264589443	0.972104335043411	0.887883552335701	0.886764124872624
Unclassified Fusobacteriales Order	0.114411019542171	0.0188010626888466	0.0222835440861647	-0.0440312113552207	0.972104335043411	0.887883552335701	0.886764124872624
Unclassified Gammaproteobacteria Class	0.995958491545066	0.238810425819702	0.249595760620022	-9.13262683623534e-05	0.999236624598459	0.887883552335701	0.886764124872624
Unclassified Halanaerobiales Order	0.205941375714805	0.887862902857608	0.865045480131581	-0.029270253953388	0.972104335043411	0.966700623618749	0.96729015701673
Unclassified Halobacteria Class	0.37912440577596	0.199611986168027	0.172952231492798	0.0238068063356248	0.972104335043411	0.887883552335701	0.886764124872624
Unclassified Halobacteriales Order	0.217726372285192	0.935616702165786	0.780206036583071	0.0424290194936433	0.972104335043411	0.985363193487484	0.946508335055009
Unclassified Haloferacales Order	0.171051757287565	0.299894152302895	0.212775122765633	0.0338056162966979	0.972104335043411	0.887883552335701	0.886764124872624
Unclassified Ignavibacteriales Order	0.169728316151721	0.498500047355904	0.472107257843987	-0.0706200157348161	0.972104335043411	0.907578489372821	0.890605266628767
Unclassified Kiritimatiellaeota Phylum	0.73141155212021	0.736135015484693	0.717432536127073	0.00743790206157375	0.972104335043411	0.943709886081953	0.93940820688327
Unclassified Lactobacillales Order	0.584573944619208	0.953059520772128	0.910010746097286	-0.0133940013017337	0.972104335043411	0.991566976156861	0.976439755179743
Unclassified Methanococcales Order	0.162642445069812	0.483240730869884	0.489922390837741	-0.0469037780403827	0.972104335043411	0.899526431845382	0.894037082102881
Unclassified Micrococcales Order	0.449571469312399	0.1113949436814	0.117607211407257	0.0181034176238624	0.972104335043411	0.887883552335701	0.886764124872624
Unclassified Mollicutes Class	0.731328549859678	0.55621770072861	0.575815969845282	-0.0129084751139864	0.972104335043411	0.913263357408469	0.90620412154416
Unclassified Myxococcales Order	0.533913614593829	0.248838491922482	0.2353005130938	0.0166818176858583	0.972104335043411	0.887883552335701	0.886764124872624
Unclassified Negativicutes Class	0.877105301753613	0.722393292857582	0.759721163966137	0.00397328257188779	0.972104335043411	0.943709886081953	0.946063883162993
Unclassified Neisseriales Order	0.517574540855525	0.992740856790654	0.945038906152725	0.0207319227270499	0.972104335043411	0.99524705294181	0.980779977434323
Unclassified Nitrosomonadales Order	0.166865233084821	0.998087215360325	0.970806075161636	-0.0403706201929222	0.972104335043411	0.998087215360325	0.98807337689376
Unclassified Nostocales Order	0.571106855463415	0.969746019695347	0.979601199933023	-0.0117610013333597	0.972104335043411	0.99468952080378	0.989031261322978
Unclassified Oceanospirillales Order	0.560219989818894	0.938607644947135	0.94695265001957	-0.0135197485277437	0.972104335043411	0.986495790097499	0.980779977434323
Unclassified Oscillatoriales Order	0.759728384314911	0.559572544559581	0.490725217762049	0.00861404315394831	0.972104335043411	0.913263357408469	0.894037082102881
Unclassified Phycisphaerae Class	0.549333917406556	0.11630177187143	0.121374214068672	0.0145769772434105	0.972104335043411	0.887883552335701	0.886764124872624
Unclassified Planctomycetales Order	0.691931148990147	0.8641406913369	0.910079771818013	0.00962737427468756	0.972104335043411	0.964136727362847	0.976439755179743
Unclassified Planctomycetes Phylum	0.751621311876027	0.276517976788643	0.285311011978716	0.00657347693370139	0.972104335043411	0.887883552335701	0.886764124872624
Unclassified Planctomycetia Class	0.415218852282062	0.901593452506135	0.90533975680709	0.0227992871484005	0.972104335043411	0.975488985179486	0.976439755179743
Unclassified Propionibacteriales Order	0.991653930412054	0.212749029082709	0.235715709131503	0.000290671465586195	0.999236624598459	0.887883552335701	0.886764124872624
Unclassified Proteobacteria Phylum	0.697730528871123	0.240417541750231	0.236207924383925	0.00840104056168582	0.972104335043411	0.887883552335701	0.886764124872624
Unclassified Pseudomonadales Order	0.288656546190449	0.331985227205987	0.321119802943313	0.0251816963356215	0.972104335043411	0.887883552335701	0.886764124872624
Unclassified Rhizobiales Order	0.470508886322321	0.16684796703453	0.155766831455526	0.0165152584574977	0.972104335043411	0.887883552335701	0.886764124872624
Unclassified Rhodobacterales Order	0.212552876646687	0.186205432023534	0.177068733476584	0.0459404872524403	0.972104335043411	0.887883552335701	0.886764124872624
Unclassified Rhodocyclales Order	0.187721074027969	0.273945019950448	0.261321264503208	0.0357466812635605	0.972104335043411	0.887883552335701	0.886764124872624
Unclassified Rhodospirillales Order	0.804879349430241	0.907299463885386	0.906889185416581	-0.00825612055827044	0.972104335043411	0.975488985179486	0.976439755179743
Unclassified Rickettsiales Order	0.0622817475435704	0.182138172368346	0.175602227737429	-0.0700468334243379	0.972104335043411	0.887883552335701	0.886764124872624
Unclassified Saccharomycetales Order	0.271441470890164	0.15368691753979	0.232099359779883	-0.0410520781832017	0.972104335043411	0.887883552335701	0.886764124872624
Unclassified Silvanigrellales Order	0.484937392552038	0.68745800983977	0.698599284507147	-0.0166913737883733	0.972104335043411	0.9292411419094	0.933009810979393
Unclassified Sordariomycetes Class	0.333183769368066	0.883670131668545	0.809506641721954	0.0483561556132839	0.972104335043411	0.965849956540935	0.955627753539785
Unclassified Sphingomonadales Order	0.44686868312965	0.389709140892171	0.371509537797137	0.017318984836041	0.972104335043411	0.887883552335701	0.886764124872624
Unclassified Streptosporangiales Order	0.679725382093677	0.587459091668209	0.62484108126089	-0.0145575038755945	0.972104335043411	0.91607490804143	0.917671468857572
Unclassified Synechococcales Order	0.762370593064399	0.479885533064273	0.527372387642237	-0.0121076179605503	0.972104335043411	0.899526431845382	0.894037082102881
Unclassified Tenericutes Phylum	0.427540505989102	0.425267192750974	0.462101678664663	-0.0228315376164188	0.972104335043411	0.887883552335701	0.890605266628767
Unclassified Thaumarchaeota Phylum	0.225629145140671	0.795281729241879	0.823796502858023	-0.0332158184658314	0.972104335043411	0.943709886081953	0.957686679394767
Unclassified Thermoanaerobacterales Order	0.926217061028981	0.819987602929079	0.794285980667971	0.00218990192604578	0.984878431107852	0.953258725752767	0.946508335055009
Unclassified Thermoplasmata Class	0.864467658934797	0.575085002131537	0.649330670196077	0.00466387386414828	0.972104335043411	0.913263357408469	0.917671468857572
Unclassified Thermoplasmatales Order	0.879226309601828	0.681025787603648	0.643594207792222	0.0043043913537636	0.972104335043411	0.9292411419094	0.917671468857572
Unclassified Tissierellia Class	0.0811135266805587	0.221916567685755	0.233172204833891	-0.0482635474553399	0.972104335043411	0.887883552335701	0.886764124872624
Unclassified Verrucomicrobia Phylum	0.792721774128167	0.112944384658924	0.103449927832627	0.00632798941008846	0.972104335043411	0.887883552335701	0.886764124872624
Unclassified Verrucomicrobiales Order	0.726582679216234	0.809422247604611	0.851010580848684	-0.0230784057752724	0.972104335043411	0.951717939535102	0.961119406002352
Unclassified Victivallales Order	0.366309895858163	0.0815426995760034	0.111901175998598	-0.0391783968591108	0.972104335043411	0.887883552335701	0.886764124872624
Unclassified Xanthomonadales Order	0.558555445091395	0.205066837043228	0.18070778250808	0.0165616521980024	0.972104335043411	0.887883552335701	0.886764124872624
Unclassified candidate division Zixibacteria Phylum	0.918487790816958	0.71325492533753	0.757831595990181	-0.00242163327166268	0.984056310779287	0.943709886081953	0.946063883162993
Unikaryonidae	0.263999692550338	0.481994205732753	0.532119334715475	-0.0305199065885008	0.972104335043411	0.899526431845382	0.894037082102881
Ustilaginaceae	0.364617614842814	0.545046151776954	0.51177262161921	0.0203801149115934	0.972104335043411	0.913263357408469	0.894037082102881
Vallitaleaceae	0.200923446651772	0.79021319571473	0.792730776704458	-0.0298971860528139	0.972104335043411	0.943709886081953	0.946508335055009
Veillonellaceae	0.463940243717391	0.765751092528426	0.644410354509185	-0.0240043187899461	0.972104335043411	0.943709886081953	0.917671468857572
Verrucomicrobiaceae	0.48895039984646	0.230723358696365	0.197689652468629	0.0180517299892294	0.972104335043411	0.887883552335701	0.886764124872624
Vibrionaceae	0.380109281264445	0.575390324383052	0.615418939340141	-0.0152156527327292	0.972104335043411	0.913263357408469	0.916013739191251
Vicinamibacteraceae	0.708850665192688	0.459384930979481	0.458395878586133	0.00948885598895315	0.972104335043411	0.899526431845382	0.890605266628767
Vulgatibacteraceae	0.421326304498155	0.17652551633727	0.218022816691602	-0.0237297429528351	0.972104335043411	0.887883552335701	0.886764124872624
Waddliaceae	0.108237424281802	0.203182446517919	0.263012120501528	-0.0502643324399588	0.972104335043411	0.887883552335701	0.886764124872624
Wenzhouxiangellaceae	0.996975021831834	0.244693320622071	0.23704310611309	-0.000109336229607231	0.999236624598459	0.887883552335701	0.886764124872624
Woeseiaceae	0.415126740272766	0.398111426836197	0.427359537029359	-0.0235936472999439	0.972104335043411	0.887883552335701	0.890016403516057
Xanthobacteraceae	0.813028118384975	0.432417411294337	0.415334725276032	0.00593414507399405	0.972104335043411	0.894102481737644	0.886764124872624
Xanthomonadaceae	0.589898742939095	0.332496363556607	0.331395360187337	0.0128376707863676	0.972104335043411	0.887883552335701	0.886764124872624
Yersiniaceae	0.943355367049272	0.18856473724856	0.197223208973055	-0.00138315225376275	0.984878431107852	0.887883552335701	0.886764124872624
Zoogloeaceae	0.522358985748625	0.288672540430718	0.279054057261958	0.0148908129426825	0.972104335043411	0.887883552335701	0.886764124872624
