p-variable	p-treatment	p-interaction	slope	adjusted.p-variable	adjusted.p-treatment	adjusted.p-interaction
Acaryochloridaceae	0.238945892102584	0.0216979364744836	0.0241767380705147	0.0208524422691994	0.998865613149732	0.999199681603445	0.99993440957668
Acetobacteraceae	0.754836761153414	0.704172115270185	0.607068218192417	-0.00440359451875431	0.998865613149732	0.999199681603445	0.99993440957668
Acholeplasmataceae	0.765198678503859	0.240818724289668	0.265923603974482	0.00455052749177278	0.998865613149732	0.999199681603445	0.99993440957668
Acidaminococcaceae	0.0122469905683965	0.580141670916738	0.445681216982422	-0.102676694737954	0.998865613149732	0.999199681603445	0.99993440957668
Acidiferrobacteraceae	0.852580676145988	0.753901020825436	0.810922073185709	-0.00306935685661772	0.998865613149732	0.999199681603445	0.99993440957668
Acidilobaceae	0.747035856348167	0.0868843129382919	0.0624615473205102	0.00656921456102766	0.998865613149732	0.999199681603445	0.99993440957668
Acidimicrobiaceae	0.983990076054699	0.791004821640816	0.747240624294481	0.000455203780078077	0.998865613149732	0.999199681603445	0.99993440957668
Acidithiobacillaceae	0.497017114389161	0.526762267043272	0.595411507334338	-0.0106551613772038	0.998865613149732	0.999199681603445	0.99993440957668
Acidobacteriaceae	0.473532168739304	0.932047945183661	0.976012636901523	-0.0108089104359886	0.998865613149732	0.999199681603445	0.99993440957668
Acidothermaceae	0.320251626925966	0.99525248871518	0.927767957427023	0.0182033246485386	0.998865613149732	0.999199681603445	0.99993440957668
Actinomycetaceae	0.755485578062976	0.852330898733018	0.820290589902783	-0.00662564518817639	0.998865613149732	0.999199681603445	0.99993440957668
Actinopolysporaceae	0.678685601627698	0.632615449462731	0.644807890966229	-0.00878605762864379	0.998865613149732	0.999199681603445	0.99993440957668
Aerococcaceae	0.63738689361238	0.251084949014409	0.258524134062122	0.005428674913418	0.998865613149732	0.999199681603445	0.99993440957668
Aeromonadaceae	0.590989998268466	0.844665539794482	0.953275417398854	-0.0079926285866626	0.998865613149732	0.999199681603445	0.99993440957668
Akkermansiaceae	0.988117002382691	0.04096716238911	0.056368889915525	-0.000673504070990322	0.998865613149732	0.999199681603445	0.99993440957668
Alcaligenaceae	0.639160535281896	0.774779026667024	0.866723262378474	-0.00696281840148266	0.998865613149732	0.999199681603445	0.99993440957668
Alcanivoracaceae	0.316788040141038	0.497534541133971	0.339630824229833	-0.0148255209566871	0.998865613149732	0.999199681603445	0.99993440957668
Alicyclobacillaceae	0.658242181398568	0.611593801274177	0.679219602873321	-0.00644118181300371	0.998865613149732	0.999199681603445	0.99993440957668
Alteromonadaceae	0.499911345944476	0.880549533759214	0.955249837250992	-0.00795698221904537	0.998865613149732	0.999199681603445	0.99993440957668
Amoebophilaceae	0.0849869438958827	0.308447897940509	0.439888360125864	0.0313045531290908	0.998865613149732	0.999199681603445	0.99993440957668
Anaerohalosphaeraceae	0.950928600482746	0.987448274749457	0.967284073622219	0.00102774089118725	0.998865613149732	0.999199681603445	0.99993440957668
Anaerolineaceae	0.465455629052153	0.754576535686745	0.877557295644165	-0.0108111941142072	0.998865613149732	0.999199681603445	0.99993440957668
Anaeromyxobacteraceae	0.915332942936693	0.916437488595763	0.82111734531227	-0.0020506944962666	0.998865613149732	0.999199681603445	0.99993440957668
Anaplasmataceae	0.6137571553073	0.064275703778396	0.0738385070775271	0.00705613803062947	0.998865613149732	0.999199681603445	0.99993440957668
Aphanizomenonaceae	0.782537140081736	0.737991137826447	0.812660888576629	-0.00378543630079949	0.998865613149732	0.999199681603445	0.99993440957668
Aphanothecaceae	0.811348271564909	0.309960679674135	0.320199790869281	0.00313857824781358	0.998865613149732	0.999199681603445	0.99993440957668
Aquificaceae	0.757781934236057	0.653347352301698	0.721904480980302	0.00471716358579671	0.998865613149732	0.999199681603445	0.99993440957668
Archaeoglobaceae	0.662186583762564	0.942748976040384	0.979889387275928	0.00643121910536573	0.998865613149732	0.999199681603445	0.99993440957668
Archangiaceae	0.544145492709921	0.93094671011316	0.963093284669295	-0.0105950151728495	0.998865613149732	0.999199681603445	0.99993440957668
Ardenticatenaceae	0.812655973866758	0.870165815134236	0.828398278812239	0.00543908617190238	0.998865613149732	0.999199681603445	0.99993440957668
Aspergillaceae	0.528013342556659	0.413084481718109	0.361064861006035	-0.00903023673695321	0.998865613149732	0.999199681603445	0.99993440957668
Atopobiaceae	0.638773363416359	0.584196900159313	0.715271890679994	-0.0105972236211319	0.998865613149732	0.999199681603445	0.99993440957668
Aurantimonadaceae	0.590249711888121	0.902058663312316	0.977659467223811	-0.00941718292581957	0.998865613149732	0.999199681603445	0.99993440957668
Azonexaceae	0.886185211241407	0.736883922114634	0.841379925215929	0.0021226776301766	0.998865613149732	0.999199681603445	0.99993440957668
Bacillaceae	0.909932462078045	0.779519100533214	0.774881107351177	-0.00130745229498831	0.998865613149732	0.999199681603445	0.99993440957668
Bacteriovoracaceae	0.635357199949685	0.683492809715413	0.671014263173612	0.00784073768596843	0.998865613149732	0.999199681603445	0.99993440957668
Bacteroidaceae	0.899065802063708	0.148546240028318	0.180321753932495	0.00402946236897963	0.998865613149732	0.999199681603445	0.99993440957668
Baekduiaceae	0.268381171343546	0.907397660166843	0.94986484119324	-0.0264591988480183	0.998865613149732	0.999199681603445	0.99993440957668
Barnesiellaceae	0.147833638591244	0.0509085209204709	0.0888013914862004	0.0384100494731505	0.998865613149732	0.999199681603445	0.99993440957668
Bartonellaceae	0.688862696409143	0.429346705985972	0.460604765696619	0.00503660013894458	0.998865613149732	0.999199681603445	0.99993440957668
Bdellovibrionaceae	0.52666799060562	0.67887461337141	0.58082330173789	-0.00784410184128123	0.998865613149732	0.999199681603445	0.99993440957668
Beijerinckiaceae	0.951751998703906	0.849571397021277	0.745168707917779	0.00100397555453304	0.998865613149732	0.999199681603445	0.99993440957668
Bernardetiaceae	0.257199480904848	0.497054145444994	0.601655891864056	0.0218770017416383	0.998865613149732	0.999199681603445	0.99993440957668
Beutenbergiaceae	0.529998922507325	0.802388563120774	0.98652007641538	-0.0121720924984586	0.998865613149732	0.999199681603445	0.99993440957668
Bifidobacteriaceae	0.000300704338200558	0.437476570521131	0.562671062315763	0.14710843340011	0.154862734173287	0.999199681603445	0.99993440957668
Blattabacteriaceae	0.319371089312672	0.185365258330466	0.230284646317235	0.0159518446219201	0.998865613149732	0.999199681603445	0.99993440957668
Bogoriellaceae	0.648795619089323	0.859221818955872	0.963955930532616	-0.00972172582287368	0.998865613149732	0.999199681603445	0.99993440957668
Borreliaceae	0.512813624513235	0.15582127743413	0.180103063365259	-0.0108038216958152	0.998865613149732	0.999199681603445	0.99993440957668
Brachyspiraceae	0.709892535808494	0.344987683683594	0.382938385567279	-0.00575735538174197	0.998865613149732	0.999199681603445	0.99993440957668
Bradymonadaceae	0.403562439105709	0.356851582861398	0.387572220833342	-0.0169048552387795	0.998865613149732	0.999199681603445	0.99993440957668
Bradyrhizobiaceae	0.578973776890098	0.906844191772682	0.993022662858664	-0.00879607196964699	0.998865613149732	0.999199681603445	0.99993440957668
Brevibacteriaceae	0.423198157405409	0.75972610720089	0.830326034854904	-0.0122659310429876	0.998865613149732	0.999199681603445	0.99993440957668
Brucellaceae	0.875722476401165	0.938677448559898	0.874381703460138	-0.00221397596899456	0.998865613149732	0.999199681603445	0.99993440957668
Budviciaceae	0.24906617936265	0.163692908628042	0.211429683062187	-0.0148333697812444	0.998865613149732	0.999199681603445	0.99993440957668
Burkholderiaceae	0.612244866819941	0.739565282410123	0.849261195464859	-0.00766141804828754	0.998865613149732	0.999199681603445	0.99993440957668
Caldilineaceae	0.472640759848197	0.717503046520127	0.803739611146969	-0.0136720208592488	0.998865613149732	0.999199681603445	0.99993440957668
Caldisphaeraceae	0.747889614943286	0.294770080254113	0.324513931985099	0.00768893813409584	0.998865613149732	0.999199681603445	0.99993440957668
Calditrichaceae	0.526058228328831	0.404376588687091	0.410168847140768	0.0101549478213534	0.998865613149732	0.999199681603445	0.99993440957668
Calotrichaceae	0.934445687722748	0.276818489933482	0.254742755845298	0.00102474985084168	0.998865613149732	0.999199681603445	0.99993440957668
Campylobacteraceae	0.391051673211731	0.343720871158019	0.371147087402166	0.015244030684466	0.998865613149732	0.999199681603445	0.99993440957668
Candidatus Brocadiaceae	0.710585714404204	0.232353451490266	0.139599084399791	0.0058577028406601	0.998865613149732	0.999199681603445	0.99993440957668
Candidatus Deianiraeaceae	0.00110130776408798	0.0803144343395296	0.206885233856727	0.0675947479033453	0.283586749252656	0.999199681603445	0.99993440957668
Candidatus Methanomethylophilaceae	0.611978083802056	0.546870007857765	0.433914847851469	-0.0107856357363198	0.998865613149732	0.999199681603445	0.99993440957668
Candidatus Midichloriaceae	0.884448463329787	0.120502684730935	0.137123923835978	0.00281582791629575	0.998865613149732	0.999199681603445	0.99993440957668
Candidatus Nanopelagicaceae	0.299437504345081	0.535467919532382	0.459430221000408	-0.0153230931991387	0.998865613149732	0.999199681603445	0.99993440957668
Candidatus Paracaedibacteraceae	0.745860481768738	0.827627554914156	0.682039271554548	-0.00655372759943842	0.998865613149732	0.999199681603445	0.99993440957668
Cardiobacteriaceae	0.253641032099556	0.607088493701222	0.794503619021996	-0.018805631682455	0.998865613149732	0.999199681603445	0.99993440957668
Carnobacteriaceae	0.870919918600837	0.329703155371775	0.381610059343979	0.00220764442143562	0.998865613149732	0.999199681603445	0.99993440957668
Casimicrobiaceae	0.907725742456447	0.836753067300563	0.947157138487044	-0.00226066533660437	0.998865613149732	0.999199681603445	0.99993440957668
Catenulisporaceae	0.364726079518146	0.914065112252931	0.725455301342582	-0.0190939976892115	0.998865613149732	0.999199681603445	0.99993440957668
Caulobacteraceae	0.547568454159232	0.95227373309981	0.817145930685343	-0.00966016303449911	0.998865613149732	0.999199681603445	0.99993440957668
Cellulomonadaceae	0.563630139928979	0.929541618372251	0.99992216900031	-0.0110907653558084	0.998865613149732	0.999199681603445	0.99993440957668
Cellvibrionaceae	0.955489894399165	0.974289884658158	0.989328844872768	0.0007481247670481	0.998865613149732	0.999199681603445	0.99993440957668
Chaetomiaceae	0.840193855882748	0.82754192097987	0.915261644280287	-0.00292181470085778	0.998865613149732	0.999199681603445	0.99993440957668
Chamaesiphonaceae	0.745859289568065	0.3769005151444	0.450003121424579	0.00505798914328278	0.998865613149732	0.999199681603445	0.99993440957668
Chelatococcaceae	0.828526341290342	0.820758909170951	0.747902412512225	-0.00439100132624031	0.998865613149732	0.999199681603445	0.99993440957668
Chitinophagaceae	0.403232729153087	0.734594779504173	0.807609217453116	0.00902307895203886	0.998865613149732	0.999199681603445	0.99993440957668
Chlamydiaceae	0.312683188182142	0.588364480291366	0.438502917904901	0.0152162003067394	0.998865613149732	0.999199681603445	0.99993440957668
Chlorobiaceae	0.802485304129686	0.908406430798519	0.864519193538095	0.00345543473267466	0.998865613149732	0.999199681603445	0.99993440957668
Chloroflexaceae	0.573788254733416	0.793355750206098	0.697294363189553	-0.00961914952622228	0.998865613149732	0.999199681603445	0.99993440957668
Christensenellaceae	0.457103794567853	0.54556656772251	0.636238046919423	-0.0142940367908502	0.998865613149732	0.999199681603445	0.99993440957668
Chromatiaceae	0.936099464410471	0.903211983025883	0.856878455466882	-0.00115385798370162	0.998865613149732	0.999199681603445	0.99993440957668
Chromobacteriaceae	0.574761091068688	0.676208271668281	0.768235674543094	-0.00907554209803018	0.998865613149732	0.999199681603445	0.99993440957668
Chroococcaceae	0.532109956745619	0.900949078795107	0.888607822706852	0.00870426490058915	0.998865613149732	0.999199681603445	0.99993440957668
Chroococcidiopsidaceae	0.87711824395417	0.763757752223612	0.872290585513931	-0.00274196860800892	0.998865613149732	0.999199681603445	0.99993440957668
Chrysiogenaceae	0.858215120636626	0.717724218487994	0.729426302031158	-0.00297450246267881	0.998865613149732	0.999199681603445	0.99993440957668
Chthonomonadaceae	0.972193331477512	0.616979697961587	0.546998448258284	0.000624702858744236	0.998865613149732	0.999199681603445	0.99993440957668
Clavicipitaceae	0.929553539266569	0.800930607010606	0.755235865575035	0.00136081450329874	0.998865613149732	0.999199681603445	0.99993440957668
Clostridiaceae	0.648996912508553	0.393239238177329	0.493504514693407	0.00576314723218295	0.998865613149732	0.999199681603445	0.99993440957668
Clostridiales Family XIII. Incertae Sedis	0.681221557693123	0.72227414141874	0.676458792290893	-0.00587796040962764	0.998865613149732	0.999199681603445	0.99993440957668
Clostridiales Family XVI. Incertae Sedis	0.368188210140611	0.336346672374813	0.315812821049318	0.0129695759906926	0.998865613149732	0.999199681603445	0.99993440957668
Clostridiales Family XVII. Incertae Sedis	0.345558536322874	0.914785163647011	0.79147154377614	-0.0180104809388908	0.998865613149732	0.999199681603445	0.99993440957668
Cohaesibacteraceae	0.803524814073405	0.645906048785686	0.582260660219419	-0.00439970658492553	0.998865613149732	0.999199681603445	0.99993440957668
Coleofasciculaceae	0.470573936041485	0.696022423894211	0.893940686135415	-0.0129459972893615	0.998865613149732	0.999199681603445	0.99993440957668
Colwelliaceae	0.39380100971778	0.266300477342553	0.289621969793509	0.0101666656133877	0.998865613149732	0.999199681603445	0.99993440957668
Comamonadaceae	0.545951945261838	0.980766136885171	0.889081645434795	-0.0101159979569861	0.998865613149732	0.999199681603445	0.99993440957668
Conexibacteraceae	0.70618266456089	0.610473931991736	0.711812915316299	-0.00794097059422148	0.998865613149732	0.999199681603445	0.99993440957668
Coprothermobacteraceae	0.765763916921036	0.586749096429458	0.527729461520235	-0.00700816922201382	0.998865613149732	0.999199681603445	0.99993440957668
Coriobacteriaceae	0.879144105206194	0.535855764178901	0.509620261675263	-0.00535016812163306	0.998865613149732	0.999199681603445	0.99993440957668
Corynebacteriaceae	0.674551903918979	0.841970301806975	0.944850278330959	-0.00629879042336486	0.998865613149732	0.999199681603445	0.99993440957668
Coxiellaceae	0.748322299228741	0.275510361530254	0.254511543191563	0.00439749696000102	0.998865613149732	0.999199681603445	0.99993440957668
Crocinitomicaceae	0.7271825735451	0.273828058932	0.283744216509374	0.0068930111021143	0.998865613149732	0.999199681603445	0.99993440957668
Cryomorphaceae	0.0491915291598578	0.593499247706229	0.792023607311227	0.0387493001220012	0.998865613149732	0.999199681603445	0.99993440957668
Cryptococcaceae	0.607413514932247	0.91339091499783	0.888950493045393	-0.00774873158047397	0.998865613149732	0.999199681603445	0.99993440957668
Cuniculiplasmataceae	0.506996378374936	0.343425995799861	0.421783359033165	0.0126365677084076	0.998865613149732	0.999199681603445	0.99993440957668
Cyanobacteriaceae	0.40554997200037	0.183962615112362	0.192931766264075	0.0147271282764931	0.998865613149732	0.999199681603445	0.99993440957668
Cyanothecaceae	0.643978302024561	0.422072527827234	0.358935879869558	-0.006949951090575	0.998865613149732	0.999199681603445	0.99993440957668
Cyclobacteriaceae	0.938220620564646	0.434667917319024	0.50821590315689	0.000836780398309379	0.998865613149732	0.999199681603445	0.99993440957668
Cytophagaceae	0.869725071606029	0.470370030251441	0.489686399677365	0.0018931576876505	0.998865613149732	0.999199681603445	0.99993440957668
Debaryomycetaceae	0.489313307989109	0.385391677640789	0.488038141952816	0.0116508397350587	0.998865613149732	0.999199681603445	0.99993440957668
Deferribacteraceae	0.754942309559741	0.637350942631403	0.613374128349842	-0.00413938965628847	0.998865613149732	0.999199681603445	0.99993440957668
Dehalococcoidaceae	0.645898264053975	0.569346379417431	0.541397954587945	0.00764028763859173	0.998865613149732	0.999199681603445	0.99993440957668
Deinococcaceae	0.547843348228894	0.967420548722743	0.853685295231396	-0.0104446289292397	0.998865613149732	0.999199681603445	0.99993440957668
Dermabacteraceae	0.43480253195272	0.581052605448596	0.665916979466506	-0.0129645064231211	0.998865613149732	0.999199681603445	0.99993440957668
Dermacoccaceae	0.597162197819698	0.735244142106796	0.624359567706323	-0.0106586438632456	0.998865613149732	0.999199681603445	0.99993440957668
Dermatophilaceae	0.735186196246982	0.869509024443896	0.908136907789072	0.00478519351482507	0.998865613149732	0.999199681603445	0.99993440957668
Dermocarpellaceae	0.337416642884492	0.0736497185215036	0.0680132540039461	0.0156404762457866	0.998865613149732	0.999199681603445	0.99993440957668
Desulfarculaceae	0.703158973023521	0.97657778800784	0.927466951216767	-0.00765240289868769	0.998865613149732	0.999199681603445	0.99993440957668
Desulfobacteraceae	0.74673760241467	0.91766801807145	0.998071172233535	-0.00455429530739885	0.998865613149732	0.999199681603445	0.99993440957668
Desulfobulbaceae	0.951975768318119	0.887678129008704	0.867230266931989	0.000887998470817016	0.998865613149732	0.999199681603445	0.99993440957668
Desulfohalobiaceae	0.436816745679754	0.809023265045351	0.91150102507131	-0.0142056144109813	0.998865613149732	0.999199681603445	0.99993440957668
Desulfomicrobiaceae	0.887901268691459	0.919038929869199	0.918210273175669	-0.00228768697789457	0.998865613149732	0.999199681603445	0.99993440957668
Desulfovibrionaceae	0.434241916581436	0.988808979265399	0.895903572543156	0.0206832253251693	0.998865613149732	0.999199681603445	0.99993440957668
Desulfurellaceae	0.355320492115054	0.837781880724268	0.827280736752051	0.0157153495442619	0.998865613149732	0.999199681603445	0.99993440957668
Desulfurobacteriaceae	0.828882477026762	0.250559260618508	0.205334122195487	-0.00314791141590729	0.998865613149732	0.999199681603445	0.99993440957668
Desulfurococcaceae	0.795763348865386	0.669270661157104	0.775003056918853	0.00404229807163161	0.998865613149732	0.999199681603445	0.99993440957668
Desulfuromonadaceae	0.762839323480429	0.988819174111403	0.94179871705447	-0.00467669067348191	0.998865613149732	0.999199681603445	0.99993440957668
Dictyoglomaceae	0.725728586238759	0.318631631757509	0.369651026406964	-0.00611137648703212	0.998865613149732	0.999199681603445	0.99993440957668
Dietziaceae	0.950376267552843	0.905955178914534	0.894079499538199	0.0011554651538885	0.998865613149732	0.999199681603445	0.99993440957668
Dipodascaceae	0.595693079221122	0.587892816889693	0.679551800477284	-0.00916747047751087	0.998865613149732	0.999199681603445	0.99993440957668
Dysgonamonadaceae	0.0675304856072486	0.295734843031544	0.457850299141902	0.034644792458588	0.998865613149732	0.999199681603445	0.99993440957668
Ectothiorhodospiraceae	0.383931775950842	0.834057686249476	0.967693478258785	-0.014736585864434	0.998865613149732	0.999199681603445	0.99993440957668
Eggerthellaceae	0.187167784867457	0.594668728758178	0.671964556266992	-0.0390067841465533	0.998865613149732	0.999199681603445	0.99993440957668
Egibacteraceae	0.657445274163016	0.86959152654063	0.916258118861533	-0.00867001163049474	0.998865613149732	0.999199681603445	0.99993440957668
Egicoccaceae	0.734308771069338	0.997259488046933	0.888309042656767	-0.00746604704976975	0.998865613149732	0.999199681603445	0.99993440957668
Elusimicrobiaceae	0.812323749337474	0.284825191183989	0.220855158507067	0.00411992110303115	0.998865613149732	0.999199681603445	0.99993440957668
Emcibacteraceae	0.497596630621901	0.970823023938705	0.960560353577283	-0.0115250814173776	0.998865613149732	0.999199681603445	0.99993440957668
Endomicrobiaceae	0.575846461595027	0.560850282497247	0.450125593401388	0.00908352043302027	0.998865613149732	0.999199681603445	0.99993440957668
Endozoicomonadaceae	0.836989963515158	0.734038078038385	0.777170928482636	-0.00332341196659293	0.998865613149732	0.999199681603445	0.99993440957668
Enterobacteriaceae	0.451017840993349	0.887256110432727	0.754068004535987	-0.0178249925291696	0.998865613149732	0.999199681603445	0.99993440957668
Enterococcaceae	0.581125556724223	0.512053388640303	0.696722501362475	0.00950446329358976	0.998865613149732	0.999199681603445	0.99993440957668
Entomoplasmataceae	0.947543704783946	0.549270284587203	0.634276480577609	-0.00127860320494232	0.998865613149732	0.999199681603445	0.99993440957668
Erwiniaceae	0.860617416932207	0.626084803029285	0.5625550613974	-0.00207527515065108	0.998865613149732	0.999199681603445	0.99993440957668
Erysipelotrichaceae	0.601141220708776	0.333535853326002	0.317307811146378	-0.00876703206695686	0.998865613149732	0.999199681603445	0.99993440957668
Erythrobacteraceae	0.768578521030146	0.86519471978443	0.940204611944637	-0.00488814576040329	0.998865613149732	0.999199681603445	0.99993440957668
Eubacteriaceae	0.676571218771398	0.176782340709912	0.168382228466481	-0.00802310820927066	0.998865613149732	0.999199681603445	0.99993440957668
Euzebyaceae	0.583611473084981	0.81936938407279	0.775656755741926	-0.0117977356078154	0.998865613149732	0.999199681603445	0.99993440957668
Ferrimonadaceae	0.652709925885077	0.984163462986308	0.951038610304745	-0.00708369983932628	0.998865613149732	0.999199681603445	0.99993440957668
Ferroplasmaceae	0.861894038446705	0.713753091857898	0.732438054411329	0.0037630929945097	0.998865613149732	0.999199681603445	0.99993440957668
Fervidobacteriaceae	0.991901513983787	0.689506082938675	0.722189984418311	-0.000148338667646835	0.998865613149732	0.999199681603445	0.99993440957668
Fibrobacteraceae	0.127224769190705	0.993006537931525	0.811449188678559	-0.0262269453501419	0.998865613149732	0.999199681603445	0.99993440957668
Fimbriimonadaceae	0.344291730902162	0.181273809817313	0.238177013207262	-0.0174278476439778	0.998865613149732	0.999199681603445	0.99993440957668
Flammeovirgaceae	0.260781340843117	0.121844251181869	0.198515315570518	0.0138376897622788	0.998865613149732	0.999199681603445	0.99993440957668
Flavobacteriaceae	0.635384302667169	0.299417021330325	0.35120711600082	0.00536754160996996	0.998865613149732	0.999199681603445	0.99993440957668
Francisellaceae	0.939408754466989	0.775065978118622	0.816905018995601	0.00108275878470442	0.998865613149732	0.999199681603445	0.99993440957668
Frankiaceae	0.717749890598475	0.971164138688897	0.896566688662498	-0.00640252695533034	0.998865613149732	0.999199681603445	0.99993440957668
Fusobacteriaceae	0.52572295462631	0.250214193288219	0.401054085995958	0.0108898678642301	0.998865613149732	0.999199681603445	0.99993440957668
Gallionellaceae	0.676026842108561	0.869690161378378	0.955968779673369	-0.00578559309667614	0.998865613149732	0.999199681603445	0.99993440957668
Gemmataceae	0.618311680089342	0.8531982299929	0.887877121638331	-0.00869652720496242	0.998865613149732	0.999199681603445	0.99993440957668
Gemmatimonadaceae	0.369200084682962	0.843257252983798	0.996120976755687	-0.0160715470310184	0.998865613149732	0.999199681603445	0.99993440957668
Geobacteraceae	0.888662127663162	0.983584771081007	0.905888326700164	-0.00222838496352058	0.998865613149732	0.999199681603445	0.99993440957668
Geodermatophilaceae	0.668612733348744	0.766813547732319	0.910625190499339	-0.00916326736132479	0.998865613149732	0.999199681603445	0.99993440957668
Gloeobacteraceae	0.643622990443904	0.873939121756863	0.791897228474807	-0.00830867151185877	0.998865613149732	0.999199681603445	0.99993440957668
Gloeomargaritaceae	0.81574222763538	0.86976253431567	0.837643855528551	-0.00405150564696858	0.998865613149732	0.999199681603445	0.99993440957668
Glomerellaceae	0.43765900079538	0.829981467298759	0.721300752190169	-0.0130331306419098	0.998865613149732	0.999199681603445	0.99993440957668
Glycomycetaceae	0.066552094130323	0.794155395902307	0.626824931890421	-0.0387075811685661	0.998865613149732	0.999199681603445	0.99993440957668
Gomontiellaceae	0.767949540261645	0.294692807045252	0.367419342947939	-0.00490129343902221	0.998865613149732	0.999199681603445	0.99993440957668
Gordoniaceae	0.420584838977056	0.618601069385528	0.752925562448955	-0.0138908546128618	0.998865613149732	0.999199681603445	0.99993440957668
Gottschalkiaceae	0.841928993027869	0.0610496612284204	0.0700543506561214	0.00351037070054155	0.998865613149732	0.999199681603445	0.99993440957668
Granulosicoccaceae	0.70786111434192	0.930890347248752	0.909297513803663	0.0053054449789967	0.998865613149732	0.999199681603445	0.99993440957668
Hafniaceae	0.581259073424227	0.719957747314204	0.782600532689566	-0.00820217897822333	0.998865613149732	0.999199681603445	0.99993440957668
Hahellaceae	0.555403449694217	0.616012492456238	0.686426427814242	-0.00813386563358013	0.998865613149732	0.999199681603445	0.99993440957668
Halanaerobiaceae	0.914018745374639	0.359880653890156	0.376170663740145	0.00152720384171895	0.998865613149732	0.999199681603445	0.99993440957668
Halieaceae	0.92911049391337	0.920454781122935	0.903832680794363	0.00126780636040559	0.998865613149732	0.999199681603445	0.99993440957668
Haliscomenobacteraceae	0.779512988485823	0.618492773994699	0.591770717958238	0.00505711226151149	0.998865613149732	0.999199681603445	0.99993440957668
Haloarculaceae	0.164199444579955	0.482819312009468	0.666286862949308	-0.0238357666728843	0.998865613149732	0.999199681603445	0.99993440957668
Halobacteriaceae	0.687710995601506	0.697366559195277	0.630245530708328	-0.00801533088917738	0.998865613149732	0.999199681603445	0.99993440957668
Halobacteriovoraceae	0.910746451160824	0.474669073012469	0.527131101789299	0.00198280200594939	0.998865613149732	0.999199681603445	0.99993440957668
Halobacteroidaceae	0.317122575137039	0.397167115425957	0.499846856744676	0.0151937937068852	0.998865613149732	0.999199681603445	0.99993440957668
Haloferacaceae	0.434730861891287	0.728148651084994	0.848658273336586	-0.012536103065841	0.998865613149732	0.999199681603445	0.99993440957668
Halomonadaceae	0.643744575349513	0.97918450339491	0.88903205758339	-0.0068237441001998	0.998865613149732	0.999199681603445	0.99993440957668
Halorubraceae	0.522331189912744	0.804108076402061	0.934483328866497	-0.0122117681669359	0.998865613149732	0.999199681603445	0.99993440957668
Halothiobacillaceae	0.763565025709948	0.876945887369692	0.877754557662705	-0.00560715218497064	0.998865613149732	0.999199681603445	0.99993440957668
Hapalosiphonaceae	0.819680542394947	0.709902137188172	0.831475059694886	0.00345101917812663	0.998865613149732	0.999199681603445	0.99993440957668
Helicobacteraceae	0.993907088539233	0.487485242955399	0.483199138881519	-9.53784661501917e-05	0.998865613149732	0.999199681603445	0.99993440957668
Heliobacteriaceae	0.682714189222235	0.744886040287909	0.609086659944246	-0.00670675189839597	0.998865613149732	0.999199681603445	0.99993440957668
Holosporaceae	0.826769742411394	0.172317856933428	0.219908454009747	0.00365121618606181	0.998865613149732	0.999199681603445	0.99993440957668
Hungateiclostridiaceae	0.948864153032233	0.776188313469069	0.767129497806103	-0.000817975274388166	0.998865613149732	0.999199681603445	0.99993440957668
Hydrogenophilaceae	0.17420245721244	0.0134646297942529	0.0159934622843951	-0.0258090132534243	0.998865613149732	0.999199681603445	0.99993440957668
Hydrogenothermaceae	0.979431497676798	0.528396390329745	0.538557376042208	-0.000400951338535437	0.998865613149732	0.999199681603445	0.99993440957668
Hyellaceae	0.567943882765123	0.39130744045031	0.277927775981534	-0.0107330610852569	0.998865613149732	0.999199681603445	0.99993440957668
Hymenobacteraceae	0.856232634775623	0.84333650083891	0.776528480343548	-0.00263000236665282	0.998865613149732	0.999199681603445	0.99993440957668
Hyphomicrobiaceae	0.610658176689852	0.758777715884555	0.851752133799868	-0.00788428768741081	0.998865613149732	0.999199681603445	0.99993440957668
Hyphomonadaceae	0.280730482322054	0.525735251050556	0.621496241565245	-0.0163041617971172	0.998865613149732	0.999199681603445	0.99993440957668
Iamiaceae	0.57808817804751	0.914998633290481	0.999293763509857	-0.0108504959649859	0.998865613149732	0.999199681603445	0.99993440957668
Ichthyobacteriaceae	0.107666005039949	0.0453254252316977	0.0727353232349027	0.0338167259763162	0.998865613149732	0.999199681603445	0.99993440957668
Idiomarinaceae	0.427634129476338	0.440395041464125	0.456792890448482	0.0100955337183587	0.998865613149732	0.999199681603445	0.99993440957668
Ignavibacteriaceae	0.897338715965261	0.305465904550109	0.251638310467912	-0.00240859658109366	0.998865613149732	0.999199681603445	0.99993440957668
Ilumatobacteraceae	0.558716333598648	0.778607745515764	0.90429807634286	-0.0132119525620966	0.998865613149732	0.999199681603445	0.99993440957668
Immundisolibacteraceae	0.738122512562988	0.953091323872514	0.926792301288878	-0.00706968271918171	0.998865613149732	0.999199681603445	0.99993440957668
Intrasporangiaceae	0.527370376718376	0.60568136204656	0.713133427508222	-0.0117551371415992	0.998865613149732	0.999199681603445	0.99993440957668
Isosphaeraceae	0.546888111801193	0.624253600260918	0.696567921183181	-0.0112886429192231	0.998865613149732	0.999199681603445	0.99993440957668
Jiangellaceae	0.730604395106448	0.891320277078275	0.994006463344924	-0.0070453552665047	0.998865613149732	0.999199681603445	0.99993440957668
Jonesiaceae	0.762306852061223	0.288930853454249	0.354997754191381	0.00576880108082378	0.998865613149732	0.999199681603445	0.99993440957668
Kangiellaceae	0.51949082282234	0.0541036624249455	0.0737785559380918	0.00984703831160566	0.998865613149732	0.999199681603445	0.99993440957668
Kineosporiaceae	0.663410703289639	0.674245669403088	0.823861302629731	-0.00978773477634065	0.998865613149732	0.999199681603445	0.99993440957668
Kiritimatiellaceae	0.512418543015956	0.518413037234734	0.594130825887169	-0.0128822929227019	0.998865613149732	0.999199681603445	0.99993440957668
Kofleriaceae	0.972825292984762	0.485215496921951	0.480539716760885	-0.000666719672390618	0.998865613149732	0.999199681603445	0.99993440957668
Kosmotogaceae	0.384579769741937	0.96390453548703	0.997924297948069	-0.0120314489509674	0.998865613149732	0.999199681603445	0.99993440957668
Ktedonosporobacteraceae	0.993747210043037	0.661038553460455	0.584930267449944	0.000143565811141926	0.998865613149732	0.999199681603445	0.99993440957668
Labilitrichaceae	0.677693024075806	0.856287506862414	0.954171315165237	0.00749372463031035	0.998865613149732	0.999199681603445	0.99993440957668
Lachnospiraceae	0.232731506030101	0.67440160440681	0.612775145666942	0.0151338542550343	0.998865613149732	0.999199681603445	0.99993440957668
Lacipirellulaceae	0.746107371900827	0.716779181702308	0.700872671274082	-0.00570994260232144	0.998865613149732	0.999199681603445	0.99993440957668
Lactobacillaceae	0.378646502311544	0.639234441290048	0.709043746342973	0.017268954261784	0.998865613149732	0.999199681603445	0.99993440957668
Legionellaceae	0.31379392477771	0.316142867199288	0.353694313812852	0.0129972997625232	0.998865613149732	0.999199681603445	0.99993440957668
Leptolyngbyaceae	0.974205073446375	0.478019576522335	0.480628594531126	-0.00041785334969191	0.998865613149732	0.999199681603445	0.99993440957668
Leptospiraceae	0.998865613149732	0.334065025368184	0.343009062407787	1.74954267243015e-05	0.998865613149732	0.999199681603445	0.99993440957668
Leptotrichiaceae	0.880301069928488	0.391480494019276	0.425274504514317	0.00221809790602873	0.998865613149732	0.999199681603445	0.99993440957668
Leuconostocaceae	0.982258851677622	0.25543016450313	0.281312330181145	0.00044619018239895	0.998865613149732	0.999199681603445	0.99993440957668
Lichenihabitantaceae	0.927129468067759	0.967285865433559	0.999671827332505	0.00186305515315476	0.998865613149732	0.999199681603445	0.99993440957668
Limnochordaceae	0.603547191675909	0.923889278100187	0.991850266746116	-0.00939277351420417	0.998865613149732	0.999199681603445	0.99993440957668
Listeriaceae	0.811657651944586	0.761504906872107	0.819497378154438	0.00311365990964564	0.998865613149732	0.999199681603445	0.99993440957668
Litoricolaceae	0.40859047703039	0.46175183020612	0.42974966880148	0.0169491136005335	0.998865613149732	0.999199681603445	0.99993440957668
Magnetococcaceae	0.725970436214926	0.661902926470077	0.685950379467481	0.00646632959184179	0.998865613149732	0.999199681603445	0.99993440957668
Malasseziaceae	0.711666434743762	0.280248630181036	0.346069364298735	0.00770669106358255	0.998865613149732	0.999199681603445	0.99993440957668
Marinifilaceae	0.271757128350176	0.275174343368727	0.356331965191247	0.016834560766586	0.998865613149732	0.999199681603445	0.99993440957668
Marinilabiliaceae	0.545396198855492	0.936161922372154	0.877455552736485	0.00964477794365862	0.998865613149732	0.999199681603445	0.99993440957668
Mariprofundaceae	0.901304939177123	0.252189481170665	0.304530586655895	0.00213705539400094	0.998865613149732	0.999199681603445	0.99993440957668
Melioribacteraceae	0.249795148563615	0.956958048008412	0.948362753345405	-0.0188640467645134	0.998865613149732	0.999199681603445	0.99993440957668
Merismopediaceae	0.47087366574904	0.564084641777497	0.625077659933228	0.0111571604932699	0.998865613149732	0.999199681603445	0.99993440957668
Mesoaciditogaceae	0.561612140578476	0.432119330949389	0.463391847318076	0.010212560784176	0.998865613149732	0.999199681603445	0.99993440957668
Methanobacteriaceae	0.67702023213497	0.308278112615935	0.403595428269844	0.015908632455241	0.998865613149732	0.999199681603445	0.99993440957668
Methanocaldococcaceae	0.649240840441597	0.175870113794954	0.185477518773204	-0.00827231430786329	0.998865613149732	0.999199681603445	0.99993440957668
Methanocellaceae	0.67253493586648	0.826570374244175	0.876184619964527	0.00794840129102189	0.998865613149732	0.999199681603445	0.99993440957668
Methanococcaceae	0.60052679774265	0.144343322913979	0.156781337045241	0.00767919080035234	0.998865613149732	0.999199681603445	0.99993440957668
Methanocorpusculaceae	0.559595680706637	0.211097396212489	0.192356847345594	-0.00915795887196687	0.998865613149732	0.999199681603445	0.99993440957668
Methanomassiliicoccaceae	0.904341353992622	0.999706304263378	0.980660253101163	-0.0021941342685611	0.998865613149732	0.999706304263378	0.99993440957668
Methanomicrobiaceae	0.609727408593258	0.339892699284287	0.413089804151568	-0.00756020774443674	0.998865613149732	0.999199681603445	0.99993440957668
Methanopyraceae	0.660885326046422	0.316762223682096	0.444619934869104	0.0100102552514774	0.998865613149732	0.999199681603445	0.99993440957668
Methanoregulaceae	0.70283135670181	0.878943671575563	0.887763211119815	-0.00570966971040063	0.998865613149732	0.999199681603445	0.99993440957668
Methanosarcinaceae	0.904050400128114	0.326331676378301	0.327104137829851	-0.00142882550043541	0.998865613149732	0.999199681603445	0.99993440957668
Methanospirillaceae	0.0541396516057173	0.0589246557225003	0.0445513057890337	0.0320635378351694	0.998865613149732	0.999199681603445	0.99993440957668
Methanothermaceae	0.787587295520904	0.387542893756518	0.597386862139325	-0.00605131904061479	0.998865613149732	0.999199681603445	0.99993440957668
Methanotrichaceae	0.783864346767795	0.771650156442055	0.662244727985947	-0.00526635121470698	0.998865613149732	0.999199681603445	0.99993440957668
Methylacidiphilaceae	0.641243147644018	0.472151683514421	0.376532347291036	-0.00818475100401382	0.998865613149732	0.999199681603445	0.99993440957668
Methylobacteriaceae	0.650841413179346	0.761939472944484	0.848623615226917	-0.00811069028434	0.998865613149732	0.999199681603445	0.99993440957668
Methylococcaceae	0.769965363352855	0.656071658315395	0.713373452052952	-0.00374623143538692	0.998865613149732	0.999199681603445	0.99993440957668
Methylocystaceae	0.4814651423517	0.787322356911858	0.889541011383455	-0.0108005769214901	0.998865613149732	0.999199681603445	0.99993440957668
Methylophilaceae	0.721135218710044	0.304364980594622	0.311202103264694	-0.00461135145403579	0.998865613149732	0.999199681603445	0.99993440957668
Microbacteriaceae	0.600508673988768	0.785235227637996	0.872759060109159	-0.00895244709335142	0.998865613149732	0.999199681603445	0.99993440957668
Microbulbiferaceae	0.590412360531049	0.73329803404156	0.749040492510142	-0.00711626361430368	0.998865613149732	0.999199681603445	0.99993440957668
Micrococcaceae	0.553247704380431	0.630738914096828	0.611267061977405	-0.00934826664478324	0.998865613149732	0.999199681603445	0.99993440957668
Microcoleaceae	0.522701433887947	0.572355798381617	0.516656924781899	-0.00755149423374681	0.998865613149732	0.999199681603445	0.99993440957668
Microcystaceae	0.482451946775385	0.294692981542953	0.310369371136465	-0.00986878918156114	0.998865613149732	0.999199681603445	0.99993440957668
Micromonosporaceae	0.519890127793829	0.855845813638511	0.972762238923132	-0.0116600622726951	0.998865613149732	0.999199681603445	0.99993440957668
Moraxellaceae	0.70019782323416	0.488388851775332	0.467982040876023	-0.00428484473916838	0.998865613149732	0.999199681603445	0.99993440957668
Morganellaceae	0.736829310502608	0.264074861412455	0.300226491181829	-0.00410711646738018	0.998865613149732	0.999199681603445	0.99993440957668
Moritellaceae	0.623927461374034	0.893430637522032	0.968422688684417	0.00774722335570592	0.998865613149732	0.999199681603445	0.99993440957668
Muribaculaceae	0.356605041470936	0.170205050440649	0.21440197371644	0.0160425810378614	0.998865613149732	0.999199681603445	0.99993440957668
Mycobacteriaceae	0.535572024888631	0.762707717372826	0.877787583136956	-0.00993958172395075	0.998865613149732	0.999199681603445	0.99993440957668
Mycoplasmataceae	0.905722842308616	0.342944634037445	0.397499746516883	0.00176415876841075	0.998865613149732	0.999199681603445	0.99993440957668
Mycosphaerellaceae	0.436373264919773	0.256655733931806	0.282080877138416	-0.0110069368848186	0.998865613149732	0.999199681603445	0.99993440957668
Myxococcaceae	0.643440428553423	0.92738817302107	0.821740260942816	-0.00848438050003401	0.998865613149732	0.999199681603445	0.99993440957668
Nakamurellaceae	0.577728431199667	0.451347866559596	0.593099098305837	-0.00946847260151796	0.998865613149732	0.999199681603445	0.99993440957668
Natranaerobiaceae	0.104289978400951	0.127403367930922	0.182211738359832	0.0259301446833814	0.998865613149732	0.999199681603445	0.99993440957668
Natrialbaceae	0.765851995646714	0.800655523054241	0.912604194946519	-0.0047804452253668	0.998865613149732	0.999199681603445	0.99993440957668
Nautiliaceae	0.972714106899585	0.23727891671854	0.269384699976153	0.000534474954644036	0.998865613149732	0.999199681603445	0.99993440957668
Nectriaceae	0.620056609437477	0.250867619102035	0.245583490694018	0.00589905930393852	0.998865613149732	0.999199681603445	0.99993440957668
Neisseriaceae	0.869961368550488	0.502259524538848	0.456230548520525	-0.00218364734961621	0.998865613149732	0.999199681603445	0.99993440957668
Nitrosomonadaceae	0.929034289439742	0.666781226221937	0.650951862525316	0.00115680056835103	0.998865613149732	0.999199681603445	0.99993440957668
Nitrosopumilaceae	0.656906663639335	0.975386256642714	0.9193278503811	0.00754625042758704	0.998865613149732	0.999199681603445	0.99993440957668
Nitrososphaeraceae	0.944612754991285	0.85781222937874	0.869165292759531	0.0010621865449768	0.998865613149732	0.999199681603445	0.99993440957668
Nitrospiraceae	0.729646284508568	0.910295516566845	0.982022807190644	-0.00449274582423521	0.998865613149732	0.999199681603445	0.99993440957668
Nocardiaceae	0.548447330093258	0.908954902419216	0.951659478886594	-0.00983924176019089	0.998865613149732	0.999199681603445	0.99993440957668
Nocardioidaceae	0.550926816774372	0.915055639457059	0.976265431959674	-0.0110797142546959	0.998865613149732	0.999199681603445	0.99993440957668
Nocardiopsaceae	0.533655797340781	0.91083218219155	0.997899761063242	-0.0111364393365311	0.998865613149732	0.999199681603445	0.99993440957668
Nostocaceae	0.618644544657906	0.299559019917157	0.318030757135812	0.00587075441859986	0.998865613149732	0.999199681603445	0.99993440957668
Oceanospirillaceae	0.785554348496637	0.812753914212027	0.774077337497172	0.00331593864821939	0.998865613149732	0.999199681603445	0.99993440957668
Odoribacteraceae	0.349888309678804	0.38460624222109	0.494904255585565	0.0258019996635845	0.998865613149732	0.999199681603445	0.99993440957668
Oleiphilaceae	0.921887855856481	0.525364272345655	0.559613624158884	0.00176224842081287	0.998865613149732	0.999199681603445	0.99993440957668
Opitutaceae	0.524452530828703	0.652611616494803	0.718325519805614	-0.0112929285854654	0.998865613149732	0.999199681603445	0.99993440957668
Orbaceae	0.615995169864949	0.0778669382712159	0.075704147945257	0.0076584317931714	0.998865613149732	0.999199681603445	0.99993440957668
Oscillatoriaceae	0.742937754746835	0.921775927838651	0.859625008838721	-0.00465976491883086	0.998865613149732	0.999199681603445	0.99993440957668
Oscillospiraceae	0.811228843463282	0.510881859847508	0.474189597859846	-0.00421383480963052	0.998865613149732	0.999199681603445	0.99993440957668
Oxalobacteraceae	0.48126598592555	0.796380562276014	0.88288470071472	-0.0116943543138369	0.998865613149732	0.999199681603445	0.99993440957668
Paenibacillaceae	0.731291865013076	0.725952745192436	0.840276849977543	-0.00410328899418349	0.998865613149732	0.999199681603445	0.99993440957668
Paludibacteraceae	0.254421260975937	0.34809536851698	0.454641553237637	0.0220496653379188	0.998865613149732	0.999199681603445	0.99993440957668
Parachlamydiaceae	0.903275365691408	0.702745531525668	0.652459188758518	-0.0018598007259304	0.998865613149732	0.999199681603445	0.99993440957668
Parvularculaceae	0.628027071107488	0.677338927625245	0.660541017007979	-0.00937152307353679	0.998865613149732	0.999199681603445	0.99993440957668
Pasteurellaceae	0.889206897701538	0.318859789802465	0.327796349728973	0.00217398504759563	0.998865613149732	0.999199681603445	0.99993440957668
Pectobacteriaceae	0.822897562202945	0.782928772112801	0.739232213101549	-0.0025952035878758	0.998865613149732	0.999199681603445	0.99993440957668
Pelagibacteraceae	0.812854319563486	0.216390006518307	0.245049964650688	-0.00484544425422424	0.998865613149732	0.999199681603445	0.99993440957668
Peptococcaceae	0.839509776932468	0.967174096671799	0.893884240241157	-0.00251403258611878	0.998865613149732	0.999199681603445	0.99993440957668
Peptoniphilaceae	0.728580976782877	0.984674969406507	0.99395406577334	-0.00461775246875289	0.998865613149732	0.999199681603445	0.99993440957668
Peptostreptococcaceae	0.861021615506649	0.85350889173057	0.89483377759824	0.00214903190262389	0.998865613149732	0.999199681603445	0.99993440957668
Petrotogaceae	0.83521182059435	0.341774447389253	0.344921952813715	-0.00342228996705291	0.998865613149732	0.999199681603445	0.99993440957668
Phaffomycetaceae	0.339326528431173	0.429427376667028	0.447745281398431	-0.0154248331429557	0.998865613149732	0.999199681603445	0.99993440957668
Phycisphaeraceae	0.799765304120853	0.725218517451607	0.718723902980361	-0.00567468245344349	0.998865613149732	0.999199681603445	0.99993440957668
Phyllobacteriaceae	0.395116704872136	0.545876980034247	0.647763744416022	-0.0124239661620995	0.998865613149732	0.999199681603445	0.99993440957668
Pichiaceae	0.515550242720605	0.10099181594366	0.126526955684179	0.0093313954322734	0.998865613149732	0.999199681603445	0.99993440957668
Picrophilaceae	0.174654463706683	0.0929424263885516	0.149616773193889	-0.0349303546803352	0.998865613149732	0.999199681603445	0.99993440957668
Pirellulaceae	0.995995536407346	0.896806581702741	0.825053616703931	7.08235368189075e-05	0.998865613149732	0.999199681603445	0.99993440957668
Piscirickettsiaceae	0.592014276431147	0.379021947585867	0.373677423349535	0.0068256928065229	0.998865613149732	0.999199681603445	0.99993440957668
Planctomycetaceae	0.970448723704827	0.955615587100178	0.989077691530033	0.000546128129403844	0.998865613149732	0.999199681603445	0.99993440957668
Planococcaceae	0.802754798792983	0.828440820153191	0.813414657427182	-0.00299040271609679	0.998865613149732	0.999199681603445	0.99993440957668
Polyangiaceae	0.426818956649914	0.682780098986248	0.765816301000267	-0.0141242351341151	0.998865613149732	0.999199681603445	0.99993440957668
Porphyromonadaceae	0.482352336848338	0.177290316637416	0.256400440269988	0.0116932525156079	0.998865613149732	0.999199681603445	0.99993440957668
Prevotellaceae	0.801186091418179	0.11531223936552	0.0872987631728937	-0.00542439701149591	0.998865613149732	0.999199681603445	0.99993440957668
Prochloraceae	0.998419039997618	0.419755264645777	0.457409271437207	-2.84845265615746e-05	0.998865613149732	0.999199681603445	0.99993440957668
Prochlorotrichaceae	0.654563023861334	0.920405409137839	0.972496173038435	0.00702433119339874	0.998865613149732	0.999199681603445	0.99993440957668
Prolixibacteraceae	0.0455611894361654	0.322030187765197	0.5048807070424	0.0262058289837177	0.998865613149732	0.999199681603445	0.99993440957668
Promicromonosporaceae	0.697051376160776	0.778614247129577	0.85347925360262	-0.00774594577456015	0.998865613149732	0.999199681603445	0.99993440957668
Propionibacteriaceae	0.113655837761993	0.19475654040908	0.332457715045231	-0.0286587689202769	0.998865613149732	0.999199681603445	0.99993440957668
Pseudanabaenaceae	0.334879802248703	0.617952299783138	0.555266679485807	0.0142129109307559	0.998865613149732	0.999199681603445	0.99993440957668
Pseudoalteromonadaceae	0.995100990911066	0.666482277078625	0.643653415356579	7.43987095441689e-05	0.998865613149732	0.999199681603445	0.99993440957668
Pseudomonadaceae	0.593418764717496	0.863948153423231	0.997366676510961	-0.00787948948948851	0.998865613149732	0.999199681603445	0.99993440957668
Pseudonocardiaceae	0.488498334812812	0.861171423448869	0.97998029631942	-0.0123145130928677	0.998865613149732	0.999199681603445	0.99993440957668
Psychromonadaceae	0.689037693351522	0.617171340556534	0.624785396330341	0.00629180300679925	0.998865613149732	0.999199681603445	0.99993440957668
Puniceicoccaceae	0.348534714557924	0.364693641121806	0.342391697404644	0.0183383693586241	0.998865613149732	0.999199681603445	0.99993440957668
Pyriculariaceae	0.415585231644531	0.754690740318721	0.913988284732529	-0.0109203475560567	0.998865613149732	0.999199681603445	0.99993440957668
Pyrodictiaceae	0.580521282006886	0.193606079652206	0.136330951627274	-0.01048992819266	0.998865613149732	0.999199681603445	0.99993440957668
Rhizobiaceae	0.661358007042184	0.77847380306033	0.8754742364937	-0.00625802879028315	0.998865613149732	0.999199681603445	0.99993440957668
Rhodanobacteraceae	0.616335516958614	0.837404016652882	0.920039663181495	-0.00866561032547632	0.998865613149732	0.999199681603445	0.99993440957668
Rhodobacteraceae	0.468549387546827	0.743935867697955	0.87005952299773	-0.0110545443193417	0.998865613149732	0.999199681603445	0.99993440957668
Rhodobiaceae	0.483840758452382	0.302403183317584	0.371293292687981	-0.0125981872772728	0.998865613149732	0.999199681603445	0.99993440957668
Rhodocyclaceae	0.369083729514014	0.904942761672477	0.961265054957383	-0.0149763942333377	0.998865613149732	0.999199681603445	0.99993440957668
Rhodospirillaceae	0.555535904552525	0.930932868536487	0.946403250142934	-0.00943308170488866	0.998865613149732	0.999199681603445	0.99993440957668
Rhodothermaceae	0.730700079653706	0.831554787812846	0.730494706355948	-0.00596810657491369	0.998865613149732	0.999199681603445	0.99993440957668
Rickettsiaceae	0.701921788315496	0.565859322549006	0.571762707423783	-0.00731394791246944	0.998865613149732	0.999199681603445	0.99993440957668
Rikenellaceae	0.470648789085093	0.0106949866163066	0.0272188893867044	0.0255631616337384	0.998865613149732	0.999199681603445	0.99993440957668
Rivulariaceae	0.328775393924329	0.339576511381346	0.41599541795995	0.0147738651023423	0.998865613149732	0.999199681603445	0.99993440957668
Roseiflexaceae	0.997210272761021	0.742639194956415	0.664452541684464	5.7130720876518e-05	0.998865613149732	0.999199681603445	0.99993440957668
Ruaniaceae	0.545202439183575	0.870297539214321	0.968180338243035	-0.0116089032818917	0.998865613149732	0.999199681603445	0.99993440957668
Rubrobacteraceae	0.689675770025645	0.958563473064367	0.974008616195258	-0.00716956818380659	0.998865613149732	0.999199681603445	0.99993440957668
Ruminococcaceae	0.960310763790057	0.600252479056658	0.432211208034973	0.000800308885532924	0.998865613149732	0.999199681603445	0.99993440957668
Saccharomycetaceae	0.35062813636569	0.0427374146851148	0.0391589606780962	0.014509310242162	0.998865613149732	0.999199681603445	0.99993440957668
Saccharospirillaceae	0.28936712676748	0.636869966519705	0.521396146271226	-0.0151339439380568	0.998865613149732	0.999199681603445	0.99993440957668
Salinisphaeraceae	0.785891183401825	0.453857947343778	0.377832821880645	-0.00586215685392949	0.998865613149732	0.999199681603445	0.99993440957668
Salinivirgaceae	0.823722995117345	0.433998008935351	0.507588784198027	0.0041588157664995	0.998865613149732	0.999199681603445	0.99993440957668
Sandaracinaceae	0.408046322970018	0.937433095880524	0.994141512147141	-0.0167686663804523	0.998865613149732	0.999199681603445	0.99993440957668
Sanguibacteraceae	0.494259184939119	0.832885155184132	0.697935628497901	-0.0141302978413158	0.998865613149732	0.999199681603445	0.99993440957668
Saprospiraceae	0.798272931790371	0.0645326301293939	0.0652180329187445	0.00466583797657941	0.998865613149732	0.999199681603445	0.99993440957668
Schizosaccharomycetaceae	0.93425205518322	0.91751647209498	0.935492415093034	-0.0013636607429873	0.998865613149732	0.999199681603445	0.99993440957668
Sclerotiniaceae	0.320222011140954	0.757051310461805	0.699234304325147	-0.0140725037673598	0.998865613149732	0.999199681603445	0.99993440957668
Scytonemataceae	0.548697840173608	0.837459578816766	0.815947453557745	0.00968580986101965	0.998865613149732	0.999199681603445	0.99993440957668
Sedimentisphaeraceae	0.632529485399346	0.937442120353504	0.944207127865484	-0.00653696794850472	0.998865613149732	0.999199681603445	0.99993440957668
Segniliparaceae	0.298174154625042	0.66894902873382	0.524192439385288	-0.0228115921895062	0.998865613149732	0.999199681603445	0.99993440957668
Selenomonadaceae	0.552017566222107	0.996465034128187	0.927076223523088	0.0103629992768239	0.998865613149732	0.999199681603445	0.99993440957668
Shewanellaceae	0.993953136086842	0.532050147603478	0.5091531745366	8.51045288477436e-05	0.998865613149732	0.999199681603445	0.99993440957668
Silvanigrellaceae	0.570129011034191	0.962009680312741	0.841893353267185	0.00958462279261874	0.998865613149732	0.999199681603445	0.99993440957668
Simkaniaceae	0.598568605410361	0.275681763578512	0.24122098706422	0.0105832779980721	0.998865613149732	0.999199681603445	0.99993440957668
Sinobacteraceae	0.782253695693933	0.957690545264124	0.940723169658983	0.00518944941428258	0.998865613149732	0.999199681603445	0.99993440957668
Solibacteraceae	0.971952298067628	0.752855432256159	0.875596038478257	-0.000590137043219055	0.998865613149732	0.999199681603445	0.99993440957668
Sordariaceae	0.731837589074707	0.346255075248282	0.401305285390949	-0.00483348403277409	0.998865613149732	0.999199681603445	0.99993440957668
Sphaerobacteraceae	0.735177576144191	0.826838704122036	0.756692573212697	-0.00759244227246231	0.998865613149732	0.999199681603445	0.99993440957668
Sphingobacteriaceae	0.512134283754914	0.271783741511176	0.310040286555741	0.0067972787028764	0.998865613149732	0.999199681603445	0.99993440957668
Sphingomonadaceae	0.508176204890196	0.828479940958885	0.938940567151976	-0.0103352332771935	0.998865613149732	0.999199681603445	0.99993440957668
Spirochaetaceae	0.603635245660044	0.644543664397294	0.685011515523494	-0.0064513139011911	0.998865613149732	0.999199681603445	0.99993440957668
Spiroplasmataceae	0.561738659708829	0.196483902144173	0.253915977336847	0.0101271111732195	0.998865613149732	0.999199681603445	0.99993440957668
Spongiibacteraceae	0.574070319267834	0.465706590619211	0.495919012383193	-0.00900455950403162	0.998865613149732	0.999199681603445	0.99993440957668
Sporichthyaceae	0.996990392003046	0.600143918511902	0.556434972888652	-7.46563038392867e-05	0.998865613149732	0.999199681603445	0.99993440957668
Sporolactobacillaceae	0.734204885902516	0.903408567601284	0.789752017869116	-0.00439963292778698	0.998865613149732	0.999199681603445	0.99993440957668
Sporomusaceae	0.581857207128871	0.946551096019912	0.956992662737746	0.00673990254679722	0.998865613149732	0.999199681603445	0.99993440957668
Staphylococcaceae	0.936687872392669	0.42907271369151	0.499569154502765	-0.00105210718409273	0.998865613149732	0.999199681603445	0.99993440957668
Steroidobacteraceae	0.126869499817376	0.778885542025559	0.618265117555731	-0.026801705054758	0.998865613149732	0.999199681603445	0.99993440957668
Sterolibacteriaceae	0.333499268829076	0.71422572481544	0.86313206922005	-0.0161200195702297	0.998865613149732	0.999199681603445	0.99993440957668
Streptococcaceae	0.740842224233291	0.400185524092736	0.451432268454522	0.00753879878480616	0.998865613149732	0.999199681603445	0.99993440957668
Streptomycetaceae	0.575171404395457	0.851438533159963	0.964928459434194	-0.00982470385337784	0.998865613149732	0.999199681603445	0.99993440957668
Streptosporangiaceae	0.304078164125891	0.700471000565901	0.852430109048228	-0.0175084253745779	0.998865613149732	0.999199681603445	0.99993440957668
Succinivibrionaceae	0.679265136475277	0.405651587073714	0.358000304830431	-0.00650332822954984	0.998865613149732	0.999199681603445	0.99993440957668
Sulfolobaceae	0.753120247085913	0.0484207371980446	0.043766493281431	0.00449208826998164	0.998865613149732	0.999199681603445	0.99993440957668
Sutterellaceae	0.32845005729195	0.82990210712674	0.735914465846531	0.0205598505385712	0.998865613149732	0.999199681603445	0.99993440957668
Symbiobacteriaceae	0.375548804641624	0.81371913171608	0.949393507699921	-0.0169468936906353	0.998865613149732	0.999199681603445	0.99993440957668
Synechococcaceae	0.706121599984726	0.716314791384893	0.840387598985607	-0.00546546467521967	0.998865613149732	0.999199681603445	0.99993440957668
Synergistaceae	0.418223067063689	0.731732853745558	0.722674385430483	-0.0144718829102875	0.998865613149732	0.999199681603445	0.99993440957668
Syntrophaceae	0.788098014566997	0.501201129909654	0.503881234828869	0.00426494983048119	0.998865613149732	0.999199681603445	0.99993440957668
Syntrophobacteraceae	0.906363692990808	0.651202829674343	0.640642655218316	0.00186706854110533	0.998865613149732	0.999199681603445	0.99993440957668
Syntrophomonadaceae	0.876810110198487	0.860760050035036	0.880410392126664	0.00258625181677988	0.998865613149732	0.999199681603445	0.99993440957668
Tannerellaceae	0.958899103171247	0.116545602799056	0.192644537490527	0.00162316050144452	0.998865613149732	0.999199681603445	0.99993440957668
Tepidiformaceae	0.55829528460688	0.70861974134971	0.52336702240337	-0.0109654473258147	0.998865613149732	0.999199681603445	0.99993440957668
Thermaceae	0.961386823306574	0.971507557246652	0.921927071182578	-0.000846637535674154	0.998865613149732	0.999199681603445	0.99993440957668
Thermoactinomycetaceae	0.694928148546848	0.583351148619862	0.682399169039297	-0.00518564378960714	0.998865613149732	0.999199681603445	0.99993440957668
Thermoanaerobacteraceae	0.928284141470576	0.973812466175686	0.951688110425853	0.00111496123434589	0.998865613149732	0.999199681603445	0.99993440957668
Thermoanaerobacterales Family III. Incertae Sedis	0.881714629648042	0.605343072925884	0.619239487448088	0.00188479093820274	0.998865613149732	0.999199681603445	0.99993440957668
Thermoanaerobacterales Family IV. Incertae Sedis	0.758985375020355	0.719030717499668	0.662488137962071	0.00407102456865065	0.998865613149732	0.999199681603445	0.99993440957668
Thermococcaceae	0.751756794314885	0.612056163301354	0.657892785078174	-0.00429937704406476	0.998865613149732	0.999199681603445	0.99993440957668
Thermodesulfobacteriaceae	0.971834818224824	0.597013600646797	0.600150551641403	-0.000485673852291497	0.998865613149732	0.999199681603445	0.99993440957668
Thermodesulfobiaceae	0.617887388256605	0.850880357152708	0.726342067998455	-0.00999303480644181	0.998865613149732	0.999199681603445	0.99993440957668
Thermofilaceae	0.0699908234671743	0.654342684933907	0.823073715000493	-0.0356687624920156	0.998865613149732	0.999199681603445	0.99993440957668
Thermoguttaceae	0.885215907833015	0.843125860691485	0.846787053262837	-0.00259538259245896	0.998865613149732	0.999199681603445	0.99993440957668
Thermomicrobiaceae	0.541933970640105	0.949223716553539	0.922435498919015	-0.0126694149413098	0.998865613149732	0.999199681603445	0.99993440957668
Thermomonosporaceae	0.268359274552317	0.840864596289961	0.640357897624201	-0.0216560999339297	0.998865613149732	0.999199681603445	0.99993440957668
Thermoplasmataceae	0.89133718711968	0.73010211007697	0.60859250673529	-0.00314051089859611	0.998865613149732	0.999199681603445	0.99993440957668
Thermoproteaceae	0.564658137499241	0.665001413954365	0.679623445122171	-0.00900207031070714	0.998865613149732	0.999199681603445	0.99993440957668
Thermotogaceae	0.697422837296487	0.922171445782356	0.865040983280748	-0.0047823878821892	0.998865613149732	0.999199681603445	0.99993440957668
Thioalkalibacteraceae	0.541343119006805	0.86812137004142	0.717257714291816	-0.0113115041872781	0.998865613149732	0.999199681603445	0.99993440957668
Thioalkalispiraceae	0.430264846692778	0.90099078557534	0.935835517888851	0.0147443947306085	0.998865613149732	0.999199681603445	0.99993440957668
Thiobacillaceae	0.758008845166351	0.625668271149975	0.581487360464461	0.00567078915917829	0.998865613149732	0.999199681603445	0.99993440957668
Thiotrichaceae	0.171691387339463	0.452481929922241	0.353508045034479	-0.0221113784904947	0.998865613149732	0.999199681603445	0.99993440957668
Tissierellaceae	0.966233993981513	0.868872339997753	0.90003307010994	0.00057028163814897	0.998865613149732	0.999199681603445	0.99993440957668
Tolypothrichaceae	0.313733970619089	0.176039114423936	0.216757389172374	0.0189466712343366	0.998865613149732	0.999199681603445	0.99993440957668
Trichocomaceae	0.615558123993507	0.570435021178537	0.708307150261561	0.00738465574071271	0.998865613149732	0.999199681603445	0.99993440957668
Trichomonascaceae	0.729826560859029	0.638956354320775	0.735555359954223	0.00533967413743018	0.998865613149732	0.999199681603445	0.99993440957668
Trueperaceae	0.761898242175007	0.383459304266517	0.354661236149714	-0.0061181122959028	0.998865613149732	0.999199681603445	0.99993440957668
Tsukamurellaceae	0.698048033006025	0.823833500627554	0.911058783796937	-0.00771771794276494	0.998865613149732	0.999199681603445	0.99993440957668
Unclassified Acidobacteria Phylum	0.861463254368145	0.288391262314971	0.237957144629814	-0.00445154926700874	0.998865613149732	0.999199681603445	0.99993440957668
Unclassified Actinobacteria Class	0.917415105472392	0.751401235039332	0.825321912573175	-0.00176710047887165	0.998865613149732	0.999199681603445	0.99993440957668
Unclassified Actinobacteria Phylum	0.851587767539156	0.995677401688932	0.913617370634497	0.00383913632613686	0.998865613149732	0.999199681603445	0.99993440957668
Unclassified Alphaproteobacteria Class	0.56223578114253	0.798228242975182	0.881643272912548	-0.00979742124642747	0.998865613149732	0.999199681603445	0.99993440957668
Unclassified Alteromonadales Order	0.437055684497719	0.261774608633923	0.269248108049427	0.0124207768345924	0.998865613149732	0.999199681603445	0.99993440957668
Unclassified Aquificales Order	0.650473452736505	0.864467007691759	0.95021430366213	-0.00854920948051762	0.998865613149732	0.999199681603445	0.99993440957668
Unclassified Armatimonadetes Phylum	0.37866514661663	0.594042934554044	0.689400945437282	-0.0144479389431022	0.998865613149732	0.999199681603445	0.99993440957668
Unclassified Ascomycota Phylum	0.493197042036948	0.0427367851938724	0.0265350900009655	0.0136824928586835	0.998865613149732	0.999199681603445	0.99993440957668
Unclassified Bacillales Order	0.538632552810965	0.529642087853244	0.580043880064871	0.00734574966224449	0.998865613149732	0.999199681603445	0.99993440957668
Unclassified Bacilli Class	0.814219836185722	0.836809994182635	0.932911101421038	0.00289692694754712	0.998865613149732	0.999199681603445	0.99993440957668
Unclassified Bacteroidales Order	0.692542851783926	0.154560561537017	0.200182246010449	0.0106188513311033	0.998865613149732	0.999199681603445	0.99993440957668
Unclassified Bacteroidetes Phylum	0.698767881459026	0.339931866338545	0.424479378350909	0.00746229392487042	0.998865613149732	0.999199681603445	0.99993440957668
Unclassified Bacteroidia Class	0.0613439758968864	0.096893718267196	0.196382043914465	0.0482003473331922	0.998865613149732	0.999199681603445	0.99993440957668
Unclassified Balneolaeota Phylum	0.923466749974804	0.752557145882365	0.792532022994734	0.00170548127056303	0.998865613149732	0.999199681603445	0.99993440957668
Unclassified Betaproteobacteria Class	0.908515439083757	0.817246414771653	0.8900397552871	-0.00175660642820812	0.998865613149732	0.999199681603445	0.99993440957668
Unclassified Blastocatellia Class	0.627321659232347	0.93295218071895	0.823833004839354	0.00938392468877363	0.998865613149732	0.999199681603445	0.99993440957668
Unclassified Bradymonadales Order	0.663653400502972	0.636798813922419	0.708340123493192	-0.00749225048336444	0.998865613149732	0.999199681603445	0.99993440957668
Unclassified Burkholderiales Order	0.630808212748799	0.775605740421177	0.841823805991197	-0.00809838099898035	0.998865613149732	0.999199681603445	0.99993440957668
Unclassified Campylobacterales Order	0.816478117946645	0.90708434180976	0.926842280501209	-0.00359211330678206	0.998865613149732	0.999199681603445	0.99993440957668
Unclassified Candidatus Bipolaricaulota Phylum	0.975358556007938	0.975105995600737	0.979338600359398	-0.000666020050389624	0.998865613149732	0.999199681603445	0.99993440957668
Unclassified Candidatus Cloacimonetes Phylum	0.888136465086343	0.563229372345444	0.596642011361108	-0.00262496159468362	0.998865613149732	0.999199681603445	0.99993440957668
Unclassified Candidatus Gracilibacteria Phylum	0.565839063484075	0.526068191587395	0.563130742082969	-0.0135164436316644	0.998865613149732	0.999199681603445	0.99993440957668
Unclassified Candidatus Saccharibacteria Phylum	0.609311915538504	0.977731208230377	0.971389367201324	0.00870933944032476	0.998865613149732	0.999199681603445	0.99993440957668
Unclassified Cellvibrionales Order	0.520265161471076	0.652898437911311	0.536322381355331	-0.0169330151049624	0.998865613149732	0.999199681603445	0.99993440957668
Unclassified Chromatiales Order	0.327630672492868	0.862900508111802	0.984701409495961	-0.0189345857140907	0.998865613149732	0.999199681603445	0.99993440957668
Unclassified Chroococcales Order	0.112406324730801	0.044660659042339	0.0503300444006497	0.044678803257277	0.998865613149732	0.999199681603445	0.99993440957668
Unclassified Clostridia Class	0.95410602741467	0.886259016748238	0.857142594366864	-0.000746805961769206	0.998865613149732	0.999199681603445	0.99993440957668
Unclassified Clostridiales Order	0.91652635402608	0.652569708702393	0.687645242095569	0.00123039720220661	0.998865613149732	0.999199681603445	0.99993440957668
Unclassified Coriobacteriales Order	0.768129159414898	0.795594055807643	0.712111631834201	-0.00855305146864177	0.998865613149732	0.999199681603445	0.99993440957668
Unclassified Coriobacteriia Class	0.489221081011156	0.972984569325627	0.949323065417652	-0.0205211760360949	0.998865613149732	0.999199681603445	0.99993440957668
Unclassified Corynebacteriales Order	0.968727214666983	0.864157292984907	0.914898695896325	-0.000754260343556178	0.998865613149732	0.999199681603445	0.99993440957668
Unclassified Cyanobacteria Phylum	0.912371619465661	0.940565012206101	0.965607429573302	-0.00152763798585593	0.998865613149732	0.999199681603445	0.99993440957668
Unclassified Cytophagales Order	0.847898762670996	0.378622128181712	0.333035931736213	-0.00226622863603226	0.998865613149732	0.999199681603445	0.99993440957668
Unclassified Dehalococcoidia Class	0.625689624234159	0.951201263735828	0.850741459440705	-0.00921406736910333	0.998865613149732	0.999199681603445	0.99993440957668
Unclassified Deinococci Class	0.87963417914688	0.969108884877111	0.962810214627881	-0.00346643080655664	0.998865613149732	0.999199681603445	0.99993440957668
Unclassified Deltaproteobacteria Class	0.854076595500473	0.799080463227392	0.826235367279933	0.00361279393296796	0.998865613149732	0.999199681603445	0.99993440957668
Unclassified Desulfobacterales Order	0.351937923788465	0.958874408807249	0.782122444095635	0.0227162529558392	0.998865613149732	0.999199681603445	0.99993440957668
Unclassified Desulfovibrionales Order	0.911292491365445	0.536497870602575	0.489237947271894	0.00255911893525858	0.998865613149732	0.999199681603445	0.99993440957668
Unclassified Desulfuromonadales Order	0.875527242169244	0.856664309651974	0.777702135046994	0.0029076638841306	0.998865613149732	0.999199681603445	0.99993440957668
Unclassified Elusimicrobia Phylum	0.428110427613005	0.410250060032023	0.37308642027333	0.012410213778625	0.998865613149732	0.999199681603445	0.99993440957668
Unclassified Enterobacterales Order	0.370848262611421	0.759677684501142	0.860182890483822	-0.0127028560294652	0.998865613149732	0.999199681603445	0.99993440957668
Unclassified Entomoplasmatales Order	0.435470877620135	0.676291109984116	0.856041776650297	0.0179087141903848	0.998865613149732	0.999199681603445	0.99993440957668
Unclassified Epsilonproteobacteria Class	0.816060837111232	0.343531886376735	0.364250503852459	0.0035410916376229	0.998865613149732	0.999199681603445	0.99993440957668
Unclassified Euryarchaeota Phylum	0.886640244835542	0.841165833156289	0.859135100608444	0.00251822241106408	0.998865613149732	0.999199681603445	0.99993440957668
Unclassified Firmicutes Phylum	0.797295265591315	0.955562664193001	0.99993440957668	-0.00266562957861315	0.998865613149732	0.999199681603445	0.99993440957668
Unclassified Flavobacteriales Order	0.264099195454419	0.295981106568396	0.438129964208511	0.0199297129381083	0.998865613149732	0.999199681603445	0.99993440957668
Unclassified Frankiales Order	0.875626520606191	0.712966555153574	0.709362511506124	-0.00286308442722398	0.998865613149732	0.999199681603445	0.99993440957668
Unclassified Fusobacteriales Order	0.697525866041827	0.307414779850118	0.427642049889342	0.00703888293274685	0.998865613149732	0.999199681603445	0.99993440957668
Unclassified Gammaproteobacteria Class	0.489064429684245	0.786413990650243	0.727876170671128	-0.00811008023631138	0.998865613149732	0.999199681603445	0.99993440957668
Unclassified Halanaerobiales Order	0.570565152452686	0.791031523896251	0.756928824688932	-0.00832541119717617	0.998865613149732	0.999199681603445	0.99993440957668
Unclassified Halobacteria Class	0.565542325489151	0.838443076615765	0.919977942146747	-0.0108412304957419	0.998865613149732	0.999199681603445	0.99993440957668
Unclassified Halobacteriales Order	0.842640258537721	0.853091617179508	0.954656477368897	0.00457690767800564	0.998865613149732	0.999199681603445	0.99993440957668
Unclassified Haloferacales Order	0.103047622758755	0.53877769727045	0.581567341209012	-0.03371708255532	0.998865613149732	0.999199681603445	0.99993440957668
Unclassified Ignavibacteriales Order	0.180218669581039	0.196201302626591	0.183304043560838	-0.0401405798028293	0.998865613149732	0.999199681603445	0.99993440957668
Unclassified Kiritimatiellaeota Phylum	0.492346309182471	0.978273489438332	0.832827056696125	-0.0108764267007701	0.998865613149732	0.999199681603445	0.99993440957668
Unclassified Lactobacillales Order	0.470433296689221	0.772819608167314	0.625422020077343	0.0104919452129034	0.998865613149732	0.999199681603445	0.99993440957668
Unclassified Methanococcales Order	0.583766074101201	0.310287655945366	0.375279529257151	-0.0113639323597839	0.998865613149732	0.999199681603445	0.99993440957668
Unclassified Micrococcales Order	0.770274657282324	0.828237886368165	0.94414893925572	-0.00536484063746967	0.998865613149732	0.999199681603445	0.99993440957668
Unclassified Mollicutes Class	0.847614778926265	0.780499739445287	0.856311976211771	0.00394905335177175	0.998865613149732	0.999199681603445	0.99993440957668
Unclassified Myxococcales Order	0.491041050638999	0.987267412496647	0.885440085754621	-0.0143531506101203	0.998865613149732	0.999199681603445	0.99993440957668
Unclassified Negativicutes Class	0.553210945431864	0.944566592542477	0.931569534228037	0.00901838236605624	0.998865613149732	0.999199681603445	0.99993440957668
Unclassified Neisseriales Order	0.633156409514405	0.210730853598573	0.22005588524376	-0.0106937957376925	0.998865613149732	0.999199681603445	0.99993440957668
Unclassified Nitrosomonadales Order	0.78410397241454	0.389170625740561	0.448315307028432	-0.0049040406163817	0.998865613149732	0.999199681603445	0.99993440957668
Unclassified Nostocales Order	0.589970805694891	0.134225491459926	0.190593238764008	0.00735129672898945	0.998865613149732	0.999199681603445	0.99993440957668
Unclassified Oceanospirillales Order	0.520790995106872	0.106419782534673	0.14511102638574	0.0112939304729997	0.998865613149732	0.999199681603445	0.99993440957668
Unclassified Oscillatoriales Order	0.469187294885202	0.418134546902373	0.369766385237763	-0.0119503865531347	0.998865613149732	0.999199681603445	0.99993440957668
Unclassified Phycisphaerae Class	0.92646679495358	0.760204486416981	0.900801226175579	0.00170747484303673	0.998865613149732	0.999199681603445	0.99993440957668
Unclassified Planctomycetales Order	0.963729205088951	0.643536611274542	0.686044125953594	-0.000831539338527815	0.998865613149732	0.999199681603445	0.99993440957668
Unclassified Planctomycetes Phylum	0.817873110755017	0.953495325668759	0.885360471142847	-0.0032453313332549	0.998865613149732	0.999199681603445	0.99993440957668
Unclassified Planctomycetia Class	0.688941492447914	0.987978062994488	0.96618380266451	0.00898897557683445	0.998865613149732	0.999199681603445	0.99993440957668
Unclassified Propionibacteriales Order	0.883564289397959	0.755504494301469	0.623587182398726	0.00281560756690696	0.998865613149732	0.999199681603445	0.99993440957668
Unclassified Proteobacteria Phylum	0.604079027950274	0.874646590840668	0.937690520656218	-0.00764572395264692	0.998865613149732	0.999199681603445	0.99993440957668
Unclassified Pseudomonadales Order	0.57509905960435	0.691168099698481	0.777500265020315	0.00952117972034321	0.998865613149732	0.999199681603445	0.99993440957668
Unclassified Rhizobiales Order	0.582126247541035	0.654193766696467	0.709685721084536	-0.00935286100899878	0.998865613149732	0.999199681603445	0.99993440957668
Unclassified Rhodobacterales Order	0.468169676644021	0.702646266388686	0.728786226691416	0.0169132960495092	0.998865613149732	0.999199681603445	0.99993440957668
Unclassified Rhodocyclales Order	0.792526317221226	0.911072043177508	0.994620937799596	0.00501577679740902	0.998865613149732	0.999199681603445	0.99993440957668
Unclassified Rhodospirillales Order	0.959996272780198	0.82296303425498	0.764640465948171	-0.00115658891556848	0.998865613149732	0.999199681603445	0.99993440957668
Unclassified Rickettsiales Order	0.565876303980897	0.231501501202935	0.296525694143259	0.0121475418660934	0.998865613149732	0.999199681603445	0.99993440957668
Unclassified Saccharomycetales Order	0.442433248250912	0.26005160328759	0.12328692092604	-0.0174848403044274	0.998865613149732	0.999199681603445	0.99993440957668
Unclassified Silvanigrellales Order	0.273169436861176	0.733080750235201	0.685353786936887	-0.0193752523706342	0.998865613149732	0.999199681603445	0.99993440957668
Unclassified Sordariomycetes Class	0.459260598811117	0.162490535682958	0.243750717559945	0.0209729866744909	0.998865613149732	0.999199681603445	0.99993440957668
Unclassified Sphingomonadales Order	0.87584948173021	0.675615130605972	0.737144623392641	-0.0031282320693266	0.998865613149732	0.999199681603445	0.99993440957668
Unclassified Streptosporangiales Order	0.656718010816251	0.969507021442702	0.89054240611886	-0.0107561358642578	0.998865613149732	0.999199681603445	0.99993440957668
Unclassified Synechococcales Order	0.521379322006166	0.168042247686163	0.156141759596914	0.0162313443324493	0.998865613149732	0.999199681603445	0.99993440957668
Unclassified Tenericutes Phylum	0.889288363761099	0.807098353248595	0.958437809400708	0.00235703952753882	0.998865613149732	0.999199681603445	0.99993440957668
Unclassified Thaumarchaeota Phylum	0.52627175803874	0.672950897828591	0.698844027139595	-0.0104289074762142	0.998865613149732	0.999199681603445	0.99993440957668
Unclassified Thermoanaerobacterales Order	0.749453640275943	0.440566681514325	0.384792240338946	0.00501111520446007	0.998865613149732	0.999199681603445	0.99993440957668
Unclassified Thermoplasmata Class	0.420278159609614	0.398576253103288	0.308032053605069	0.0158078937909676	0.998865613149732	0.999199681603445	0.99993440957668
Unclassified Thermoplasmatales Order	0.0973851092754992	0.771391590176715	0.9500591844388	-0.0342684237559578	0.998865613149732	0.999199681603445	0.99993440957668
Unclassified Tissierellia Class	0.971321200564211	0.42243128927533	0.55933405004353	0.000586794562412187	0.998865613149732	0.999199681603445	0.99993440957668
Unclassified Verrucomicrobia Phylum	0.485681965863128	0.817933225388866	0.828841788993097	-0.0121500994888339	0.998865613149732	0.999199681603445	0.99993440957668
Unclassified Verrucomicrobiales Order	0.453248115021199	0.102095797545707	0.162297298056658	-0.0277593614375404	0.998865613149732	0.999199681603445	0.99993440957668
Unclassified Victivallales Order	0.563422645174803	0.391543096729006	0.293740992786977	-0.0147138879087436	0.998865613149732	0.999199681603445	0.99993440957668
Unclassified Xanthomonadales Order	0.271456206924921	0.169294236891508	0.191237102596278	-0.0209180103637696	0.998865613149732	0.999199681603445	0.99993440957668
Unclassified candidate division Zixibacteria Phylum	0.985813129524821	0.681477987356674	0.733003978742817	0.000337951271762292	0.998865613149732	0.999199681603445	0.99993440957668
Unikaryonidae	0.394284547441509	0.663306893547242	0.863522066176504	-0.0148009082570775	0.998865613149732	0.999199681603445	0.99993440957668
Ustilaginaceae	0.50124855618265	0.951280315000392	0.937091114852365	0.0104141611967019	0.998865613149732	0.999199681603445	0.99993440957668
Vallitaleaceae	0.794084298276075	0.701293892147214	0.710467418625853	-0.00362678141411872	0.998865613149732	0.999199681603445	0.99993440957668
Veillonellaceae	0.252088017864528	0.0982943671446578	0.0998964509220888	0.0261989390280473	0.998865613149732	0.999199681603445	0.99993440957668
Verrucomicrobiaceae	0.715208603248833	0.971293116790509	0.94597936445726	-0.00674367064891738	0.998865613149732	0.999199681603445	0.99993440957668
Vibrionaceae	0.805791335666236	0.8429066435065	0.796574945383133	-0.0026932810240637	0.998865613149732	0.999199681603445	0.99993440957668
Vicinamibacteraceae	0.493543534050314	0.976484926015956	0.831443127637809	-0.0126481787242279	0.998865613149732	0.999199681603445	0.99993440957668
Vulgatibacteraceae	0.654846165257632	0.449235643033102	0.349771751713584	-0.00885668376868949	0.998865613149732	0.999199681603445	0.99993440957668
Waddliaceae	0.345060218257659	0.395673077496335	0.533522856623898	-0.0176362297832422	0.998865613149732	0.999199681603445	0.99993440957668
Wenzhouxiangellaceae	0.240535050559809	0.88669880189176	0.740891971281855	-0.0263592691212299	0.998865613149732	0.999199681603445	0.99993440957668
Woeseiaceae	0.27554896919251	0.569489436474597	0.60753838772543	-0.0224084710094896	0.998865613149732	0.999199681603445	0.99993440957668
Xanthobacteraceae	0.581223653642874	0.828907107756618	0.8958330819749	-0.00950015892772418	0.998865613149732	0.999199681603445	0.99993440957668
Xanthomonadaceae	0.685554485145087	0.820730408712298	0.920503295539064	-0.00652123314904691	0.998865613149732	0.999199681603445	0.99993440957668
Yersiniaceae	0.447205958913431	0.786481674549647	0.728392445546536	-0.00959638853189099	0.998865613149732	0.999199681603445	0.99993440957668
Zoogloeaceae	0.704697141151648	0.835768789247044	0.911949733339276	-0.00616193677140637	0.998865613149732	0.999199681603445	0.99993440957668
