p-variable	p-treatment	p-interaction	slope	adjusted.p-variable	adjusted.p-treatment	adjusted.p-interaction
Acaryochloridaceae	0.351598060139073	0.188555085315075	0.181370463115618	-0.171765663060848	0.680288385672116	0.938144327920768	0.935355941952516
Acetobacteraceae	0.392407924719051	0.611039772333248	0.604466604365971	-0.119953199120062	0.680288385672116	0.938144327920768	0.935355941952516
Acholeplasmataceae	0.421263755700863	0.68751159018399	0.685032007175584	-0.138799889771157	0.680288385672116	0.938144327920768	0.935355941952516
Acidaminococcaceae	0.11572995455883	0.8199896736021	0.814422815762054	-0.687192732074869	0.680288385672116	0.951933216743247	0.950866638970538
Acidiferrobacteraceae	0.772081087577789	0.549219832440039	0.554763329797741	-0.0457477737354787	0.845248220509503	0.938144327920768	0.935355941952516
Acidilobaceae	0.106856247880067	0.672886662311988	0.651512575876654	-0.318918042486489	0.680288385672116	0.938144327920768	0.935355941952516
Acidimicrobiaceae	0.205648783028932	0.434560635674739	0.433219548515266	-0.288202468769972	0.680288385672116	0.938144327920768	0.935355941952516
Acidithiobacillaceae	0.104440321929901	0.728691351921163	0.725185965655316	-0.262903212196286	0.680288385672116	0.938144327920768	0.936138577674623
Acidobacteriaceae	0.267839469851452	0.854290331359598	0.848530165963119	-0.169597916402317	0.680288385672116	0.951933216743247	0.950866638970538
Acidothermaceae	0.617551228029086	0.844184873280559	0.864249304198534	-0.0724661306330683	0.756688690740488	0.951933216743247	0.951350457378986
Actinomycetaceae	0.458877779685407	0.851304962460388	0.845884925167105	-0.121579123292675	0.680288385672116	0.951933216743247	0.950866638970538
Actinopolysporaceae	0.939133315514193	0.558323857857996	0.567790801525635	0.0150752431814772	0.957730014831306	0.938144327920768	0.935355941952516
Aerococcaceae	0.0903063263630209	0.519667237938772	0.506750972013855	-0.198987178521552	0.680288385672116	0.938144327920768	0.935355941952516
Aeromonadaceae	0.253114729901988	0.601980513694271	0.597944808317619	-0.166826081269034	0.680288385672116	0.938144327920768	0.935355941952516
Akkermansiaceae	0.852023278562073	0.500054589623485	0.502696894717458	-0.0949664425396475	0.90101024324326	0.938144327920768	0.935355941952516
Alcaligenaceae	0.390517460972959	0.845466643741741	0.84313137880704	-0.127376992301807	0.680288385672116	0.951933216743247	0.950866638970538
Alcanivoracaceae	0.249671588479303	0.620954051274728	0.611286535435722	-0.158005929757445	0.680288385672116	0.938144327920768	0.935355941952516
Alicyclobacillaceae	0.449808124868571	0.51823355934122	0.518962896092849	-0.109613974632761	0.680288385672116	0.938144327920768	0.935355941952516
Alteromonadaceae	0.280275399691596	0.679955532892849	0.67667789332357	-0.13322857325366	0.680288385672116	0.938144327920768	0.935355941952516
Amoebophilaceae	0.116055675268628	0.150641626836718	0.151257805453508	-0.268968893837898	0.680288385672116	0.938144327920768	0.935355941952516
Anaerohalosphaeraceae	0.140485325081815	0.482097534762581	0.480602685353236	-0.245199573439651	0.680288385672116	0.938144327920768	0.935355941952516
Anaerolineaceae	0.253407729596183	0.55250521353583	0.547898448913753	-0.160109951911487	0.680288385672116	0.938144327920768	0.935355941952516
Anaeromyxobacteraceae	0.551837543687648	0.385179982122077	0.382846773059573	-0.103522879873301	0.735747750442514	0.938144327920768	0.935355941952516
Anaplasmataceae	0.449890403372083	0.360605205104688	0.359087672376312	-0.111933027241802	0.680288385672116	0.938144327920768	0.935355941952516
Aphanizomenonaceae	0.121858820271033	0.870917791653377	0.878126196656956	-0.219395316207113	0.680288385672116	0.958381757909165	0.960103118472417
Aphanothecaceae	0.152953318921639	0.421395979674942	0.416650777615872	-0.180418907438888	0.680288385672116	0.938144327920768	0.935355941952516
Aquificaceae	0.292843934453392	0.357714832121745	0.360566902408328	-0.172136563009849	0.680288385672116	0.938144327920768	0.935355941952516
Archaeoglobaceae	0.718716859759709	0.364355437678193	0.37605923298976	0.0485421528905618	0.809841646886787	0.938144327920768	0.935355941952516
Archangiaceae	0.444012577706068	0.44371673172566	0.442285365482951	-0.127128822114836	0.680288385672116	0.938144327920768	0.935355941952516
Ardenticatenaceae	0.424805375046796	0.955801059181143	0.95554456857209	-0.143143006071803	0.680288385672116	0.978719457549905	0.980289746642682
Aspergillaceae	0.37283509099693	0.732299067619706	0.730457481846328	-0.124606059456781	0.680288385672116	0.938144327920768	0.936138577674623
Atopobiaceae	0.4073395451252	0.778363145227694	0.787788691307737	-0.163543218073138	0.680288385672116	0.951933216743247	0.950866638970538
Aurantimonadaceae	0.429450025782058	0.856978178639726	0.853010460591046	-0.130747144885276	0.680288385672116	0.951933216743247	0.950866638970538
Azonexaceae	0.350740622083599	0.843663303027054	0.833740181592398	-0.127852470596093	0.680288385672116	0.951933216743247	0.950866638970538
Bacillaceae	0.361474383919168	0.422476155852021	0.422231094452651	-0.10616724085492	0.680288385672116	0.938144327920768	0.935355941952516
Bacteriovoracaceae	0.843697922431899	0.948741322537402	0.94663104731676	0.0338903861428413	0.895271705531199	0.978055851774241	0.976983946629521
Bacteroidaceae	0.417587441322727	0.401268368476522	0.401996102480059	0.229063189034811	0.680288385672116	0.938144327920768	0.935355941952516
Baekduiaceae	0.436384568840569	0.225456592509233	0.227753751180239	-0.17000492087992	0.680288385672116	0.938144327920768	0.935355941952516
Barnesiellaceae	0.418228489664814	0.615119574342606	0.608865431889513	-0.20447776788854	0.680288385672116	0.938144327920768	0.935355941952516
Bartonellaceae	0.299512150112034	0.430231444075756	0.429404164676411	-0.139348565651692	0.680288385672116	0.938144327920768	0.935355941952516
Bdellovibrionaceae	0.209052993159647	0.602564766142778	0.592473269889044	-0.153599225508149	0.680288385672116	0.938144327920768	0.935355941952516
Beijerinckiaceae	0.247127127175776	0.524694797088778	0.519276559361538	-0.19068409871629	0.680288385672116	0.938144327920768	0.935355941952516
Bernardetiaceae	0.334506108722256	0.677817778654308	0.676877431180448	-0.191421030862661	0.680288385672116	0.938144327920768	0.935355941952516
Beutenbergiaceae	0.53477131241987	0.943038394297306	0.93034459273389	-0.109428728665248	0.729194993653119	0.977192702340267	0.966420748581865
Bifidobacteriaceae	0.38928130060193	0.519984371419431	0.533839682037733	0.303134065655495	0.680288385672116	0.938144327920768	0.935355941952516
Blattabacteriaceae	0.122656384250543	0.377145873061232	0.371611514860798	-0.24931399361772	0.680288385672116	0.938144327920768	0.935355941952516
Bogoriellaceae	0.902459458369713	0.555358288455392	0.556160521462003	-0.0230472755814341	0.933266307350205	0.938144327920768	0.935355941952516
Borreliaceae	0.417132515925603	0.479082894763032	0.480555061725448	-0.143324875605957	0.680288385672116	0.938144327920768	0.935355941952516
Brachyspiraceae	0.453529843688387	0.427431548759594	0.428589586990777	-0.128931211864299	0.680288385672116	0.938144327920768	0.935355941952516
Bradymonadaceae	0.50250559669052	0.27425289220055	0.277742017705144	-0.141372541132863	0.704916853714155	0.938144327920768	0.935355941952516
Bradyrhizobiaceae	0.34416831869619	0.611491621453596	0.608752577433709	-0.140416292874546	0.680288385672116	0.938144327920768	0.935355941952516
Brevibacteriaceae	0.369554987254725	0.604788347127479	0.610573376033674	-0.130925258457808	0.680288385672116	0.938144327920768	0.935355941952516
Brucellaceae	0.336190564742278	0.409739237892334	0.410385703334361	-0.129283518732613	0.680288385672116	0.938144327920768	0.935355941952516
Budviciaceae	0.0820471435812685	0.422257933261415	0.422814017278217	-0.225048673071347	0.680288385672116	0.938144327920768	0.935355941952516
Burkholderiaceae	0.545367848242095	0.748600257217996	0.747728525286578	-0.0902217703431219	0.73332752439864	0.947246025718103	0.946293144324699
Caldilineaceae	0.236806487814165	0.389675959485538	0.392364523656378	-0.208114794956039	0.680288385672116	0.938144327920768	0.935355941952516
Caldisphaeraceae	0.963659036442086	0.335775008603447	0.337415588808245	0.0100918955352705	0.975018474985608	0.938144327920768	0.935355941952516
Calditrichaceae	0.58667610416385	0.912744995560832	0.903949679679416	-0.0741048108385137	0.751976481446434	0.963786181809324	0.961847283129957
Calotrichaceae	0.121491752742154	0.304722417725744	0.301103581531852	-0.197416960158651	0.680288385672116	0.938144327920768	0.935355941952516
Campylobacteraceae	0.321604040943852	0.736603238703159	0.74558412238803	-0.176901909727275	0.680288385672116	0.939220239726424	0.946293144324699
Candidatus Brocadiaceae	0.981607579127624	0.887073279718323	0.858564940617576	-0.00344699096558381	0.987359186036575	0.961087634092756	0.951350457378986
Candidatus Deianiraeaceae	0.844858347355656	0.232924355315689	0.234952728211968	-0.0468282092065822	0.895271705531199	0.938144327920768	0.935355941952516
Candidatus Methanomethylophilaceae	0.0989383151404432	0.29506732271635	0.288713908568961	-0.317221729460612	0.680288385672116	0.938144327920768	0.935355941952516
Candidatus Midichloriaceae	0.918592899414059	0.967885543190378	0.970273369973461	0.0210655598864223	0.947405184494007	0.983157898901469	0.987397347216606
Candidatus Nanopelagicaceae	0.323262705012029	0.267049779343781	0.264277401673413	-0.147317132464324	0.680288385672116	0.938144327920768	0.935355941952516
Candidatus Paracaedibacteraceae	0.0386514094566198	0.923225704004353	0.928239611144441	-0.48274618818136	0.680288385672116	0.964712087641762	0.966420748581865
Cardiobacteriaceae	0.219890541975564	0.693640133518197	0.68408111057666	-0.187031149613744	0.680288385672116	0.938144327920768	0.935355941952516
Carnobacteriaceae	0.460269161366021	0.344068234446737	0.347041348643925	-0.0984310790906798	0.680288385672116	0.938144327920768	0.935355941952516
Casimicrobiaceae	0.142851948913844	0.63344412625114	0.637805832925216	-0.280716849375453	0.680288385672116	0.938144327920768	0.935355941952516
Catenulisporaceae	0.62609948853389	0.200311628702249	0.200999660595684	-0.0854377568436001	0.760474614610739	0.938144327920768	0.935355941952516
Caulobacteraceae	0.338673562268827	0.493241040763506	0.48860747619147	-0.152073134646732	0.680288385672116	0.938144327920768	0.935355941952516
Cellulomonadaceae	0.652220240487895	0.479252652565051	0.482829500086878	-0.0773598260574715	0.772168790462681	0.938144327920768	0.935355941952516
Cellvibrionaceae	0.25647702944327	0.663325734160013	0.654455466740208	-0.160381781208736	0.680288385672116	0.938144327920768	0.935355941952516
Chaetomiaceae	0.0919260419961475	0.252462364649474	0.249743827049459	-0.242216576466444	0.680288385672116	0.938144327920768	0.935355941952516
Chamaesiphonaceae	0.16112920448962	0.406638805036993	0.408783695468977	-0.237060893466902	0.680288385672116	0.938144327920768	0.935355941952516
Chelatococcaceae	0.486795321084616	0.435881443751668	0.436555814868736	-0.133953050798435	0.69445869905423	0.938144327920768	0.935355941952516
Chitinophagaceae	0.349157393457716	0.53344355266851	0.532019848785222	-0.106794116021027	0.680288385672116	0.938144327920768	0.935355941952516
Chlamydiaceae	0.926930289718203	0.534901623941361	0.522353527810724	-0.0141355528886799	0.952832533343063	0.938144327920768	0.935355941952516
Chlorobiaceae	0.192782075744931	0.302352091416759	0.298567677968311	-0.173454608350065	0.680288385672116	0.938144327920768	0.935355941952516
Chloroflexaceae	0.437237680175305	0.638769787075322	0.627458964968263	-0.124920158099378	0.680288385672116	0.938144327920768	0.935355941952516
Christensenellaceae	0.067449403038892	0.105495419533284	0.104004960677503	-0.378131448840379	0.680288385672116	0.938144327920768	0.935355941952516
Chromatiaceae	0.355346405287802	0.911179297091049	0.915014332075782	-0.129661691913202	0.680288385672116	0.963786181809324	0.966112669831967
Chromobacteriaceae	0.378315290123691	0.712637261233483	0.711142972586885	-0.139584627809904	0.680288385672116	0.938144327920768	0.936138577674623
Chroococcaceae	0.564048810394636	0.826258825882749	0.825283195588706	-0.0716276374651535	0.739373132905855	0.951933216743247	0.950866638970538
Chroococcidiopsidaceae	0.77303283856306	0.417469335145366	0.421212585840193	-0.0528539355956059	0.845248220509503	0.938144327920768	0.935355941952516
Chrysiogenaceae	0.4489475004721	0.303050477342603	0.311744659163087	-0.1203570576475	0.680288385672116	0.938144327920768	0.935355941952516
Chthonomonadaceae	0.338776810177774	0.236352120913727	0.232247187627384	-0.172386374843844	0.680288385672116	0.938144327920768	0.935355941952516
Clavicipitaceae	0.459240271013489	0.313059372376962	0.311011320106785	-0.102540634405231	0.680288385672116	0.938144327920768	0.935355941952516
Clostridiaceae	0.303541201209167	0.950790359859605	0.943500365095166	-0.134562158637231	0.680288385672116	0.978055851774241	0.975708208883555
Clostridiales Family XIII. Incertae Sedis	0.219348368634114	0.336590968507863	0.34207766085916	-0.173039267504068	0.680288385672116	0.938144327920768	0.935355941952516
Clostridiales Family XVI. Incertae Sedis	0.268554641159274	0.891426828113882	0.87993916877472	-0.145844407870585	0.680288385672116	0.962441963267609	0.960103118472417
Clostridiales Family XVII. Incertae Sedis	0.166286009501636	0.273725178762884	0.273455355647722	-0.250878795368173	0.680288385672116	0.938144327920768	0.935355941952516
Cohaesibacteraceae	0.452754031259213	0.846302897157006	0.843383017390561	-0.120684813901066	0.680288385672116	0.951933216743247	0.950866638970538
Coleofasciculaceae	0.448664878882004	0.336746310278689	0.329565844226134	-0.112816845193011	0.680288385672116	0.938144327920768	0.935355941952516
Colwelliaceae	0.315055157688316	0.531584262575958	0.525580897839185	-0.115835480462212	0.680288385672116	0.938144327920768	0.935355941952516
Comamonadaceae	0.507539957015016	0.75227605119835	0.751996565832234	-0.105388379249874	0.70644075098036	0.949564133252819	0.946293144324699
Conexibacteraceae	0.497970989884971	0.772544467674901	0.769394816634836	-0.131232258131686	0.704546867557033	0.951933216743247	0.950866638970538
Coprothermobacteraceae	0.252850042579433	0.429034333520944	0.433835175481689	-0.272738474921346	0.680288385672116	0.938144327920768	0.935355941952516
Coriobacteriaceae	0.813778048902997	0.839294569645656	0.847645476870878	-0.0816208962278182	0.878607327431957	0.951933216743247	0.950866638970538
Corynebacteriaceae	0.548848331171404	0.759468875914615	0.755816686892872	-0.0865941386317593	0.735747750442514	0.951933216743247	0.946293144324699
Coxiellaceae	0.127648667654432	0.46580013975374	0.455733564636618	-0.202572149687544	0.680288385672116	0.938144327920768	0.935355941952516
Crocinitomicaceae	0.0385263786247282	0.0769053789406093	0.0755651940599458	-0.356167504730644	0.680288385672116	0.938144327920768	0.935355941952516
Cryomorphaceae	0.723167727168653	0.335395004218611	0.335931239791351	-0.0673987131886363	0.809841646886787	0.938144327920768	0.935355941952516
Cryptococcaceae	0.387462180640221	0.673690814172172	0.670297542138694	-0.128129449825283	0.680288385672116	0.938144327920768	0.935355941952516
Cuniculiplasmataceae	0.454292653799163	0.34712340817892	0.35584415155115	-0.132091029053067	0.680288385672116	0.938144327920768	0.935355941952516
Cyanobacteriaceae	0.992509577430859	0.827793949942725	0.833251893241024	0.00151200860008092	0.992509577430859	0.951933216743247	0.950866638970538
Cyanothecaceae	0.623476284331471	0.574736373523398	0.572448592552077	-0.0718439392719894	0.75907869132555	0.938144327920768	0.935355941952516
Cyclobacteriaceae	0.301301115108942	0.440888849183301	0.44125687044173	-0.119645417144199	0.680288385672116	0.938144327920768	0.935355941952516
Cytophagaceae	0.232834522927906	0.30617637355934	0.303640091487041	-0.148303731683607	0.680288385672116	0.938144327920768	0.935355941952516
Debaryomycetaceae	0.29178458741916	0.235695043622279	0.238237033746852	-0.170970803727207	0.680288385672116	0.938144327920768	0.935355941952516
Deferribacteraceae	0.505076347612667	0.737817265177722	0.738513004894423	-0.0810998768463742	0.704916853714155	0.939220239726424	0.941421280991653
Dehalococcoidaceae	0.0261971302979655	0.0816908713937003	0.0820671371882303	-0.377776190452344	0.680288385672116	0.938144327920768	0.935355941952516
Deinococcaceae	0.300593546581181	0.455154463997767	0.453237338928637	-0.175140070885235	0.680288385672116	0.938144327920768	0.935355941952516
Dermabacteraceae	0.571375801129918	0.856807757988981	0.859582569887407	-0.0881390465567837	0.744255888000258	0.951933216743247	0.951350457378986
Dermacoccaceae	0.61271564979071	0.563986352035082	0.560296507943274	-0.0962576861913811	0.756688690740488	0.938144327920768	0.935355941952516
Dermatophilaceae	0.53804679143337	0.402281477258636	0.406276083837084	-0.0833739774455724	0.729194993653119	0.938144327920768	0.935355941952516
Dermocarpellaceae	0.137918315476212	0.605494810510731	0.58789827937919	-0.241251351485574	0.680288385672116	0.938144327920768	0.935355941952516
Desulfarculaceae	0.42766628930823	0.4268945430244	0.42298307150222	-0.14764600518738	0.680288385672116	0.938144327920768	0.935355941952516
Desulfobacteraceae	0.327615435138961	0.759806026898813	0.757034515459759	-0.130918246735861	0.680288385672116	0.951933216743247	0.946293144324699
Desulfobulbaceae	0.245333489414242	0.412229991257819	0.410544181957518	-0.185921559285409	0.680288385672116	0.938144327920768	0.935355941952516
Desulfohalobiaceae	0.535637334109028	0.911251748635995	0.894723674397707	0.0954957645605028	0.729194993653119	0.963786181809324	0.961550192463914
Desulfomicrobiaceae	0.292103171480237	0.586814838036684	0.588889036017651	-0.16862128062224	0.680288385672116	0.938144327920768	0.935355941952516
Desulfovibrionaceae	0.48108575031297	0.515250157109185	0.53161215227264	0.199431810058981	0.688219892808833	0.938144327920768	0.935355941952516
Desulfurellaceae	0.142028680820186	0.975490576036374	0.981650147767183	-0.224672863287146	0.680288385672116	0.98505420913477	0.990449773621963
Desulfurobacteriaceae	0.315724404045114	0.457935803635673	0.45239448663864	-0.146216907076472	0.680288385672116	0.938144327920768	0.935355941952516
Desulfurococcaceae	0.221472695116313	0.425791321056763	0.434347606463405	-0.178896275380864	0.680288385672116	0.938144327920768	0.935355941952516
Desulfuromonadaceae	0.29831987637177	0.601323627830844	0.601829671694395	-0.15191601609377	0.680288385672116	0.938144327920768	0.935355941952516
Dictyoglomaceae	0.446375794760704	0.548230074906356	0.551046733253835	-0.137201665116917	0.680288385672116	0.938144327920768	0.935355941952516
Dietziaceae	0.21866857636406	0.418780772477256	0.41707508405951	-0.208570852263829	0.680288385672116	0.938144327920768	0.935355941952516
Dipodascaceae	0.285438099862877	0.590602676618154	0.582665077676041	-0.200896524972197	0.680288385672116	0.938144327920768	0.935355941952516
Dysgonamonadaceae	0.160605238574698	0.385639615216563	0.383031877268847	-0.237644302890048	0.680288385672116	0.938144327920768	0.935355941952516
Ectothiorhodospiraceae	0.344993085922533	0.407319992829685	0.408158221897205	-0.154343034298201	0.680288385672116	0.938144327920768	0.935355941952516
Eggerthellaceae	0.750930271345723	0.775923072939436	0.774000918812404	0.0901831376806623	0.834404930581928	0.951933216743247	0.950866638970538
Egibacteraceae	0.228890423362107	0.594000495931873	0.593588711545672	-0.225232953166574	0.680288385672116	0.938144327920768	0.935355941952516
Egicoccaceae	0.248851820739091	0.0685227521296881	0.0686208735928971	-0.223741326283068	0.680288385672116	0.938144327920768	0.935355941952516
Elusimicrobiaceae	0.632582159269731	0.67911554629282	0.66794225882436	-0.0736567013434611	0.763963606000359	0.938144327920768	0.935355941952516
Emcibacteraceae	0.178201102319776	0.687223182912513	0.687439868720932	-0.205863411252301	0.680288385672116	0.938144327920768	0.935355941952516
Endomicrobiaceae	0.152311781574668	0.138611893411775	0.141622692151299	-0.24438765105524	0.680288385672116	0.938144327920768	0.935355941952516
Endozoicomonadaceae	0.230088732083084	0.790375831422581	0.788405747660484	-0.197857753362013	0.680288385672116	0.951933216743247	0.950866638970538
Enterobacteriaceae	0.654564378800224	0.419974489116651	0.393604066922514	-0.0969489992925872	0.772528289263011	0.938144327920768	0.935355941952516
Enterococcaceae	0.324996145828348	0.92533341871283	0.930766390867194	-0.141598155655562	0.680288385672116	0.964712087641762	0.966420748581865
Entomoplasmataceae	0.518743329152549	0.475119385735908	0.481006728859571	-0.14473652805603	0.714312338271558	0.938144327920768	0.935355941952516
Erwiniaceae	0.317838662256949	0.823003851838892	0.815949512849929	-0.126242518881155	0.680288385672116	0.951933216743247	0.950866638970538
Erysipelotrichaceae	0.297110174131542	0.460884586042308	0.465414129107346	-0.210501893051486	0.680288385672116	0.938144327920768	0.935355941952516
Erythrobacteraceae	0.449444232890502	0.579434398013086	0.577842470013449	-0.119300094613398	0.680288385672116	0.938144327920768	0.935355941952516
Eubacteriaceae	0.0218681684261774	0.364913292385864	0.369187848059157	-0.341959539594754	0.680288385672116	0.938144327920768	0.935355941952516
Euzebyaceae	0.174749597631129	0.302875876383679	0.303373687665883	-0.272817044779934	0.680288385672116	0.938144327920768	0.935355941952516
Ferrimonadaceae	0.257202951170547	0.256542957614571	0.254901840979136	-0.18854112053902	0.680288385672116	0.938144327920768	0.935355941952516
Ferroplasmaceae	0.464973809236087	0.35778870826018	0.356546126718302	-0.156474998020967	0.680288385672116	0.938144327920768	0.935355941952516
Fervidobacteriaceae	0.196266050984853	0.399697083330101	0.401528618750089	-0.204671807206805	0.680288385672116	0.938144327920768	0.935355941952516
Fibrobacteraceae	0.144609075542322	0.43278169588391	0.428723096151452	-0.273320299028682	0.680288385672116	0.938144327920768	0.935355941952516
Fimbriimonadaceae	0.429167915718251	0.425168917139932	0.434276583069378	-0.113708587833251	0.680288385672116	0.938144327920768	0.935355941952516
Flammeovirgaceae	0.251977019176327	0.165978098521138	0.167414485542091	-0.137066058192772	0.680288385672116	0.938144327920768	0.935355941952516
Flavobacteriaceae	0.21492745183392	0.288012509979332	0.285907989954382	-0.146316546202555	0.680288385672116	0.938144327920768	0.935355941952516
Francisellaceae	0.509195709996155	0.730120030010704	0.734667636693944	-0.0966706707014583	0.706835015223773	0.938144327920768	0.938843257809878
Frankiaceae	0.452727746631655	0.529919186931203	0.529267307513174	-0.12133025971016	0.680288385672116	0.938144327920768	0.935355941952516
Fusobacteriaceae	0.788477930258735	0.74770348795917	0.75492042635876	-0.0438775981989158	0.856679607770567	0.947246025718103	0.946293144324699
Gallionellaceae	0.61661505903043	0.696239323628126	0.698764059648033	-0.0678594238018487	0.756688690740488	0.938144327920768	0.936138577674623
Gemmataceae	0.315161677815141	0.34795174613904	0.350758307629755	-0.16621036286204	0.680288385672116	0.938144327920768	0.935355941952516
Gemmatimonadaceae	0.381928017274856	0.564034842776673	0.560114358915606	-0.149505035258947	0.680288385672116	0.938144327920768	0.935355941952516
Geobacteraceae	0.282022953522576	0.483950265630877	0.477923339096055	-0.169611465775859	0.680288385672116	0.938144327920768	0.935355941952516
Geodermatophilaceae	0.3089600284058	0.344670988169189	0.341558835467573	-0.182528419235457	0.680288385672116	0.938144327920768	0.935355941952516
Gloeobacteraceae	0.215322924177577	0.412163961546481	0.409091063751956	-0.224042284975685	0.680288385672116	0.938144327920768	0.935355941952516
Gloeomargaritaceae	0.047150943157457	0.506429756261769	0.49922787221884	-0.315916853955835	0.680288385672116	0.938144327920768	0.935355941952516
Glomerellaceae	0.933162275158539	0.960980608942778	0.957634837614835	-0.0120593849516856	0.955424595838265	0.980009927931744	0.980480996762704
Glycomycetaceae	0.126215808540319	0.331532270763167	0.330218157735419	-0.304186886007559	0.680288385672116	0.938144327920768	0.935355941952516
Gomontiellaceae	0.638890146353355	0.502064919376803	0.509572399832298	-0.0828573942570066	0.766966026508106	0.938144327920768	0.935355941952516
Gordoniaceae	0.699049595604892	0.819379858517712	0.821088414176519	-0.0629867272560866	0.803594959233302	0.951933216743247	0.950866638970538
Gottschalkiaceae	0.98017237805454	0.970132640256305	0.965689097767633	0.00480476023724643	0.987359186036575	0.983500609708655	0.986666315632874
Granulosicoccaceae	0.250909972600114	0.148419256066657	0.147136008351148	-0.171095147611682	0.680288385672116	0.938144327920768	0.935355941952516
Hafniaceae	0.399241051764203	0.607128854717068	0.61135766451367	-0.110629827235149	0.680288385672116	0.938144327920768	0.935355941952516
Hahellaceae	0.281936766185457	0.824251610535162	0.82009015849567	-0.146962996305066	0.680288385672116	0.951933216743247	0.950866638970538
Halanaerobiaceae	0.61696397128958	0.705313664118559	0.707269732421197	-0.0708778017684699	0.756688690740488	0.938144327920768	0.936138577674623
Halieaceae	0.19634573228404	0.542022487619081	0.540369243914239	-0.187853067285808	0.680288385672116	0.938144327920768	0.935355941952516
Haliscomenobacteraceae	0.0153443147017194	0.209703763769365	0.202973748356133	-0.356650631452282	0.680288385672116	0.938144327920768	0.935355941952516
Haloarculaceae	0.198732239936006	0.506476499395791	0.501419715085276	-0.221148067510581	0.680288385672116	0.938144327920768	0.935355941952516
Halobacteriaceae	0.475298821623404	0.486245330897587	0.486755309602561	-0.134157450507827	0.681835356924939	0.938144327920768	0.935355941952516
Halobacteriovoraceae	0.863416985096807	0.637181675275405	0.640287081480338	-0.0340270564158387	0.907468872091541	0.938144327920768	0.935355941952516
Halobacteroidaceae	0.708123317911937	0.713125856102911	0.717147424919683	0.059426126576846	0.806161136925352	0.938144327920768	0.936138577674623
Haloferacaceae	0.576616280383666	0.7157511163744	0.711589039642949	-0.0886358059656955	0.74768424215483	0.938144327920768	0.936138577674623
Halomonadaceae	0.362047793894657	0.589517379105983	0.586349980884101	-0.13338142150312	0.680288385672116	0.938144327920768	0.935355941952516
Halorubraceae	0.824515551500159	0.992260089393673	0.995809387443489	-0.0378132394700674	0.88648331737491	0.996128549781172	0.995809387443489
Halothiobacillaceae	0.291998148206871	0.846975986460742	0.851167334546165	-0.209330806058539	0.680288385672116	0.951933216743247	0.950866638970538
Hapalosiphonaceae	0.890855618241511	0.577795290131575	0.587842760123559	0.0212614365804736	0.926849784635107	0.938144327920768	0.935355941952516
Helicobacteraceae	0.403677750812542	0.378394668753295	0.379106903992397	-0.113101240862027	0.680288385672116	0.938144327920768	0.935355941952516
Heliobacteriaceae	0.378261631227441	0.447867223726581	0.441492891988696	-0.13804753023445	0.680288385672116	0.938144327920768	0.935355941952516
Holosporaceae	0.571901105141678	0.998004166498949	0.988457539458302	-0.0994258884963877	0.744255888000258	0.998004166498949	0.990982352149735
Hungateiclostridiaceae	0.212097713265165	0.670022230880652	0.668688289250269	-0.156146754842056	0.680288385672116	0.938144327920768	0.935355941952516
Hydrogenophilaceae	0.957182355986378	0.165907497356357	0.173972312885359	0.0100389137569286	0.973154347407611	0.938144327920768	0.935355941952516
Hydrogenothermaceae	0.688340616214232	0.819132543096806	0.819257450266138	-0.0718083451620413	0.801987951341739	0.951933216743247	0.950866638970538
Hyellaceae	0.255349925465872	0.449943271737309	0.434389709092082	-0.234213917956165	0.680288385672116	0.938144327920768	0.935355941952516
Hymenobacteraceae	0.279743900614144	0.343292328971181	0.339761053752821	-0.154430171224862	0.680288385672116	0.938144327920768	0.935355941952516
Hyphomicrobiaceae	0.416407352640053	0.370180184139199	0.370695413606681	-0.122273052010259	0.680288385672116	0.938144327920768	0.935355941952516
Hyphomonadaceae	0.716343662875201	0.701904010379947	0.69913639517503	-0.0571304344210295	0.809841646886787	0.938144327920768	0.936138577674623
Iamiaceae	0.235515043196283	0.225435036397724	0.224939332053805	-0.214363145901454	0.680288385672116	0.938144327920768	0.935355941952516
Ichthyobacteriaceae	0.165690383598213	0.648689846721333	0.658047056883606	0.268571462827322	0.680288385672116	0.938144327920768	0.935355941952516
Idiomarinaceae	0.132597575795764	0.297108112072318	0.293225039815064	-0.201606874380986	0.680288385672116	0.938144327920768	0.935355941952516
Ignavibacteriaceae	0.596611591599531	0.457446220892527	0.463267312385224	0.0983519834843255	0.753075906063133	0.938144327920768	0.935355941952516
Ilumatobacteraceae	0.340093832026676	0.772480153500984	0.770809045843968	-0.21336717344623	0.680288385672116	0.951933216743247	0.950866638970538
Immundisolibacteraceae	0.919810858732046	0.884284396861718	0.886160785599277	-0.0184420548416265	0.947405184494007	0.961087634092756	0.961249169168819
Intrasporangiaceae	0.443730174676514	0.543352527543131	0.545007647909868	-0.131249020644795	0.680288385672116	0.938144327920768	0.935355941952516
Isosphaeraceae	0.591813698341187	0.478616058861116	0.482226285057193	-0.0940918647476222	0.752553221347435	0.938144327920768	0.935355941952516
Jiangellaceae	0.795407190895296	0.686776067242652	0.690695449305031	-0.0496443227506041	0.862388849075952	0.938144327920768	0.935355941952516
Jonesiaceae	0.307981133651164	0.221095227452169	0.228649647384333	-0.18206831167175	0.680288385672116	0.938144327920768	0.935355941952516
Kangiellaceae	0.145712972973609	0.27307874682847	0.273115352142405	-0.23583375210398	0.680288385672116	0.938144327920768	0.935355941952516
Kineosporiaceae	0.53743291190992	0.728325557065099	0.72459805618131	-0.136850726381014	0.729194993653119	0.938144327920768	0.936138577674623
Kiritimatiellaceae	0.607439127539959	0.705042220300704	0.709805051298195	-0.104059095355534	0.755327270604225	0.938144327920768	0.936138577674623
Kofleriaceae	0.175929295931169	0.413803634137444	0.414511690225593	-0.251131086474281	0.680288385672116	0.938144327920768	0.935355941952516
Kosmotogaceae	0.372821959568636	0.673587508817005	0.673631580445852	-0.114275146849467	0.680288385672116	0.938144327920768	0.935355941952516
Ktedonosporobacteraceae	0.077985579838252	0.562163170268947	0.55370640816026	-0.305242635614771	0.680288385672116	0.938144327920768	0.935355941952516
Labilitrichaceae	0.335692421965766	0.328372503838153	0.332281456668067	-0.161149401593911	0.680288385672116	0.938144327920768	0.935355941952516
Lachnospiraceae	0.707439535367669	0.598345919398507	0.61192488639414	-0.0514714946945491	0.806161136925352	0.938144327920768	0.935355941952516
Lacipirellulaceae	0.321936813017158	0.913854766609598	0.915462102675728	-0.167362910111573	0.680288385672116	0.963786181809324	0.966112669831967
Lactobacillaceae	0.87925231469851	0.950564127973631	0.951654683818859	0.026091381813952	0.920355573312465	0.978055851774241	0.980204324333425
Legionellaceae	0.274011944953257	0.295150900414964	0.292643699009009	-0.131159865718335	0.680288385672116	0.938144327920768	0.935355941952516
Leptolyngbyaceae	0.0796100909666456	0.426303776711601	0.421282995206724	-0.246359243987039	0.680288385672116	0.938144327920768	0.935355941952516
Leptospiraceae	0.140835041306626	0.29577846284519	0.289825573931551	-0.192381211731612	0.680288385672116	0.938144327920768	0.935355941952516
Leptotrichiaceae	0.500869098447049	0.429371314307959	0.429559621405349	-0.104672916007224	0.704916853714155	0.938144327920768	0.935355941952516
Leuconostocaceae	0.010502344859265	0.0512879156515678	0.0515846308919005	-0.493962633012014	0.680288385672116	0.938144327920768	0.935355941952516
Lichenihabitantaceae	0.655524004675604	0.323091328315303	0.325443399420537	-0.0850301624642139	0.772528289263011	0.938144327920768	0.935355941952516
Limnochordaceae	0.0533153352843462	0.276166372191447	0.273320842194536	-0.344254848800055	0.680288385672116	0.938144327920768	0.935355941952516
Listeriaceae	0.474129969342772	0.473005306339996	0.476794140086908	-0.0941603136370225	0.681835356924939	0.938144327920768	0.935355941952516
Litoricolaceae	0.383865910610246	0.809914109248242	0.803357062298274	-0.153854175870806	0.680288385672116	0.951933216743247	0.950866638970538
Magnetococcaceae	0.414259699941728	0.170320134788474	0.171612600028534	-0.138933136546467	0.680288385672116	0.938144327920768	0.935355941952516
Malasseziaceae	0.273141507186317	0.352179714659346	0.352956129073404	-0.213853981494053	0.680288385672116	0.938144327920768	0.935355941952516
Marinifilaceae	0.34626814108432	0.459644289512297	0.460922845894195	-0.152562431330146	0.680288385672116	0.938144327920768	0.935355941952516
Marinilabiliaceae	0.0557524781746123	0.279920505410723	0.28431471035597	-0.289223262804792	0.680288385672116	0.938144327920768	0.935355941952516
Mariprofundaceae	0.593983538676512	0.638189932162221	0.64661900183158	-0.0800527163034135	0.753075906063133	0.938144327920768	0.935355941952516
Melioribacteraceae	0.305601187149004	0.80985760871917	0.807269258141273	-0.186244122832494	0.680288385672116	0.951933216743247	0.950866638970538
Merismopediaceae	0.410044715098676	0.707199139814036	0.691534870517381	-0.111998168401422	0.680288385672116	0.938144327920768	0.935355941952516
Mesoaciditogaceae	0.228488566901106	0.801163340991299	0.794905561943838	-0.221733862132868	0.680288385672116	0.951933216743247	0.950866638970538
Methanobacteriaceae	0.0246301680348907	0.207880975563673	0.208666643925489	-0.977673342804365	0.680288385672116	0.938144327920768	0.935355941952516
Methanocaldococcaceae	0.41130316962054	0.492410546256999	0.493546544596586	-0.176803115839305	0.680288385672116	0.938144327920768	0.935355941952516
Methanocellaceae	0.457260602512797	0.380829067735019	0.376225085705262	-0.126317589161797	0.680288385672116	0.938144327920768	0.935355941952516
Methanococcaceae	0.551072853854669	0.409659248369988	0.407842215705293	-0.0902810102025449	0.735747750442514	0.938144327920768	0.935355941952516
Methanocorpusculaceae	0.256789141539294	0.485364739516834	0.479269449514752	-0.170178189884998	0.680288385672116	0.938144327920768	0.935355941952516
Methanomassiliicoccaceae	0.201624863319312	0.649988338301623	0.644073450820324	-0.194139939113169	0.680288385672116	0.938144327920768	0.935355941952516
Methanomicrobiaceae	0.648048602282002	0.137474812159441	0.138808351412721	-0.0604779315922587	0.772168790462681	0.938144327920768	0.935355941952516
Methanopyraceae	0.272922399001631	0.815387965317526	0.819823325183123	-0.223354768206284	0.680288385672116	0.951933216743247	0.950866638970538
Methanoregulaceae	0.350855442768951	0.35754053785574	0.3577236001981	-0.16187425212419	0.680288385672116	0.938144327920768	0.935355941952516
Methanosarcinaceae	0.371856357112826	0.496659699796	0.493456511687231	-0.10099713617851	0.680288385672116	0.938144327920768	0.935355941952516
Methanospirillaceae	0.294955303949784	0.487983715053802	0.461605260071038	-0.151187178222482	0.680288385672116	0.938144327920768	0.935355941952516
Methanothermaceae	0.438232216362275	0.42085944225633	0.448440515079452	0.168802090924377	0.680288385672116	0.938144327920768	0.935355941952516
Methanotrichaceae	0.187061954600733	0.346140280378749	0.341306815287877	-0.257611704454222	0.680288385672116	0.938144327920768	0.935355941952516
Methylacidiphilaceae	0.755573282362642	0.446236474404801	0.443613264189709	-0.0503150274612186	0.834404930581928	0.938144327920768	0.935355941952516
Methylobacteriaceae	0.38770678171978	0.589185914618934	0.589199058003892	-0.145313814160959	0.680288385672116	0.938144327920768	0.935355941952516
Methylococcaceae	0.169179413648483	0.510223722100971	0.507831104293613	-0.173812394890086	0.680288385672116	0.938144327920768	0.935355941952516
Methylocystaceae	0.405712297523656	0.205515935806693	0.206953732312604	-0.125376317969861	0.680288385672116	0.938144327920768	0.935355941952516
Methylophilaceae	0.775639910016571	0.923406799505853	0.934083459957329	-0.0364865430552412	0.846302020462996	0.964712087641762	0.967913444422585
Microbacteriaceae	0.457635456066679	0.533925970073852	0.53456190289362	-0.120995570165241	0.680288385672116	0.938144327920768	0.935355941952516
Microbulbiferaceae	0.533993166753941	0.522315470701471	0.525639123556767	-0.0873179589605903	0.729194993653119	0.938144327920768	0.935355941952516
Micrococcaceae	0.0331874735618202	0.333316969012048	0.335494799553035	-0.333517601157037	0.680288385672116	0.938144327920768	0.935355941952516
Microcoleaceae	0.188674077532291	0.211236548353924	0.212763857544928	-0.152783352776993	0.680288385672116	0.938144327920768	0.935355941952516
Microcystaceae	0.249271096630832	0.43448236471731	0.444394395704937	-0.14413456862377	0.680288385672116	0.938144327920768	0.935355941952516
Micromonosporaceae	0.362743122607385	0.499709725663305	0.497982215709118	-0.158945096893543	0.680288385672116	0.938144327920768	0.935355941952516
Moraxellaceae	0.438627220777426	0.686281169405718	0.686207874923913	-0.0906259751434843	0.680288385672116	0.938144327920768	0.935355941952516
Morganellaceae	0.205744242895193	0.401385912552899	0.399090140801356	-0.146984216948738	0.680288385672116	0.938144327920768	0.935355941952516
Moritellaceae	0.29112847253238	0.339931614750531	0.341970572580289	-0.172297390521208	0.680288385672116	0.938144327920768	0.935355941952516
Muribaculaceae	0.472729616666864	0.572747476128592	0.569125174216587	-0.133162559891479	0.681835356924939	0.938144327920768	0.935355941952516
Mycobacteriaceae	0.336912302868572	0.504137015190009	0.501862359365324	-0.151578135842702	0.680288385672116	0.938144327920768	0.935355941952516
Mycoplasmataceae	0.338470633623832	0.343804749953671	0.348593126025912	-0.153910695737673	0.680288385672116	0.938144327920768	0.935355941952516
Mycosphaerellaceae	0.155996354760633	0.346374512970044	0.345247500746129	-0.201783296642651	0.680288385672116	0.938144327920768	0.935355941952516
Myxococcaceae	0.367011453854216	0.529857370210302	0.528536875931693	-0.160069667496406	0.680288385672116	0.938144327920768	0.935355941952516
Nakamurellaceae	0.222785720507145	0.540055963565582	0.535457314008525	-0.213898759134631	0.680288385672116	0.938144327920768	0.935355941952516
Natranaerobiaceae	0.413525057428249	0.657305631777868	0.649975917639139	0.132671467945844	0.680288385672116	0.938144327920768	0.935355941952516
Natrialbaceae	0.557703484440952	0.666290123791075	0.664174188394153	-0.0866990846888652	0.738347800738021	0.938144327920768	0.935355941952516
Nautiliaceae	0.309759615114787	0.530822645605262	0.534442220701008	-0.179770152814947	0.680288385672116	0.938144327920768	0.935355941952516
Nectriaceae	0.154260059374045	0.409694391759468	0.402810099268323	-0.169798041395621	0.680288385672116	0.938144327920768	0.935355941952516
Neisseriaceae	0.369143241580266	0.787108845125566	0.780575054460985	-0.122243190728998	0.680288385672116	0.951933216743247	0.950866638970538
Nitrosomonadaceae	0.205867857177053	0.471953025338176	0.466340691054959	-0.166094146656945	0.680288385672116	0.938144327920768	0.935355941952516
Nitrosopumilaceae	0.423442998511129	0.829854167738355	0.837922154736354	-0.156630316374734	0.680288385672116	0.951933216743247	0.950866638970538
Nitrososphaeraceae	0.63610387505212	0.458609193123391	0.459568088636693	-0.0743663471823092	0.765405363672528	0.938144327920768	0.935355941952516
Nitrospiraceae	0.280961669715738	0.13627513487324	0.13523635917815	-0.143483281544535	0.680288385672116	0.938144327920768	0.935355941952516
Nocardiaceae	0.360742379434754	0.559120070121529	0.55368964718144	-0.14857910920755	0.680288385672116	0.938144327920768	0.935355941952516
Nocardioidaceae	0.359136863450553	0.401089242530357	0.399458700940194	-0.161252529506368	0.680288385672116	0.938144327920768	0.935355941952516
Nocardiopsaceae	0.610128436060888	0.931632291695849	0.927851092896159	-0.0827248789424124	0.755327270604225	0.969274000451237	0.966420748581865
Nostocaceae	0.41433501504762	0.523303394580305	0.517507064272562	-0.0865835651853503	0.680288385672116	0.938144327920768	0.935355941952516
Oceanospirillaceae	0.194191511528864	0.935615414073528	0.921713744192026	-0.166304965033624	0.680288385672116	0.971455520661022	0.966420748581865
Odoribacteraceae	0.680012750483599	0.856594701108502	0.852663527787195	0.113038761743752	0.794258185851422	0.951933216743247	0.950866638970538
Oleiphilaceae	0.756635150644195	0.516203830209139	0.516036148328615	-0.0495833173971909	0.834404930581928	0.938144327920768	0.935355941952516
Opitutaceae	0.577821996849752	0.898260831742764	0.901803384388486	-0.0880162103211514	0.74768424215483	0.963786181809324	0.961550192463914
Orbaceae	0.348434153411879	0.471268099406487	0.460480754343046	-0.147370642069777	0.680288385672116	0.938144327920768	0.935355941952516
Oscillatoriaceae	0.585002211899298	0.636667286321891	0.643406991471939	-0.0797171010549551	0.751976481446434	0.938144327920768	0.935355941952516
Oscillospiraceae	0.259110213581655	0.200920034170289	0.207574085686615	-0.175281639031951	0.680288385672116	0.938144327920768	0.935355941952516
Oxalobacteraceae	0.145082565786543	0.681986976558028	0.681509889967068	-0.262689748024426	0.680288385672116	0.938144327920768	0.935355941952516
Paenibacillaceae	0.30623799211612	0.612350067900994	0.606062554285797	-0.122178036950125	0.680288385672116	0.938144327920768	0.935355941952516
Paludibacteraceae	0.0483696426259244	0.239648449860823	0.235742934902844	-0.387648339264557	0.680288385672116	0.938144327920768	0.935355941952516
Parachlamydiaceae	0.121101939380045	0.920503987908666	0.927750649567322	-0.257945090398592	0.680288385672116	0.964712087641762	0.966420748581865
Parvularculaceae	0.110815603120722	0.221346637670844	0.228463797480396	-0.305935405433641	0.680288385672116	0.938144327920768	0.935355941952516
Pasteurellaceae	0.0324770982767076	0.510468767265466	0.50160181064548	-0.31269873807803	0.680288385672116	0.938144327920768	0.935355941952516
Pectobacteriaceae	0.20212130520698	0.831825485402073	0.824785161922315	-0.159939798147552	0.680288385672116	0.951933216743247	0.950866638970538
Pelagibacteraceae	0.451132150462477	0.496245455896	0.496312147583647	-0.161308380793222	0.680288385672116	0.938144327920768	0.935355941952516
Peptococcaceae	0.307374404086468	0.589373882241392	0.585423020596427	-0.123428711867115	0.680288385672116	0.938144327920768	0.935355941952516
Peptoniphilaceae	0.327974711758254	0.974200737123215	0.974528803376112	-0.127215686840434	0.680288385672116	0.98505420913477	0.987397347216606
Peptostreptococcaceae	0.145133297184017	0.882285081428015	0.878516728506625	-0.177492320671868	0.680288385672116	0.961087634092756	0.960103118472417
Petrotogaceae	0.0575390765960697	0.109982292310751	0.108125823177118	-0.354227508285537	0.680288385672116	0.938144327920768	0.935355941952516
Phaffomycetaceae	0.269946744025177	0.310384380865934	0.315787766629985	-0.177950487267404	0.680288385672116	0.938144327920768	0.935355941952516
Phycisphaeraceae	0.887143026773319	0.372009569671779	0.380514734866716	0.0310515497035519	0.924855584591618	0.938144327920768	0.935355941952516
Phyllobacteriaceae	0.40631550498644	0.536109307835034	0.536513269375082	-0.121103653449436	0.680288385672116	0.938144327920768	0.935355941952516
Pichiaceae	0.101643808276472	0.178950091568464	0.178032068596852	-0.241153233794167	0.680288385672116	0.938144327920768	0.935355941952516
Picrophilaceae	0.467252111295546	0.801549456176139	0.796633929004353	-0.196879975882869	0.681568798900207	0.951933216743247	0.950866638970538
Pirellulaceae	0.247536033599203	0.209307711885135	0.207737946954421	-0.152612966061101	0.680288385672116	0.938144327920768	0.935355941952516
Piscirickettsiaceae	0.291841892767545	0.870709342042354	0.866375465069407	-0.12858184531399	0.680288385672116	0.958381757909165	0.951350457378986
Planctomycetaceae	0.303830447058967	0.504217515150023	0.499903484481618	-0.147763592294061	0.680288385672116	0.938144327920768	0.935355941952516
Planococcaceae	0.322328196438362	0.486558885577934	0.485698526884254	-0.120466930372774	0.680288385672116	0.938144327920768	0.935355941952516
Polyangiaceae	0.413190840532923	0.2965533463036	0.297861914356303	-0.134380333480315	0.680288385672116	0.938144327920768	0.935355941952516
Porphyromonadaceae	0.572282197374955	0.615204051137149	0.612758453994028	-0.0991899728816916	0.744255888000258	0.938144327920768	0.935355941952516
Prevotellaceae	0.0537700597780967	0.231346260088413	0.218695441979375	-0.442338652978127	0.680288385672116	0.938144327920768	0.935355941952516
Prochloraceae	0.9355902516983	0.567503444837263	0.572348836846269	-0.0136172563221428	0.956009880207588	0.938144327920768	0.935355941952516
Prochlorotrichaceae	0.529510339965886	0.960161011536504	0.967507746397284	-0.0954429339172737	0.727194200219817	0.980009927931744	0.986666315632874
Prolixibacteraceae	0.152332158987859	0.307285423916501	0.306678730373643	-0.202367557223084	0.680288385672116	0.938144327920768	0.935355941952516
Promicromonosporaceae	0.835837508440779	0.527723519893378	0.530890169200547	-0.036424524719429	0.893062898022824	0.938144327920768	0.935355941952516
Propionibacteriaceae	0.694873640739681	0.203690907560099	0.201369636548464	-0.0591422003741747	0.801987951341739	0.938144327920768	0.935355941952516
Pseudanabaenaceae	0.0485940512905142	0.401977375585403	0.388021863438452	-0.283799214908818	0.680288385672116	0.938144327920768	0.935355941952516
Pseudoalteromonadaceae	0.464795949549321	0.619023295844256	0.615606035026418	-0.0916953503388227	0.680288385672116	0.938144327920768	0.935355941952516
Pseudomonadaceae	0.290323183309122	0.470101815564851	0.465967485498909	-0.162752815608173	0.680288385672116	0.938144327920768	0.935355941952516
Pseudonocardiaceae	0.350845287189571	0.587102760745974	0.584598582468238	-0.156106859847563	0.680288385672116	0.938144327920768	0.935355941952516
Psychromonadaceae	0.81995942905224	0.818338488240627	0.821951126063479	0.0384483406942516	0.883429091970509	0.951933216743247	0.950866638970538
Puniceicoccaceae	0.958037386671182	0.572479666088941	0.570782048352845	-0.0109101441556641	0.973154347407611	0.938144327920768	0.935355941952516
Pyriculariaceae	0.24383603353176	0.396926075429846	0.392549185641256	-0.137356101163114	0.680288385672116	0.938144327920768	0.935355941952516
Pyrodictiaceae	0.562873542737219	0.388894171755554	0.405542389998167	-0.094985165219281	0.739373132905855	0.938144327920768	0.935355941952516
Rhizobiaceae	0.392734519428577	0.699305420585272	0.695845006982644	-0.12182643298426	0.680288385672116	0.938144327920768	0.936138577674623
Rhodanobacteraceae	0.37906686888419	0.293127945012317	0.292616150843593	-0.13870616731952	0.680288385672116	0.938144327920768	0.935355941952516
Rhodobacteraceae	0.351848684999771	0.707350484852327	0.70396011938998	-0.142238638470028	0.680288385672116	0.938144327920768	0.936138577674623
Rhodobiaceae	0.295673344373866	0.50476085075084	0.504803181613213	-0.171581368042868	0.680288385672116	0.938144327920768	0.935355941952516
Rhodocyclaceae	0.602463560082802	0.886560803213336	0.897562547768842	-0.0798572613306281	0.753273227314239	0.961087634092756	0.961550192463914
Rhodospirillaceae	0.389677385205572	0.627161253549277	0.624029517131022	-0.135633896556849	0.680288385672116	0.938144327920768	0.935355941952516
Rhodothermaceae	0.176306217273664	0.252676558327664	0.249336134585507	-0.221026535761415	0.680288385672116	0.938144327920768	0.935355941952516
Rickettsiaceae	0.651822393288478	0.833436425861159	0.845616337162741	-0.0775420080327636	0.772168790462681	0.951933216743247	0.950866638970538
Rikenellaceae	0.650060003501261	0.32665510001659	0.318656306743671	0.182060249068746	0.772168790462681	0.938144327920768	0.935355941952516
Rivulariaceae	0.0760715428944595	0.204707844881434	0.204714846898899	-0.283125745410038	0.680288385672116	0.938144327920768	0.935355941952516
Roseiflexaceae	0.103966003906671	0.658422050681885	0.648655318218939	-0.246926173851593	0.680288385672116	0.938144327920768	0.935355941952516
Ruaniaceae	0.397633982165498	0.869688522059388	0.865531898247018	-0.154416954243411	0.680288385672116	0.958381757909165	0.951350457378986
Rubrobacteraceae	0.44641959231521	0.306178307534105	0.308125711611372	-0.12556620087398	0.680288385672116	0.938144327920768	0.935355941952516
Ruminococcaceae	0.754872954461198	0.784489088804888	0.797124109533442	-0.0378842764455964	0.834404930581928	0.951933216743247	0.950866638970538
Saccharomycetaceae	0.215221762151407	0.85545731927287	0.837541894502389	-0.187567747560464	0.680288385672116	0.951933216743247	0.950866638970538
Saccharospirillaceae	0.142138150406987	0.660009383446171	0.652864951154635	-0.198777409640773	0.680288385672116	0.938144327920768	0.935355941952516
Salinisphaeraceae	0.131529925449615	0.796103753798551	0.810853745538803	-0.306289026246211	0.680288385672116	0.951933216743247	0.950866638970538
Salinivirgaceae	0.0484875203803882	0.00781808195826223	0.00782139720630728	-0.348988508422196	0.680288385672116	0.938144327920768	0.935355941952516
Sandaracinaceae	0.609896785981173	0.521960173791663	0.522449300081722	-0.092722200421121	0.755327270604225	0.938144327920768	0.935355941952516
Sanguibacteraceae	0.59046732084548	0.166075830981919	0.167804196689456	-0.0977492046966915	0.752553221347435	0.938144327920768	0.935355941952516
Saprospiraceae	0.0172207960197977	0.34636893900742	0.338641414153983	-0.484551166766757	0.680288385672116	0.938144327920768	0.935355941952516
Schizosaccharomycetaceae	0.289827499150098	0.420826762337686	0.422550447054103	-0.18429089165948	0.680288385672116	0.938144327920768	0.935355941952516
Sclerotiniaceae	0.279958364830603	0.459080946808022	0.457740156340692	-0.157580593823972	0.680288385672116	0.938144327920768	0.935355941952516
Scytonemataceae	0.0118236050032395	0.126301515444135	0.122095183575037	-0.427010160111645	0.680288385672116	0.938144327920768	0.935355941952516
Sedimentisphaeraceae	0.384638717992468	0.351473848400004	0.351239173478391	-0.114824174352698	0.680288385672116	0.938144327920768	0.935355941952516
Segniliparaceae	0.591409244434187	0.342342487450246	0.343384544737068	-0.111102030044865	0.752553221347435	0.938144327920768	0.935355941952516
Selenomonadaceae	0.250284933315815	0.557742951178513	0.545056903264768	-0.230635801701081	0.680288385672116	0.938144327920768	0.935355941952516
Shewanellaceae	0.228366816712727	0.387624433860452	0.38193594576832	-0.142895179395175	0.680288385672116	0.938144327920768	0.935355941952516
Silvanigrellaceae	0.262292473826482	0.155272894294983	0.159345377574258	-0.229944877737629	0.680288385672116	0.938144327920768	0.935355941952516
Simkaniaceae	0.173302212673876	0.0765235333200745	0.0751633706195648	-0.28302416269084	0.680288385672116	0.938144327920768	0.935355941952516
Sinobacteraceae	0.279463332356753	0.103516082184053	0.104068081763491	-0.182535047547918	0.680288385672116	0.938144327920768	0.935355941952516
Solibacteraceae	0.350076342297268	0.336618215205729	0.327952529973987	-0.154432822688919	0.680288385672116	0.938144327920768	0.935355941952516
Sordariaceae	0.632612648313223	0.908593427295714	0.900422907882017	-0.0665826976525398	0.763963606000359	0.963786181809324	0.961550192463914
Sphaerobacteraceae	0.827195731075702	0.720276243663862	0.724017470874785	-0.039772991925779	0.887512086466639	0.938144327920768	0.936138577674623
Sphingobacteriaceae	0.149672413229342	0.363470651049053	0.358541130963634	-0.149040878586362	0.680288385672116	0.938144327920768	0.935355941952516
Sphingomonadaceae	0.462668897368054	0.641999849030586	0.639452095736866	-0.111101941757987	0.680288385672116	0.938144327920768	0.935355941952516
Spirochaetaceae	0.225063271242476	0.439867876938878	0.440526657748968	-0.144817645932353	0.680288385672116	0.938144327920768	0.935355941952516
Spiroplasmataceae	0.721198012921038	0.31843295066306	0.322926487514216	-0.068342305599331	0.809841646886787	0.938144327920768	0.935355941952516
Spongiibacteraceae	0.0873429176902403	0.0950814248544463	0.0963315447981944	-0.260977183614088	0.680288385672116	0.938144327920768	0.935355941952516
Sporichthyaceae	0.016274900528018	0.098860348877121	0.0969481780983997	-0.441848390657577	0.680288385672116	0.938144327920768	0.935355941952516
Sporolactobacillaceae	0.221939255817548	0.6915217796615	0.68625971375808	-0.155309796449816	0.680288385672116	0.938144327920768	0.935355941952516
Sporomusaceae	0.395744429924181	0.46147616679873	0.459665375702516	-0.103296293150653	0.680288385672116	0.938144327920768	0.935355941952516
Staphylococcaceae	0.185847022173773	0.319249141813512	0.322795836644205	-0.197219475560684	0.680288385672116	0.938144327920768	0.935355941952516
Steroidobacteraceae	0.134085738794024	0.450820043140423	0.442393175198901	-0.237094822814227	0.680288385672116	0.938144327920768	0.935355941952516
Sterolibacteriaceae	0.418916865590215	0.409305377566185	0.411103170153383	-0.130037721346413	0.680288385672116	0.938144327920768	0.935355941952516
Streptococcaceae	0.86222764218927	0.888306240443013	0.894516230371557	-0.0471646175279865	0.907468872091541	0.961087634092756	0.961550192463914
Streptomycetaceae	0.420580280154457	0.494893283042315	0.493361282652848	-0.133587413796596	0.680288385672116	0.938144327920768	0.935355941952516
Streptosporangiaceae	0.320222536216538	0.724160450356178	0.721270492629162	-0.162208158363639	0.680288385672116	0.938144327920768	0.936138577674623
Succinivibrionaceae	0.473457481740669	0.527610671020085	0.527514172752844	-0.114178406122565	0.681835356924939	0.938144327920768	0.935355941952516
Sulfolobaceae	0.893055518411143	0.517089483696448	0.511129144397063	-0.0176101053623889	0.927265306414795	0.938144327920768	0.935355941952516
Sutterellaceae	0.579302056775305	0.284980814579883	0.28030591067756	0.133940760171562	0.747720699847825	0.938144327920768	0.935355941952516
Symbiobacteriaceae	0.200960764850829	0.234272581529649	0.234425979185183	-0.237560165639475	0.680288385672116	0.938144327920768	0.935355941952516
Synechococcaceae	0.315108392949829	0.392015384178842	0.38868403125145	-0.152326000933231	0.680288385672116	0.938144327920768	0.935355941952516
Synergistaceae	0.0824324259469162	0.502225708822283	0.509493657164681	-0.333523016293319	0.680288385672116	0.938144327920768	0.935355941952516
Syntrophaceae	0.0345569065518071	0.650155241533578	0.647440817895603	-0.321598141285408	0.680288385672116	0.938144327920768	0.935355941952516
Syntrophobacteraceae	0.160676976432233	0.417207675663861	0.417719384933996	-0.209991101929702	0.680288385672116	0.938144327920768	0.935355941952516
Syntrophomonadaceae	0.230213417333493	0.909375593735006	0.89893662658558	-0.191712222759831	0.680288385672116	0.963786181809324	0.961550192463914
Tannerellaceae	0.34396181609397	0.634282233081957	0.623143215966089	0.319428003932063	0.680288385672116	0.938144327920768	0.935355941952516
Tepidiformaceae	0.211629771827647	0.63414593286789	0.618234362549171	-0.223208606775966	0.680288385672116	0.938144327920768	0.935355941952516
Thermaceae	0.282035481850579	0.428824181700212	0.429206716190619	-0.162937256159608	0.680288385672116	0.938144327920768	0.935355941952516
Thermoactinomycetaceae	0.20776574870555	0.604536022611845	0.601040157563498	-0.160416950353847	0.680288385672116	0.938144327920768	0.935355941952516
Thermoanaerobacteraceae	0.256363881415599	0.435459299712845	0.433658976157885	-0.137641518303547	0.680288385672116	0.938144327920768	0.935355941952516
Thermoanaerobacterales Family III. Incertae Sedis	0.516488942039038	0.460365064122607	0.462518811422115	-0.0837501867624554	0.713114759115562	0.938144327920768	0.935355941952516
Thermoanaerobacterales Family IV. Incertae Sedis	0.647442544700914	0.994815136535455	0.989058114572745	-0.0535201463130806	0.772168790462681	0.996750574544279	0.990982352149735
Thermococcaceae	0.280013158611294	0.607206635327095	0.6080916887512	-0.133917337560345	0.680288385672116	0.938144327920768	0.935355941952516
Thermodesulfobacteriaceae	0.122364436301235	0.242704197605232	0.245300862374318	-0.202457823984947	0.680288385672116	0.938144327920768	0.935355941952516
Thermodesulfobiaceae	0.351437835690492	0.481334243169053	0.494280615955152	-0.195399835400259	0.680288385672116	0.938144327920768	0.935355941952516
Thermofilaceae	0.602618581851391	0.601707154865374	0.604499721998992	-0.104804282565815	0.753273227314239	0.938144327920768	0.935355941952516
Thermoguttaceae	0.785000677847566	0.955914343975927	0.954315857649832	-0.0486296698992698	0.854704754950309	0.978719457549905	0.980289746642682
Thermomicrobiaceae	0.191281755577302	0.0749624851375909	0.076951145499971	-0.251785585908065	0.680288385672116	0.938144327920768	0.935355941952516
Thermomonosporaceae	0.379820722114583	0.559466289549142	0.555631303678691	-0.160998277949799	0.680288385672116	0.938144327920768	0.935355941952516
Thermoplasmataceae	0.761848357725488	0.463137080099564	0.482453744368212	0.0660794873046016	0.838201406298955	0.938144327920768	0.935355941952516
Thermoproteaceae	0.0668291936178824	0.159990342449238	0.160945670848383	-0.276030323765167	0.680288385672116	0.938144327920768	0.935355941952516
Thermotogaceae	0.107549688133043	0.486339598349678	0.488810068155193	-0.213583783032111	0.680288385672116	0.938144327920768	0.935355941952516
Thioalkalibacteraceae	0.366649228286935	0.204924251741413	0.203903647315076	-0.16434457995313	0.680288385672116	0.938144327920768	0.935355941952516
Thioalkalispiraceae	0.300436641810117	0.56962074073736	0.566330567090686	-0.168707155072549	0.680288385672116	0.938144327920768	0.935355941952516
Thiobacillaceae	0.047871218663705	0.278704409877492	0.271816813527574	-0.347442707963674	0.680288385672116	0.938144327920768	0.935355941952516
Thiotrichaceae	0.0939742616878563	0.548978652988169	0.540940043358398	-0.253339980522928	0.680288385672116	0.938144327920768	0.935355941952516
Tissierellaceae	0.895478557016171	0.915129015349047	0.922195731780698	-0.0169590897828579	0.927910375982552	0.963786181809324	0.966420748581865
Tolypothrichaceae	0.168113402946255	0.288341036567731	0.291034935356849	-0.282132015926088	0.680288385672116	0.938144327920768	0.935355941952516
Trichocomaceae	0.246688545054666	0.17855449097699	0.182833099355778	-0.175104886446223	0.680288385672116	0.938144327920768	0.935355941952516
Trichomonascaceae	0.513226074832821	0.697615826024461	0.689600703800716	-0.097258575411612	0.710514592846513	0.938144327920768	0.935355941952516
Trueperaceae	0.473757256414604	0.472274111272482	0.482085832487463	-0.139569166055502	0.681835356924939	0.938144327920768	0.935355941952516
Tsukamurellaceae	0.608523669530367	0.913073915367511	0.914705784177745	-0.0908381538258387	0.755327270604225	0.963786181809324	0.966112669831967
Unclassified Acidobacteria Phylum	0.0616278011728692	0.951467925706592	0.974161646577526	-0.485624427690889	0.680288385672116	0.978055851774241	0.987397347216606
Unclassified Actinobacteria Class	0.432498286973627	0.464383492986496	0.463382017427215	-0.121877898184883	0.680288385672116	0.938144327920768	0.935355941952516
Unclassified Actinobacteria Phylum	0.838015746689138	0.85544436666301	0.851712233595162	0.037785207508239	0.893536458685106	0.951933216743247	0.950866638970538
Unclassified Alphaproteobacteria Class	0.586979700080517	0.669064263904281	0.670565111381073	-0.0856559787939233	0.751976481446434	0.938144327920768	0.935355941952516
Unclassified Alteromonadales Order	0.103255544632572	0.243138124619678	0.237443070764059	-0.219329567760896	0.680288385672116	0.938144327920768	0.935355941952516
Unclassified Aquificales Order	0.197304207300775	0.771352275704046	0.786212779517279	-0.239596451142144	0.680288385672116	0.951933216743247	0.950866638970538
Unclassified Armatimonadetes Phylum	0.885957167490572	0.905303897431273	0.898266530316779	0.0211864628622959	0.924855584591618	0.963786181809324	0.961550192463914
Unclassified Ascomycota Phylum	0.266934165956177	0.872816070671649	0.842615866111979	-0.2430384121369	0.680288385672116	0.958422764170361	0.950866638970538
Unclassified Bacillales Order	0.394611592444404	0.383469923211823	0.381758352631965	-0.102858111728563	0.680288385672116	0.938144327920768	0.935355941952516
Unclassified Bacilli Class	0.43712137907358	0.585199485180765	0.591396409076384	-0.102214174739333	0.680288385672116	0.938144327920768	0.935355941952516
Unclassified Bacteroidales Order	0.855669029772107	0.555667611967164	0.558517932449161	0.0458471460348163	0.903011373632449	0.938144327920768	0.935355941952516
Unclassified Bacteroidetes Phylum	0.987164665195527	0.581552021894026	0.58579264883335	-0.00306512486030972	0.989085219018865	0.938144327920768	0.935355941952516
Unclassified Bacteroidia Class	0.840016316904137	0.98564072634421	0.984597252174337	-0.0529816062144391	0.893819014887667	0.99274930586673	0.990449773621963
Unclassified Balneolaeota Phylum	0.274936430884288	0.541785550233625	0.53927858436827	-0.168811362775641	0.680288385672116	0.938144327920768	0.935355941952516
Unclassified Betaproteobacteria Class	0.595592567831718	0.755964928477297	0.754084486899066	-0.0853501840914193	0.753075906063133	0.951887379378503	0.946293144324699
Unclassified Blastocatellia Class	0.502337311430684	0.201306588188589	0.207297854472821	-0.118686254877507	0.704916853714155	0.938144327920768	0.935355941952516
Unclassified Bradymonadales Order	0.453353982720732	0.294390487238808	0.296760504119809	-0.111716191096007	0.680288385672116	0.938144327920768	0.935355941952516
Unclassified Burkholderiales Order	0.680131766913548	0.925374313194233	0.929657848428773	-0.0682585197312287	0.794258185851422	0.964712087641762	0.966420748581865
Unclassified Campylobacterales Order	0.355493551144803	0.375691499207644	0.37464767785212	-0.136921373190975	0.680288385672116	0.938144327920768	0.935355941952516
Unclassified Candidatus Bipolaricaulota Phylum	0.22486593988874	0.0345706321611071	0.0357951052300097	-0.211413577663266	0.680288385672116	0.938144327920768	0.935355941952516
Unclassified Candidatus Cloacimonetes Phylum	0.363995640168858	0.40892315981075	0.412359932046119	-0.177661497528778	0.680288385672116	0.938144327920768	0.935355941952516
Unclassified Candidatus Gracilibacteria Phylum	0.808680102423841	0.7277987027029	0.719990366189575	0.0582370965898194	0.874937505773693	0.938144327920768	0.936138577674623
Unclassified Candidatus Saccharibacteria Phylum	0.717265100840728	0.387673377899729	0.386929412295184	-0.0622569379015785	0.809841646886787	0.938144327920768	0.935355941952516
Unclassified Cellvibrionales Order	0.695164529025279	0.65890352948833	0.657570248884493	0.0952441230175844	0.801987951341739	0.938144327920768	0.935355941952516
Unclassified Chromatiales Order	0.620043936878613	0.576221984969969	0.576837820323787	-0.0848289269712862	0.756688690740488	0.938144327920768	0.935355941952516
Unclassified Chroococcales Order	0.503735552917017	0.494070755026689	0.483192154314982	-0.193372585428509	0.704916853714155	0.938144327920768	0.935355941952516
Unclassified Clostridia Class	0.278464798822882	0.299477066660092	0.29856390377283	-0.142645180568836	0.680288385672116	0.938144327920768	0.935355941952516
Unclassified Clostridiales Order	0.114306700504116	0.720047224600902	0.717871044498516	-0.173999465948622	0.680288385672116	0.938144327920768	0.936138577674623
Unclassified Coriobacteriales Order	0.633422251965346	0.813160689477175	0.822524563801631	-0.123960639220772	0.763963606000359	0.951933216743247	0.950866638970538
Unclassified Coriobacteriia Class	0.665033158880701	0.680695921475156	0.684618272329926	-0.102551917364862	0.78194538087571	0.938144327920768	0.935355941952516
Unclassified Corynebacteriales Order	0.640581850785889	0.497481258681227	0.494530650182743	-0.0761049642168751	0.767208495708681	0.938144327920768	0.935355941952516
Unclassified Cyanobacteria Phylum	0.046164687453153	0.189282695494177	0.191679525162593	-0.269027704118872	0.680288385672116	0.938144327920768	0.935355941952516
Unclassified Cytophagales Order	0.294768383257914	0.581829162293997	0.57406521324792	-0.132709898714842	0.680288385672116	0.938144327920768	0.935355941952516
Unclassified Dehalococcoidia Class	0.351878590267083	0.172352118662096	0.172428960200165	-0.154423807018221	0.680288385672116	0.938144327920768	0.935355941952516
Unclassified Deinococci Class	0.961448443483169	0.837955226662566	0.82398919941725	0.0110151503777271	0.974696748806756	0.951933216743247	0.950866638970538
Unclassified Deltaproteobacteria Class	0.357089165580729	0.303440817753465	0.308555777138145	-0.159015232442778	0.680288385672116	0.938144327920768	0.935355941952516
Unclassified Desulfobacterales Order	0.737268227177254	0.169803005092308	0.174157082047208	-0.0901623159546462	0.823629364417106	0.938144327920768	0.935355941952516
Unclassified Desulfovibrionales Order	0.463114745284623	0.235697956525448	0.24426357527861	-0.147712306519903	0.680288385672116	0.938144327920768	0.935355941952516
Unclassified Desulfuromonadales Order	0.543643222682	0.551912978819168	0.561679553549963	-0.0987811863879398	0.732922145762382	0.938144327920768	0.935355941952516
Unclassified Elusimicrobia Phylum	0.874448594916103	0.597845193213297	0.59228764741461	-0.0275765604878597	0.917191499759253	0.938144327920768	0.935355941952516
Unclassified Enterobacterales Order	0.0744535822985424	0.44456181280795	0.45342145900766	-0.259038362437505	0.680288385672116	0.938144327920768	0.935355941952516
Unclassified Entomoplasmatales Order	0.495538613622027	0.461321589582415	0.47535738569355	0.175155306828268	0.703036876075327	0.938144327920768	0.935355941952516
Unclassified Epsilonproteobacteria Class	0.139294591040179	0.174601297276164	0.177407260138179	-0.188866674823768	0.680288385672116	0.938144327920768	0.935355941952516
Unclassified Euryarchaeota Phylum	0.308446957244456	0.986966300201487	0.984680163290184	-0.188971761353797	0.680288385672116	0.99274930586673	0.990449773621963
Unclassified Firmicutes Phylum	0.148008793858625	0.393773025292575	0.392691115826448	-0.160653352596715	0.680288385672116	0.938144327920768	0.935355941952516
Unclassified Flavobacteriales Order	0.602332047327667	0.397711703452725	0.405198554210827	-0.0883434233799907	0.753273227314239	0.938144327920768	0.935355941952516
Unclassified Frankiales Order	0.755999192325122	0.613514495510123	0.617155308195521	-0.0610531055193462	0.834404930581928	0.938144327920768	0.935355941952516
Unclassified Fusobacteriales Order	0.986520720700363	0.808007332722749	0.824556632077004	-0.00304188692936693	0.989085219018865	0.951933216743247	0.950866638970538
Unclassified Gammaproteobacteria Class	0.266072091602739	0.683658868439421	0.679969698069041	-0.133987326177124	0.680288385672116	0.938144327920768	0.935355941952516
Unclassified Halanaerobiales Order	0.718412211345541	0.774266223296176	0.777242735058059	-0.0534673918564316	0.809841646886787	0.951933216743247	0.950866638970538
Unclassified Halobacteria Class	0.260380183280796	0.289385967484491	0.295003964563121	-0.196146152424651	0.680288385672116	0.938144327920768	0.935355941952516
Unclassified Halobacteriales Order	0.763332931173223	0.698991474229543	0.71735186909887	-0.0670875825272131	0.838201406298955	0.938144327920768	0.936138577674623
Unclassified Haloferacales Order	0.831128230110978	0.104440990034045	0.112364095683265	0.036762312324875	0.889877418933791	0.938144327920768	0.935355941952516
Unclassified Ignavibacteriales Order	0.175646402377211	0.159957596507133	0.159600724802719	-0.45600611717308	0.680288385672116	0.938144327920768	0.935355941952516
Unclassified Kiritimatiellaeota Phylum	0.386053068011615	0.630234734240508	0.629830728499487	-0.123639256675105	0.680288385672116	0.938144327920768	0.935355941952516
Unclassified Lactobacillales Order	0.69594885109263	0.773537579079714	0.784115788739235	-0.0588501019371824	0.801987951341739	0.951933216743247	0.950866638970538
Unclassified Methanococcales Order	0.541103353433368	0.823156207127526	0.806703129554458	0.131376761974988	0.731412669339066	0.951933216743247	0.950866638970538
Unclassified Micrococcales Order	0.352088698984313	0.738610091435343	0.729961672254295	-0.154000167157743	0.680288385672116	0.939220239726424	0.936138577674623
Unclassified Mollicutes Class	0.707049333194617	0.648963443108659	0.653584061968294	0.0903271442292719	0.806161136925352	0.938144327920768	0.935355941952516
Unclassified Myxococcales Order	0.45489032557529	0.122349831347504	0.12390035750116	-0.132466584483826	0.680288385672116	0.938144327920768	0.935355941952516
Unclassified Negativicutes Class	0.0849270525037348	0.529035472136256	0.531136763098534	-0.279478371325423	0.680288385672116	0.938144327920768	0.935355941952516
Unclassified Neisseriales Order	0.702782112671109	0.85766410207547	0.864091645184431	-0.0815912424978393	0.806086387584903	0.951933216743247	0.951350457378986
Unclassified Nitrosomonadales Order	0.6937159155698	0.727269760340582	0.726282474812858	-0.0734486924135758	0.801987951341739	0.938144327920768	0.936138577674623
Unclassified Nostocales Order	0.338960420859013	0.30348597500382	0.302690177537187	-0.121198607200098	0.680288385672116	0.938144327920768	0.935355941952516
Unclassified Oceanospirillales Order	0.184058980250368	0.762649646763256	0.755159727285959	-0.194376952892473	0.680288385672116	0.951933216743247	0.946293144324699
Unclassified Oscillatoriales Order	0.552882290138355	0.860720999749925	0.850415225755424	-0.101772804367682	0.735747750442514	0.953271644884325	0.950866638970538
Unclassified Phycisphaerae Class	0.0899951081536175	0.320909648299947	0.315076353252209	-0.281150304151565	0.680288385672116	0.938144327920768	0.935355941952516
Unclassified Planctomycetales Order	0.709108728208125	0.58544976459757	0.589203086761876	-0.06003597734189	0.806161136925352	0.938144327920768	0.935355941952516
Unclassified Planctomycetes Phylum	0.326430637905925	0.666503776219471	0.661954386676841	-0.137794150224924	0.680288385672116	0.938144327920768	0.935355941952516
Unclassified Planctomycetia Class	0.373918277377265	0.825111326418824	0.838432947159922	-0.173384176772556	0.680288385672116	0.951933216743247	0.950866638970538
Unclassified Propionibacteriales Order	0.115365277191261	0.274865999340368	0.26866441566529	-0.280298859604677	0.680288385672116	0.938144327920768	0.935355941952516
Unclassified Proteobacteria Phylum	0.273975145219076	0.64464366225541	0.643768391669207	-0.160634833074212	0.680288385672116	0.938144327920768	0.935355941952516
Unclassified Pseudomonadales Order	0.068314691485921	0.827895132150818	0.835488057551901	-0.265360560601782	0.680288385672116	0.951933216743247	0.950866638970538
Unclassified Rhizobiales Order	0.560332402719837	0.647816315163293	0.651868080801501	-0.0917672455841278	0.739373132905855	0.938144327920768	0.935355941952516
Unclassified Rhodobacterales Order	0.376680947191904	0.905436094947586	0.915391323958634	-0.216320408175664	0.680288385672116	0.963786181809324	0.966112669831967
Unclassified Rhodocyclales Order	0.360426581997712	0.519859182365701	0.515705194117415	-0.163924377940988	0.680288385672116	0.938144327920768	0.935355941952516
Unclassified Rhodospirillales Order	0.723353704015383	0.0427326788743785	0.0434520864531026	-0.0744362200354716	0.809841646886787	0.938144327920768	0.935355941952516
Unclassified Rickettsiales Order	0.494497459906473	0.902216234497399	0.900622109269434	-0.1593804404226	0.703036876075327	0.963786181809324	0.961550192463914
Unclassified Saccharomycetales Order	0.215935779932122	0.718746032906591	0.691981774531862	-0.302340964975317	0.680288385672116	0.938144327920768	0.935355941952516
Unclassified Silvanigrellales Order	0.601424483216731	0.416979964350891	0.41969135297407	-0.082066068673932	0.753273227314239	0.938144327920768	0.935355941952516
Unclassified Sordariomycetes Class	0.746527177778134	0.172599639106809	0.177337010868836	-0.097708025550608	0.832167741462639	0.938144327920768	0.935355941952516
Unclassified Sphingomonadales Order	0.679153243375873	0.776927267158787	0.77768647287316	-0.0673286205083816	0.794258185851422	0.951933216743247	0.950866638970538
Unclassified Streptosporangiales Order	0.234902963154212	0.633827756800559	0.627174652850002	-0.284025683013663	0.680288385672116	0.938144327920768	0.935355941952516
Unclassified Synechococcales Order	0.980537781875588	0.453802077674741	0.450176815342619	-0.00648895696504899	0.987359186036575	0.938144327920768	0.935355941952516
Unclassified Tenericutes Phylum	0.618581235247145	0.161976184752033	0.166478055538836	-0.0885629778221853	0.756688690740488	0.938144327920768	0.935355941952516
Unclassified Thaumarchaeota Phylum	0.199550049234957	0.430857666069747	0.430542013340444	-0.218832586978456	0.680288385672116	0.938144327920768	0.935355941952516
Unclassified Thermoanaerobacterales Order	0.0814390420132951	0.0824088396262049	0.0790471074873451	-0.279460692731623	0.680288385672116	0.938144327920768	0.935355941952516
Unclassified Thermoplasmata Class	0.17609380355574	0.659667159823172	0.683328410908643	-0.255173447205904	0.680288385672116	0.938144327920768	0.935355941952516
Unclassified Thermoplasmatales Order	0.211493916941392	0.572443240387435	0.576212968942867	-0.244805199262619	0.680288385672116	0.938144327920768	0.935355941952516
Unclassified Tissierellia Class	0.301546868265987	0.356463949132003	0.364294021888425	-0.178791437370046	0.680288385672116	0.938144327920768	0.935355941952516
Unclassified Verrucomicrobia Phylum	0.458317511292403	0.318156192667121	0.325152386591511	-0.116095913763068	0.680288385672116	0.938144327920768	0.935355941952516
Unclassified Verrucomicrobiales Order	0.463107860154074	0.802433959889579	0.817963729542956	0.297138139734523	0.680288385672116	0.951933216743247	0.950866638970538
Unclassified Victivallales Order	0.468495834583831	0.211144838282052	0.207232409925681	-0.19460364445534	0.681568798900207	0.938144327920768	0.935355941952516
Unclassified Xanthomonadales Order	0.696094396601471	0.826768091615442	0.81579384225171	-0.075739852018676	0.801987951341739	0.951933216743247	0.950866638970538
Unclassified candidate division Zixibacteria Phylum	0.372231793466781	0.88437098331315	0.886589039524639	-0.149576725045035	0.680288385672116	0.961087634092756	0.961249169168819
Unikaryonidae	0.459717933527348	0.477460494530555	0.489590897239413	-0.123929659006027	0.680288385672116	0.938144327920768	0.935355941952516
Ustilaginaceae	0.235074726885159	0.533817795674881	0.532622939014582	-0.181232706921589	0.680288385672116	0.938144327920768	0.935355941952516
Vallitaleaceae	0.93125221060429	0.963606576865413	0.975893688802431	0.012846637023253	0.955368303707588	0.980745824280015	0.987397347216606
Veillonellaceae	0.0956677368688627	0.0570985143031222	0.0623821173498449	-0.326473946835044	0.680288385672116	0.938144327920768	0.935355941952516
Verrucomicrobiaceae	0.330878687111398	0.548618399418544	0.559700010370169	-0.16464251933509	0.680288385672116	0.938144327920768	0.935355941952516
Vibrionaceae	0.238109995700804	0.563447626737944	0.558868535627753	-0.133405097801718	0.680288385672116	0.938144327920768	0.935355941952516
Vicinamibacteraceae	0.557060874246878	0.805080270868141	0.79578175037129	-0.102491645929574	0.738347800738021	0.951933216743247	0.950866638970538
Vulgatibacteraceae	0.0689941268341744	0.217598001495508	0.211828577490793	-0.35548509802646	0.680288385672116	0.938144327920768	0.935355941952516
Waddliaceae	0.56422066258641	0.848814704889016	0.855127253747252	-0.11595795543126	0.739373132905855	0.951933216743247	0.95116746367135
Wenzhouxiangellaceae	0.129857865742997	0.731539593098477	0.730733414029512	-0.308393715807601	0.680288385672116	0.938144327920768	0.936138577674623
Woeseiaceae	0.39187307117184	0.883675745284057	0.882952952956136	-0.167670675282346	0.680288385672116	0.961087634092756	0.961249169168819
Xanthobacteraceae	0.215426956090962	0.359643607747725	0.360923963636544	-0.206107987150725	0.680288385672116	0.938144327920768	0.935355941952516
Xanthomonadaceae	0.380675424607702	0.702810072323873	0.700036700843298	-0.139936027210306	0.680288385672116	0.938144327920768	0.936138577674623
Yersiniaceae	0.215618774760983	0.62589428478362	0.623576328370409	-0.1598346027421	0.680288385672116	0.938144327920768	0.935355941952516
Zoogloeaceae	0.445755657164739	0.426531647336642	0.427092383262985	-0.1209129272963	0.680288385672116	0.938144327920768	0.935355941952516
