p-variable	p-treatment	p-interaction	slope	adjusted.p-variable	adjusted.p-treatment	adjusted.p-interaction
Acaryochloridaceae	0.513502044428825	0.462894531532411	0.291454244020868	-0.010258364765895	0.994811385155675	0.99902186730451	0.999977711661081
Acetobacteraceae	0.714879921070195	0.713659210556191	0.836615075900837	-0.00447964319695731	0.994811385155675	0.99902186730451	0.999977711661081
Acholeplasmataceae	0.409607275888205	0.775501959791325	0.692328271887986	-0.0131711271731127	0.994811385155675	0.99902186730451	0.999977711661081
Acidaminococcaceae	0.0418498063359138	0.877276098218111	0.839119781461939	-0.0729071443666204	0.994811385155675	0.99902186730451	0.999977711661081
Acidiferrobacteraceae	0.806608565465553	0.778713076465676	0.665542972279476	0.00335498750675289	0.994811385155675	0.99902186730451	0.999977711661081
Acidilobaceae	0.82177223080667	0.519339049466591	0.712066321896607	0.00366747541992101	0.994811385155675	0.99902186730451	0.999977711661081
Acidimicrobiaceae	0.540421575548799	0.222898269918695	0.236133498498149	-0.0114886686073712	0.994811385155675	0.99902186730451	0.999977711661081
Acidithiobacillaceae	0.488513223638994	0.919407308582983	0.963347729309523	-0.0095728902791714	0.994811385155675	0.99902186730451	0.999977711661081
Acidobacteriaceae	0.879032963759728	0.984499091339657	0.988801930119433	-0.0019541666950954	0.994811385155675	0.99902186730451	0.999977711661081
Acidothermaceae	0.863117918249068	0.996460695604751	0.772766801849269	0.00222003210310511	0.994811385155675	0.99902186730451	0.999977711661081
Actinomycetaceae	0.346282346851774	0.923243616838334	0.671743048691015	0.0140055394940406	0.994811385155675	0.99902186730451	0.999977711661081
Actinopolysporaceae	0.443738958661145	0.139494720275948	0.09477366830456	0.0132130501051168	0.994811385155675	0.99902186730451	0.999977711661081
Aerococcaceae	0.543362657696248	0.672152603511406	0.523967274653941	-0.00609437425940469	0.994811385155675	0.99902186730451	0.999977711661081
Aeromonadaceae	0.913197376389185	0.791282007942646	0.819894182390237	-0.0014171953229288	0.994811385155675	0.99902186730451	0.999977711661081
Akkermansiaceae	0.199641073154696	0.879836806464771	0.978003226828497	-0.0609615633558293	0.994811385155675	0.99902186730451	0.999977711661081
Alcaligenaceae	0.823119288261846	0.754337527996802	0.718038204926811	0.00283915295740456	0.994811385155675	0.99902186730451	0.999977711661081
Alcanivoracaceae	0.982744527193601	0.605077759826422	0.715015671732536	-0.000265299187424779	0.99683797812469	0.99902186730451	0.999977711661081
Alicyclobacillaceae	0.874664577441312	0.904163918494522	0.833594691864867	0.00193292420990246	0.994811385155675	0.99902186730451	0.999977711661081
Alteromonadaceae	0.694797557909959	0.590467049174946	0.648519577712918	-0.00424258578674435	0.994811385155675	0.99902186730451	0.999977711661081
Amoebophilaceae	0.560227916279065	0.423379638355208	0.448292549449832	-0.00913898158069359	0.994811385155675	0.99902186730451	0.999977711661081
Anaerohalosphaeraceae	0.161417170368266	0.776220494612143	0.662065340695615	-0.0211254554408269	0.994811385155675	0.99902186730451	0.999977711661081
Anaerolineaceae	0.645574911415002	0.701193297471908	0.792450116484032	-0.00573057893310926	0.994811385155675	0.99902186730451	0.999977711661081
Anaeromyxobacteraceae	0.738094060956782	0.92882885355055	0.904219161100453	0.00481889772537277	0.994811385155675	0.99902186730451	0.999977711661081
Anaplasmataceae	0.108585343340147	0.587014196293827	0.434442843963422	-0.022053949698435	0.994811385155675	0.99902186730451	0.999977711661081
Aphanizomenonaceae	0.274520016859124	0.727604517924787	0.693723004003151	-0.0144214814264166	0.994811385155675	0.99902186730451	0.999977711661081
Aphanothecaceae	0.377207103234952	0.796840020664603	0.687957200060326	-0.0101564369202908	0.994811385155675	0.99902186730451	0.999977711661081
Aquificaceae	0.791678229078098	0.773595594025986	0.71813799193986	-0.00393478433807938	0.994811385155675	0.99902186730451	0.999977711661081
Archaeoglobaceae	0.851572362836888	0.621790909621554	0.45496164345936	0.00213112924503798	0.994811385155675	0.99902186730451	0.999977711661081
Archangiaceae	0.603698391086671	0.761536376980424	0.691471996510612	0.00717550800426805	0.994811385155675	0.99902186730451	0.999977711661081
Ardenticatenaceae	0.381995789830225	0.876641554781091	0.698573138122222	0.012462951837933	0.994811385155675	0.99902186730451	0.999977711661081
Aspergillaceae	0.642340317205981	0.879979273149688	0.852304021789204	-0.00554966753564993	0.994811385155675	0.99902186730451	0.999977711661081
Atopobiaceae	0.81782928691855	0.60590121648941	0.666980984376354	0.00383453944651911	0.994811385155675	0.99902186730451	0.999977711661081
Aurantimonadaceae	0.966648926661909	0.597636004093984	0.632265332531992	-0.000597682556308218	0.994811385155675	0.99902186730451	0.999977711661081
Azonexaceae	0.713869825090486	0.727989603673086	0.625356963656098	-0.00432961027389242	0.994811385155675	0.99902186730451	0.999977711661081
Bacillaceae	0.398076861801076	0.903735585814655	0.836827522101548	-0.00887222403297262	0.994811385155675	0.99902186730451	0.999977711661081
Bacteriovoracaceae	0.50608788219353	0.663006305052193	0.753020876562879	-0.0105098612754439	0.994811385155675	0.99902186730451	0.999977711661081
Bacteroidaceae	0.958270763356914	0.417585087804406	0.477078965166005	0.00139688796383912	0.994811385155675	0.99902186730451	0.999977711661081
Baekduiaceae	0.444364701840836	0.515829475434698	0.751963599299909	0.0132180773114664	0.994811385155675	0.99902186730451	0.999977711661081
Barnesiellaceae	0.345748835107392	0.162455625373316	0.288154687249984	-0.0208086725379326	0.994811385155675	0.99902186730451	0.999977711661081
Bartonellaceae	0.148223146226234	0.986092678285541	0.8570087274288	-0.0181560249578948	0.994811385155675	0.99902186730451	0.999977711661081
Bdellovibrionaceae	0.22827820818256	0.818439633250696	0.92343408659755	-0.0134550085363434	0.994811385155675	0.99902186730451	0.999977711661081
Beijerinckiaceae	0.724151761871111	0.775781859284071	0.864854752976955	-0.00506531428471088	0.994811385155675	0.99902186730451	0.999977711661081
Bernardetiaceae	0.149478552609277	0.880307954361284	0.741381273930901	-0.026758215469131	0.994811385155675	0.99902186730451	0.999977711661081
Beutenbergiaceae	0.61205694511078	0.491084088591242	0.573488529566179	0.00756508796448225	0.994811385155675	0.99902186730451	0.999977711661081
Bifidobacteriaceae	0.126780776868827	0.398324219665746	0.479688588779534	0.0478996161339531	0.994811385155675	0.99902186730451	0.999977711661081
Blattabacteriaceae	0.153718565870548	0.393567616768782	0.283952500401662	-0.021586348322965	0.994811385155675	0.99902186730451	0.999977711661081
Bogoriellaceae	0.0633678663252372	0.548009503900761	0.343928600523726	0.0269710563890481	0.994811385155675	0.99902186730451	0.999977711661081
Borreliaceae	0.142195193923866	0.468870395729426	0.401474819314217	-0.024357970354444	0.994811385155675	0.99902186730451	0.999977711661081
Brachyspiraceae	0.169809453833054	0.491190324378278	0.422628211549785	-0.0221755119739933	0.994811385155675	0.99902186730451	0.999977711661081
Bradymonadaceae	0.226725502843059	0.254879027571636	0.149380781043949	0.0204585224428519	0.994811385155675	0.99902186730451	0.999977711661081
Bradyrhizobiaceae	0.91159649175765	0.852615811974679	0.833763889494046	0.00140663846647648	0.994811385155675	0.99902186730451	0.999977711661081
Brevibacteriaceae	0.306972738909518	0.900571278808745	0.618479724049825	0.0126131136006719	0.994811385155675	0.99902186730451	0.999977711661081
Brucellaceae	0.666585004394931	0.901719801379239	0.910154311091179	-0.00509887238890498	0.994811385155675	0.99902186730451	0.999977711661081
Budviciaceae	0.907997650346428	0.349528944947841	0.320742474069712	-0.00128707536884644	0.994811385155675	0.99902186730451	0.999977711661081
Burkholderiaceae	0.619527526381515	0.644914611864688	0.582411008344667	0.00626143156307739	0.994811385155675	0.99902186730451	0.999977711661081
Caldilineaceae	0.814297952681302	0.88506869712149	0.981712610887975	-0.00357082513490847	0.994811385155675	0.99902186730451	0.999977711661081
Caldisphaeraceae	0.379219855813197	0.640110061280479	0.535038608464981	-0.0169309271702798	0.994811385155675	0.99902186730451	0.999977711661081
Calditrichaceae	0.734744730789171	0.797004131097698	0.767092619454708	0.00411284485933043	0.994811385155675	0.99902186730451	0.999977711661081
Calotrichaceae	0.175313723458059	0.510918178145196	0.396244375656292	-0.0157095440763741	0.994811385155675	0.99902186730451	0.999977711661081
Campylobacteraceae	0.949313950016411	0.464598776598038	0.445818787988845	-0.000991371875169021	0.994811385155675	0.99902186730451	0.999977711661081
Candidatus Brocadiaceae	0.511332437285956	0.611422585901386	0.932090281030229	-0.00876644351149362	0.994811385155675	0.99902186730451	0.999977711661081
Candidatus Deianiraeaceae	0.946703854808255	0.536453854594536	0.541496591840554	-0.00150271071799472	0.994811385155675	0.99902186730451	0.999977711661081
Candidatus Methanomethylophilaceae	0.794061187063594	0.968192609242487	0.874458411691707	-0.00432106668353825	0.994811385155675	0.99902186730451	0.999977711661081
Candidatus Midichloriaceae	0.179602920319856	0.887765806818067	0.754891066825233	-0.0261762572073588	0.994811385155675	0.99902186730451	0.999977711661081
Candidatus Nanopelagicaceae	0.141043784080332	0.892582077725311	0.86967447723774	-0.0206142652063123	0.994811385155675	0.99902186730451	0.999977711661081
Candidatus Paracaedibacteraceae	0.414824964099884	0.963094419038376	0.867352641816093	-0.0180343630459102	0.994811385155675	0.99902186730451	0.999977711661081
Cardiobacteriaceae	0.204627647996322	0.793239979164542	0.584021693424252	-0.0178669747255201	0.994811385155675	0.99902186730451	0.999977711661081
Carnobacteriaceae	0.604016916722789	0.951244080770149	0.935734257541331	-0.00648721217020042	0.994811385155675	0.99902186730451	0.999977711661081
Casimicrobiaceae	0.10439172226325	0.525969488200894	0.409108161277981	-0.0271861265666769	0.994811385155675	0.99902186730451	0.999977711661081
Catenulisporaceae	0.467904435550782	0.859757296328106	0.992042924308878	0.0107758955697848	0.994811385155675	0.99902186730451	0.999977711661081
Caulobacteraceae	0.807820283756507	0.738868774602079	0.749749663833317	0.00327773968826825	0.994811385155675	0.99902186730451	0.999977711661081
Cellulomonadaceae	0.291951013994756	0.900464979925967	0.661934646954612	0.0142530008421329	0.994811385155675	0.99902186730451	0.999977711661081
Cellvibrionaceae	0.621715117603728	0.487644996048196	0.631579005271052	-0.00612651448038746	0.994811385155675	0.99902186730451	0.999977711661081
Chaetomiaceae	0.572519863609467	0.973141062160067	0.955787555951937	-0.00747320300144588	0.994811385155675	0.99902186730451	0.999977711661081
Chamaesiphonaceae	0.32366733452903	0.833109974972645	0.828751069020439	-0.0145792609910197	0.994811385155675	0.99902186730451	0.999977711661081
Chelatococcaceae	0.702167598600558	0.869503349466748	0.767476784277921	0.0058769046734169	0.994811385155675	0.99902186730451	0.999977711661081
Chitinophagaceae	0.66413636396084	0.303089983423805	0.361125497676847	-0.00444530242121236	0.994811385155675	0.99902186730451	0.999977711661081
Chlamydiaceae	0.860393090445851	0.940290906440975	0.688354517563558	0.00252568902719249	0.994811385155675	0.99902186730451	0.999977711661081
Chlorobiaceae	0.683106499985725	0.656475603869668	0.757318260344736	-0.00486960266952563	0.994811385155675	0.99902186730451	0.999977711661081
Chloroflexaceae	0.820838034156823	0.524014029065098	0.696387626768307	-0.00311263200756257	0.994811385155675	0.99902186730451	0.999977711661081
Christensenellaceae	0.129427677101031	0.698992991244659	0.543488051369222	-0.0287944700698568	0.994811385155675	0.99902186730451	0.999977711661081
Chromatiaceae	0.983288724053093	0.773247088572487	0.77275302263421	0.000257039780228944	0.99683797812469	0.99902186730451	0.999977711661081
Chromobacteriaceae	0.883347675463165	0.884654260929977	0.839768619015579	0.00200193879862961	0.994811385155675	0.99902186730451	0.999977711661081
Chroococcaceae	0.656300067889369	0.745077760666971	0.724570259429645	-0.0049492110474033	0.994811385155675	0.99902186730451	0.999977711661081
Chroococcidiopsidaceae	0.605711363040806	0.427858721398649	0.353304179371773	0.0080421157741623	0.994811385155675	0.99902186730451	0.999977711661081
Chrysiogenaceae	0.846554935030649	0.993336134713492	0.740391116681804	0.00268848876913383	0.994811385155675	0.99902186730451	0.999977711661081
Chthonomonadaceae	0.840528022425976	0.287664349762914	0.349208020223653	0.00308121109531474	0.994811385155675	0.99902186730451	0.999977711661081
Clavicipitaceae	0.83806193719625	0.513225716552685	0.506996030629417	-0.00239440000226152	0.994811385155675	0.99902186730451	0.999977711661081
Clostridiaceae	0.222522313579939	0.317798187909371	0.354877558030297	-0.0143022479517237	0.994811385155675	0.99902186730451	0.999977711661081
Clostridiales Family XIII. Incertae Sedis	0.855808359947543	0.764478552653258	0.937529910735751	-0.00230690207765679	0.994811385155675	0.99902186730451	0.999977711661081
Clostridiales Family XVI. Incertae Sedis	0.619071407295551	0.724472346955664	0.762250878623041	0.00589134505536683	0.994811385155675	0.99902186730451	0.999977711661081
Clostridiales Family XVII. Incertae Sedis	0.99357572924861	0.969426938176132	0.95414982375861	-0.000122210291062683	0.997464864731264	0.99902186730451	0.999977711661081
Cohaesibacteraceae	0.457054625421696	0.832895289181469	0.943129655123526	-0.0105149065750097	0.994811385155675	0.99902186730451	0.999977711661081
Coleofasciculaceae	0.488608699212084	0.7483483297273	0.990283933160292	-0.00943859317588599	0.994811385155675	0.99902186730451	0.999977711661081
Colwelliaceae	0.341723335337213	0.61589702767695	0.490474529453021	-0.0100631997808031	0.994811385155675	0.99902186730451	0.999977711661081
Comamonadaceae	0.537833109737769	0.660366901478135	0.569943625503996	0.00827746682081832	0.994811385155675	0.99902186730451	0.999977711661081
Conexibacteraceae	0.392942219527809	0.988749535334334	0.864170131413	0.0136736152845401	0.994811385155675	0.99902186730451	0.999977711661081
Coprothermobacteraceae	0.704511325104396	0.740261652469909	0.69792428715535	0.00783570044273562	0.994811385155675	0.99902186730451	0.999977711661081
Coriobacteriaceae	0.800981369917118	0.899469668185046	0.964259146481623	0.00666912668574278	0.994811385155675	0.99902186730451	0.999977711661081
Corynebacteriaceae	0.337061746494628	0.581825412236793	0.504497675163752	0.0115502881379237	0.994811385155675	0.99902186730451	0.999977711661081
Coxiellaceae	0.161175898750106	0.425518396463637	0.271744865824822	-0.0166473147489936	0.994811385155675	0.99902186730451	0.999977711661081
Crocinitomicaceae	0.0749347718133046	0.99902186730451	0.760530288508225	-0.0281373485663146	0.994811385155675	0.99902186730451	0.999977711661081
Cryomorphaceae	0.951885776347829	0.0722844554443353	0.0850187715604555	0.00102832910209606	0.994811385155675	0.99902186730451	0.999977711661081
Cryptococcaceae	0.491233090611566	0.79141174500992	0.714531344886412	-0.00900421922379016	0.994811385155675	0.99902186730451	0.999977711661081
Cuniculiplasmataceae	0.668409179545202	0.413935801143114	0.339978944792411	-0.00689059635109382	0.994811385155675	0.99902186730451	0.999977711661081
Cyanobacteriaceae	0.833071226909547	0.996297947435652	0.959226363424153	-0.00314810581966883	0.994811385155675	0.99902186730451	0.999977711661081
Cyanothecaceae	0.485329553553804	0.687838229830553	0.607096604829871	-0.00957663624714881	0.994811385155675	0.99902186730451	0.999977711661081
Cyclobacteriaceae	0.342479738719838	0.345149863513145	0.427645193450667	-0.00983376047281953	0.994811385155675	0.99902186730451	0.999977711661081
Cytophagaceae	0.521358778334728	0.536472616153112	0.6446974172331	-0.00710938702152329	0.994811385155675	0.99902186730451	0.999977711661081
Debaryomycetaceae	0.161963321478392	0.476404771539286	0.451288633948626	-0.0213489363407763	0.994811385155675	0.99902186730451	0.999977711661081
Deferribacteraceae	0.516464110837255	0.988039858648623	0.947616554955403	-0.00720698604716541	0.994811385155675	0.99902186730451	0.999977711661081
Dehalococcoidaceae	0.660482838836026	0.821784749832155	0.906743877280506	-0.00681796051199628	0.994811385155675	0.99902186730451	0.999977711661081
Deinococcaceae	0.661059349489662	0.806315066255506	0.732986584074658	0.00618431963661624	0.994811385155675	0.99902186730451	0.999977711661081
Dermabacteraceae	0.371612437365737	0.716092026487121	0.54080908809708	0.0112005618384544	0.994811385155675	0.99902186730451	0.999977711661081
Dermacoccaceae	0.544876141527588	0.891958337057659	0.839690217348017	0.00910995620208323	0.994811385155675	0.99902186730451	0.999977711661081
Dermatophilaceae	0.23868080780114	0.833512769031683	0.577765558044478	0.0132825806985577	0.994811385155675	0.99902186730451	0.999977711661081
Dermocarpellaceae	0.319332531009564	0.861785610176286	0.806432866947801	-0.0146582294764332	0.994811385155675	0.99902186730451	0.999977711661081
Desulfarculaceae	0.552521350831124	0.707529312304253	0.840160779908317	-0.00912689875317834	0.994811385155675	0.99902186730451	0.999977711661081
Desulfobacteraceae	0.84838139798484	0.518323147928276	0.508555227379371	0.00222361237314189	0.994811385155675	0.99902186730451	0.999977711661081
Desulfobulbaceae	0.798795536884264	0.507559372052032	0.483024077148007	0.00351832111584035	0.994811385155675	0.99902186730451	0.999977711661081
Desulfohalobiaceae	0.273180744498161	0.495397810945292	0.283553890119863	0.014305639996561	0.994811385155675	0.99902186730451	0.999977711661081
Desulfomicrobiaceae	0.969515954100734	0.646709611839704	0.587591761922283	-0.000523602629542152	0.994811385155675	0.99902186730451	0.999977711661081
Desulfovibrionaceae	0.642860779478339	0.861005420797272	0.719978180385626	-0.0120136313365881	0.994811385155675	0.99902186730451	0.999977711661081
Desulfurellaceae	0.175835282613156	0.84184911440523	0.980268171371418	-0.0193677876289703	0.994811385155675	0.99902186730451	0.999977711661081
Desulfurobacteriaceae	0.541353894593132	0.867228548966353	0.740560489300446	-0.00841607118686303	0.994811385155675	0.99902186730451	0.999977711661081
Desulfurococcaceae	0.474248256159729	0.73963860352241	0.883629446505505	-0.0092641758094793	0.994811385155675	0.99902186730451	0.999977711661081
Desulfuromonadaceae	0.877120197254816	0.938581654836062	0.893143829819457	-0.00194872823532803	0.994811385155675	0.99902186730451	0.999977711661081
Dictyoglomaceae	0.573854047494778	0.836611718497927	0.84216609631705	-0.00945531627223652	0.994811385155675	0.99902186730451	0.999977711661081
Dietziaceae	0.906318759969907	0.944005470027225	0.886208771990148	0.00165276406175937	0.994811385155675	0.99902186730451	0.999977711661081
Dipodascaceae	0.238484575960085	0.331007920093713	0.534731904097994	-0.0195380384531395	0.994811385155675	0.99902186730451	0.999977711661081
Dysgonamonadaceae	0.2925899923626	0.150692356854918	0.238116337177345	-0.0157150220756037	0.994811385155675	0.99902186730451	0.999977711661081
Ectothiorhodospiraceae	0.839797117134509	0.924380436658382	0.893458638276088	-0.00288565936220782	0.994811385155675	0.99902186730451	0.999977711661081
Eggerthellaceae	0.475177549056138	0.910147076152704	0.973601438706119	0.0192296764299256	0.994811385155675	0.99902186730451	0.999977711661081
Egibacteraceae	0.579939659208403	0.930356853855568	0.946294552956694	-0.00895251987899862	0.994811385155675	0.99902186730451	0.999977711661081
Egicoccaceae	0.574718152043303	0.678341500283379	0.59315445565143	0.00988220100581876	0.994811385155675	0.99902186730451	0.999977711661081
Elusimicrobiaceae	0.864896645243418	0.535763691721624	0.382274430053198	0.00219494045344344	0.994811385155675	0.99902186730451	0.999977711661081
Emcibacteraceae	0.728272543940516	0.673212236015973	0.654352442104031	-0.00448397560647122	0.994811385155675	0.99902186730451	0.999977711661081
Endomicrobiaceae	0.588569795465354	0.778198480490037	0.686457265610616	-0.00844711172452695	0.994811385155675	0.99902186730451	0.999977711661081
Endozoicomonadaceae	0.804023474565295	0.409221346796397	0.433880629911114	-0.00361370670654704	0.994811385155675	0.99902186730451	0.999977711661081
Enterobacteriaceae	0.894372728592851	0.276213106241094	0.782589214412322	0.00272197820698111	0.994811385155675	0.99902186730451	0.999977711661081
Enterococcaceae	0.841163550013979	0.766972885147954	0.623798709715972	0.00253969040770733	0.994811385155675	0.99902186730451	0.999977711661081
Entomoplasmataceae	0.246108089579847	0.395817866488391	0.415929158982276	-0.0245465373487031	0.994811385155675	0.99902186730451	0.999977711661081
Erwiniaceae	0.411488680009796	0.6845647723701	0.573128076287774	-0.00930727972059716	0.994811385155675	0.99902186730451	0.999977711661081
Erysipelotrichaceae	0.136355054102836	0.325085284630902	0.319799052232652	-0.0280069248976306	0.994811385155675	0.99902186730451	0.999977711661081
Erythrobacteraceae	0.570383770101677	0.664008688741291	0.594265154464033	0.00745412958047953	0.994811385155675	0.99902186730451	0.999977711661081
Eubacteriaceae	0.596925422502268	0.513199544090262	0.804033864173717	0.00699987748463556	0.994811385155675	0.99902186730451	0.999977711661081
Euzebyaceae	0.644920233703266	0.334246670192506	0.280838509050831	0.00811862814830786	0.994811385155675	0.99902186730451	0.999977711661081
Ferrimonadaceae	0.418149609033108	0.752050229869327	0.869441749176882	-0.0120704009162284	0.994811385155675	0.99902186730451	0.999977711661081
Ferroplasmaceae	0.0856555765036777	0.0273675905944328	0.0191019420500062	-0.0302874086641739	0.994811385155675	0.99902186730451	0.999977711661081
Fervidobacteriaceae	0.0579864009303269	0.454145891417007	0.380635917056155	-0.0284342056928957	0.994811385155675	0.99902186730451	0.999977711661081
Fibrobacteraceae	0.601633429391102	0.971488691971151	0.96225089543646	-0.00855337492805711	0.994811385155675	0.99902186730451	0.999977711661081
Fimbriimonadaceae	0.165153314876297	0.394958960891445	0.19154259765406	0.0175108179239334	0.994811385155675	0.99902186730451	0.999977711661081
Flammeovirgaceae	0.110562294205429	0.722350021953798	0.855968140315282	-0.0177156230685923	0.994811385155675	0.99902186730451	0.999977711661081
Flavobacteriaceae	0.125198015203514	0.810797802309583	0.976331340702442	-0.0166393574622654	0.994811385155675	0.99902186730451	0.999977711661081
Francisellaceae	0.284483544521498	0.853357609379977	0.828679824109413	-0.0147692776523048	0.994811385155675	0.99902186730451	0.999977711661081
Frankiaceae	0.590175422790191	0.767434785531939	0.674812991247406	0.00713902939735048	0.994811385155675	0.99902186730451	0.999977711661081
Fusobacteriaceae	0.380963439805284	0.927403192990528	0.934172655592709	-0.0134389208666729	0.994811385155675	0.99902186730451	0.999977711661081
Gallionellaceae	0.741580323487063	0.687592286285692	0.660639347852281	0.00395964876987795	0.994811385155675	0.99902186730451	0.999977711661081
Gemmataceae	0.822994889817011	0.865291119704095	0.977479920187315	0.0031654184906231	0.994811385155675	0.99902186730451	0.999977711661081
Gemmatimonadaceae	0.995528039751203	0.929039514728463	0.946481849082295	-8.01740097315207e-05	0.997464864731264	0.99902186730451	0.999977711661081
Geobacteraceae	0.762575388808062	0.82593439465736	0.841467223072406	0.00405554807139964	0.994811385155675	0.99902186730451	0.999977711661081
Geodermatophilaceae	0.942041281492373	0.61138655913089	0.642464931493048	0.00113120958393586	0.994811385155675	0.99902186730451	0.999977711661081
Gloeobacteraceae	0.679250607958811	0.808232372774206	0.869000139091355	-0.0064567209875281	0.994811385155675	0.99902186730451	0.999977711661081
Gloeomargaritaceae	0.298565509152923	0.350988413623382	0.291503801078478	-0.0150810424679757	0.994811385155675	0.99902186730451	0.999977711661081
Glomerellaceae	0.682394134232088	0.438078140521176	0.458237322615682	0.00501349653140097	0.994811385155675	0.99902186730451	0.999977711661081
Glycomycetaceae	0.63369637609863	0.835848269589373	0.858640167491878	-0.00840944328110521	0.994811385155675	0.99902186730451	0.999977711661081
Gomontiellaceae	0.969699641452717	0.705361072875061	0.5947303036734	-0.000590284436813991	0.994811385155675	0.99902186730451	0.999977711661081
Gordoniaceae	0.431145221874969	0.601154620138261	0.486861623930528	0.0105934879830226	0.994811385155675	0.99902186730451	0.999977711661081
Gottschalkiaceae	0.0660884480926606	0.260792470477706	0.153812426542557	-0.0332140985860592	0.994811385155675	0.99902186730451	0.999977711661081
Granulosicoccaceae	0.553711144721843	0.380966634610074	0.480873799273784	-0.00798445423551776	0.994811385155675	0.99902186730451	0.999977711661081
Hafniaceae	0.437752721441787	0.976531613154352	0.984320403226954	-0.00916819045973631	0.994811385155675	0.99902186730451	0.999977711661081
Hahellaceae	0.31050543104467	0.559900689545273	0.588148100963474	-0.0127752282913494	0.994811385155675	0.99902186730451	0.999977711661081
Halanaerobiaceae	0.690397464587419	0.861803168499612	0.871276401691097	-0.00525720322668262	0.994811385155675	0.99902186730451	0.999977711661081
Halieaceae	0.760965261768202	0.495477874085302	0.447731922489829	0.00370243693429502	0.994811385155675	0.99902186730451	0.999977711661081
Haliscomenobacteraceae	0.110041012850708	0.899754567732667	0.626965981529571	-0.0211969393869907	0.994811385155675	0.99902186730451	0.999977711661081
Haloarculaceae	0.881215761701706	0.780079854716179	0.782590721234378	0.00216824698326939	0.994811385155675	0.99902186730451	0.999977711661081
Halobacteriaceae	0.578936439168728	0.865517358983227	0.744297648905701	0.00856993266325144	0.994811385155675	0.99902186730451	0.999977711661081
Halobacteriovoraceae	0.787499096757549	0.463778167656866	0.487370780408426	-0.00491074082597271	0.994811385155675	0.99902186730451	0.999977711661081
Halobacteroidaceae	0.776329447025814	0.257178383522331	0.258144607541317	0.00402111522943052	0.994811385155675	0.99902186730451	0.999977711661081
Haloferacaceae	0.726382571289975	0.448365711169252	0.464267343561988	0.00469330086089545	0.994811385155675	0.99902186730451	0.999977711661081
Halomonadaceae	0.987826383415715	0.983540098629226	0.980584888048716	0.000192441765389654	0.997464864731264	0.99902186730451	0.999977711661081
Halorubraceae	0.746051317218652	0.588167526308748	0.603453761742694	0.0047399625775428	0.994811385155675	0.99902186730451	0.999977711661081
Halothiobacillaceae	0.703271226425281	0.772304971246454	0.823226744815101	-0.00662225050881127	0.994811385155675	0.99902186730451	0.999977711661081
Hapalosiphonaceae	0.456861224318409	0.930823973193421	0.997903297999867	0.0105353149014097	0.994811385155675	0.99902186730451	0.999977711661081
Helicobacteraceae	0.33440208954293	0.935421362352111	0.981232799472088	-0.0121323369416692	0.994811385155675	0.99902186730451	0.999977711661081
Heliobacteriaceae	0.807561746259374	0.622914417518957	0.680374610119375	0.00323398967203675	0.994811385155675	0.99902186730451	0.999977711661081
Holosporaceae	0.54258028856285	0.456402271004049	0.558247063721395	-0.00943422225892144	0.994811385155675	0.99902186730451	0.999977711661081
Hungateiclostridiaceae	0.622947149580454	0.86221202387935	0.880380446566846	-0.00541540058574116	0.994811385155675	0.99902186730451	0.999977711661081
Hydrogenophilaceae	0.658424141901108	0.99041039351129	0.809819492178472	-0.00745903681071502	0.994811385155675	0.99902186730451	0.999977711661081
Hydrogenothermaceae	0.391119754611657	0.733812498103978	0.67069852457917	-0.0144553212773307	0.994811385155675	0.99902186730451	0.999977711661081
Hyellaceae	0.960393493537476	0.304959370970629	0.52207134763454	-0.000954550207755516	0.994811385155675	0.99902186730451	0.999977711661081
Hymenobacteraceae	0.561787657211349	0.446608373550922	0.565884779875	-0.00738502711954042	0.994811385155675	0.99902186730451	0.999977711661081
Hyphomicrobiaceae	0.865494790690955	0.87900708766846	0.817459252993688	0.00223652543844283	0.994811385155675	0.99902186730451	0.999977711661081
Hyphomonadaceae	0.92151892577577	0.528828196722221	0.484710642065329	0.00130895450062389	0.994811385155675	0.99902186730451	0.999977711661081
Iamiaceae	0.921352050277823	0.692119453291815	0.664045083151211	0.00156748539270209	0.994811385155675	0.99902186730451	0.999977711661081
Ichthyobacteriaceae	0.619858756756178	0.681288628244188	0.73532798882152	-0.00866414371877441	0.994811385155675	0.99902186730451	0.999977711661081
Idiomarinaceae	0.0930397071396887	0.756677253949063	0.99673343963061	-0.0209190301129931	0.994811385155675	0.99902186730451	0.999977711661081
Ignavibacteriaceae	0.584467227968289	0.0194844017881231	0.0342929640915452	0.00863034945887351	0.994811385155675	0.99902186730451	0.999977711661081
Ilumatobacteraceae	0.819749095601453	0.91994067537364	0.930738350499946	-0.00440786798824857	0.994811385155675	0.99902186730451	0.999977711661081
Immundisolibacteraceae	0.703931499024685	0.468007825088452	0.465509125929617	0.00538649774529074	0.994811385155675	0.99902186730451	0.999977711661081
Intrasporangiaceae	0.365366977468539	0.835156156256772	0.645229386184922	0.0126476732916679	0.994811385155675	0.99902186730451	0.999977711661081
Isosphaeraceae	0.389738728123719	0.840715348113817	0.63857358024097	0.012324696177389	0.994811385155675	0.99902186730451	0.999977711661081
Jiangellaceae	0.129628113714881	0.960812895192631	0.658545565769397	0.023096605800147	0.994811385155675	0.99902186730451	0.999977711661081
Jonesiaceae	0.934023916601666	0.78033416348296	0.564535347533157	-0.00134453269317688	0.994811385155675	0.99902186730451	0.999977711661081
Kangiellaceae	0.15539295137997	0.275060005280594	0.246769354304016	-0.0209105128507054	0.994811385155675	0.99902186730451	0.999977711661081
Kineosporiaceae	0.395286166872546	0.212975588046571	0.193945415893844	0.0151123039778244	0.994811385155675	0.99902186730451	0.999977711661081
Kiritimatiellaceae	0.409274290359724	0.202079854129757	0.144403861902349	0.0139808681246366	0.994811385155675	0.99902186730451	0.999977711661081
Kofleriaceae	0.832219235752345	0.722017456013448	0.622917892227746	0.00331875927308818	0.994811385155675	0.99902186730451	0.999977711661081
Kosmotogaceae	0.200706818912913	0.65828064492486	0.588208921285029	-0.0147516897503753	0.994811385155675	0.99902186730451	0.999977711661081
Ktedonosporobacteraceae	0.904192690256113	0.611480831020757	0.679924834779293	-0.00182736321793821	0.994811385155675	0.99902186730451	0.999977711661081
Labilitrichaceae	0.768843242755389	0.797688266490367	0.723313240061859	-0.00435201764076436	0.994811385155675	0.99902186730451	0.999977711661081
Lachnospiraceae	0.597813859362492	0.937309605237569	0.697502108214095	-0.0067754310895704	0.994811385155675	0.99902186730451	0.999977711661081
Lacipirellulaceae	0.31582479088668	0.180598093216183	0.188988966887854	-0.0142387146739459	0.994811385155675	0.99902186730451	0.999977711661081
Lactobacillaceae	0.254406364925292	0.472876489475788	0.377587245243885	-0.0182230639384296	0.994811385155675	0.99902186730451	0.999977711661081
Legionellaceae	0.271641014373818	0.491064483536022	0.39901336284208	-0.0116729641837817	0.994811385155675	0.99902186730451	0.999977711661081
Leptolyngbyaceae	0.558517113078535	0.927512150722008	0.99356443154536	-0.00746039262074458	0.994811385155675	0.99902186730451	0.999977711661081
Leptospiraceae	0.504786811244813	0.618709860013957	0.785219541889309	-0.00784455724628871	0.994811385155675	0.99902186730451	0.999977711661081
Leptotrichiaceae	0.307714580835107	0.907744048493884	0.806632546309121	-0.0146614201942648	0.994811385155675	0.99902186730451	0.999977711661081
Leuconostocaceae	0.0136239280165673	0.222962935132556	0.173373081508953	-0.0449592025950802	0.994811385155675	0.99902186730451	0.999977711661081
Lichenihabitantaceae	0.198765051717961	0.98808883731068	0.734200269640913	0.0189403645752862	0.994811385155675	0.99902186730451	0.999977711661081
Limnochordaceae	0.938663600312517	0.847150355128252	0.825698450796502	-0.00117640188201154	0.994811385155675	0.99902186730451	0.999977711661081
Listeriaceae	0.389656456426279	0.850656830414542	0.846847452602296	-0.0105093447242977	0.994811385155675	0.99902186730451	0.999977711661081
Litoricolaceae	0.340947196886598	0.0214491488801045	0.0126863457133488	0.013588659263208	0.994811385155675	0.99902186730451	0.999977711661081
Magnetococcaceae	0.746410145375422	0.384435738280591	0.326452847015758	0.00439512656536938	0.994811385155675	0.99902186730451	0.999977711661081
Malasseziaceae	0.771921482822516	0.478633299687452	0.53518840445808	-0.00502885112831076	0.994811385155675	0.99902186730451	0.999977711661081
Marinifilaceae	0.193536728859005	0.603702738904036	0.728325482175102	-0.0191539766754992	0.994811385155675	0.99902186730451	0.999977711661081
Marinilabiliaceae	0.0860574147669958	0.365394559126857	0.40930415209564	-0.0231905059188323	0.994811385155675	0.99902186730451	0.999977711661081
Mariprofundaceae	0.652417276409909	0.231769152235097	0.273636734781585	0.00551220981277947	0.994811385155675	0.99902186730451	0.999977711661081
Melioribacteraceae	0.496964704671071	0.325431488550418	0.408780952829878	-0.0113691733881493	0.994811385155675	0.99902186730451	0.999977711661081
Merismopediaceae	0.920898251121796	0.840008540158744	0.560848127666829	0.00118295582426462	0.994811385155675	0.99902186730451	0.999977711661081
Mesoaciditogaceae	0.740500924369214	0.177105354827331	0.236070775879897	-0.00520179270492356	0.994811385155675	0.99902186730451	0.999977711661081
Methanobacteriaceae	0.850013346266923	0.730160565330979	0.928038309156911	0.00718083221156364	0.994811385155675	0.99902186730451	0.999977711661081
Methanocaldococcaceae	0.263234990009692	0.961008291858869	0.944162051605629	-0.0225439109194284	0.994811385155675	0.99902186730451	0.999977711661081
Methanocellaceae	0.776729429798445	0.491207461046903	0.604546955767676	-0.00414917255493235	0.994811385155675	0.99902186730451	0.999977711661081
Methanococcaceae	0.300050383946515	0.613475518070292	0.50318392065458	-0.0141989460449365	0.994811385155675	0.99902186730451	0.999977711661081
Methanocorpusculaceae	0.483571679325652	0.827479184107638	0.705234721604997	-0.00893819466586291	0.994811385155675	0.99902186730451	0.999977711661081
Methanomassiliicoccaceae	0.998242990499895	0.485567628966219	0.528114665477812	2.96877725132285e-05	0.998242990499895	0.99902186730451	0.999977711661081
Methanomicrobiaceae	0.773812022735572	0.708623810023928	0.710039529851562	-0.00340033369160795	0.994811385155675	0.99902186730451	0.999977711661081
Methanopyraceae	0.411477647126486	0.768394027521706	0.763621266885778	-0.0151951209889877	0.994811385155675	0.99902186730451	0.999977711661081
Methanoregulaceae	0.875076794351194	0.730671026158185	0.723096593868212	-0.00241583307818159	0.994811385155675	0.99902186730451	0.999977711661081
Methanosarcinaceae	0.651485003263196	0.891822572330416	0.968234398462135	-0.00446607857581765	0.994811385155675	0.99902186730451	0.999977711661081
Methanospirillaceae	0.511192826594066	0.342881183452385	0.799719704522936	-0.00832569495795115	0.994811385155675	0.99902186730451	0.999977711661081
Methanothermaceae	0.192091454323619	0.106387925767767	0.248789056121099	-0.0264854555239081	0.994811385155675	0.99902186730451	0.999977711661081
Methanotrichaceae	0.747645910871654	0.332137008272203	0.36131130567528	0.00546165113521741	0.994811385155675	0.99902186730451	0.999977711661081
Methylacidiphilaceae	0.96839315998668	0.69772871839729	0.759232337303956	0.000584383319236918	0.994811385155675	0.99902186730451	0.999977711661081
Methylobacteriaceae	0.552993803953253	0.550414806772612	0.465823719944977	0.00841666007253826	0.994811385155675	0.99902186730451	0.999977711661081
Methylococcaceae	0.568706929917703	0.909690736577147	0.878236262233896	-0.0062460909859871	0.994811385155675	0.99902186730451	0.999977711661081
Methylocystaceae	0.50881829255564	0.960935621273135	0.981648648742042	-0.00902299916104721	0.994811385155675	0.99902186730451	0.999977711661081
Methylophilaceae	0.925457613548188	0.79106121207044	0.634332792791951	0.00101283413277619	0.994811385155675	0.99902186730451	0.999977711661081
Microbacteriaceae	0.443893221048079	0.818210676286748	0.671131351130827	0.0103513830085236	0.994811385155675	0.99902186730451	0.999977711661081
Microbulbiferaceae	0.995464716011724	0.657691625062262	0.60036106753842	-6.80485176278104e-05	0.997464864731264	0.99902186730451	0.999977711661081
Micrococcaceae	0.434257507122452	0.393807802648584	0.471052400430121	-0.0112280374565219	0.994811385155675	0.99902186730451	0.999977711661081
Microcoleaceae	0.147146749608553	0.614456698273045	0.558719188539169	-0.015200752435487	0.994811385155675	0.99902186730451	0.999977711661081
Microcystaceae	0.26046846996719	0.777759269802141	0.705479854854072	-0.0124251566532261	0.994811385155675	0.99902186730451	0.999977711661081
Micromonosporaceae	0.524155488304982	0.626429471481908	0.551158493534639	0.00938396370336471	0.994811385155675	0.99902186730451	0.999977711661081
Moraxellaceae	0.453594231840941	0.935179966670608	0.999977711661081	-0.00794880783938543	0.994811385155675	0.99902186730451	0.999977711661081
Morganellaceae	0.248457437548192	0.969461308673804	0.836109859465112	-0.012231465432306	0.994811385155675	0.99902186730451	0.999977711661081
Moritellaceae	0.672089877563403	0.429031780773186	0.359980046434483	0.00630389737090742	0.994811385155675	0.99902186730451	0.999977711661081
Muribaculaceae	0.531800668027267	0.190062977612424	0.283813166610962	-0.0106073167387563	0.994811385155675	0.99902186730451	0.999977711661081
Mycobacteriaceae	0.644009390978694	0.773907531499875	0.711843783870169	0.00620099430683181	0.994811385155675	0.99902186730451	0.999977711661081
Mycoplasmataceae	0.142363730498651	0.279839365856048	0.288122486969356	-0.0222550699492774	0.994811385155675	0.99902186730451	0.999977711661081
Mycosphaerellaceae	0.668521382263712	0.248009605247547	0.223409647020549	0.00524724761445268	0.994811385155675	0.99902186730451	0.999977711661081
Myxococcaceae	0.787315893481398	0.773656870667983	0.72238350647261	0.00404274408052595	0.994811385155675	0.99902186730451	0.999977711661081
Nakamurellaceae	0.892508295786512	0.491095119165634	0.509538740218372	0.00203870642693836	0.994811385155675	0.99902186730451	0.999977711661081
Natranaerobiaceae	0.944800734258379	0.664587556359604	0.613484413929376	0.00104490406645202	0.994811385155675	0.99902186730451	0.999977711661081
Natrialbaceae	0.415040522632652	0.665743648494917	0.582226575420919	0.0102231068701821	0.994811385155675	0.99902186730451	0.999977711661081
Nautiliaceae	0.314314034453209	0.761154835917223	0.758390431780778	-0.0165554420326257	0.994811385155675	0.99902186730451	0.999977711661081
Nectriaceae	0.41200739352035	0.615453822965732	0.799739500469063	-0.0088806097158471	0.994811385155675	0.99902186730451	0.999977711661081
Neisseriaceae	0.738362503943054	0.891405403678146	0.981014225584923	-0.00383032007333278	0.994811385155675	0.99902186730451	0.999977711661081
Nitrosomonadaceae	0.4357799987983	0.71583685581604	0.866568407495305	-0.00911346060081439	0.994811385155675	0.99902186730451	0.999977711661081
Nitrosopumilaceae	0.29302032368187	0.791649293258686	0.83350314859339	-0.0194586017185036	0.994811385155675	0.99902186730451	0.999977711661081
Nitrososphaeraceae	0.624644078560678	0.955325275414611	0.847613749065633	0.00650489081778966	0.994811385155675	0.99902186730451	0.999977711661081
Nitrospiraceae	0.757779385754447	0.413175394315723	0.483466898691258	-0.00372537905908062	0.994811385155675	0.99902186730451	0.999977711661081
Nocardiaceae	0.654493779222302	0.767799750044063	0.755109025386516	0.00607019599409991	0.994811385155675	0.99902186730451	0.999977711661081
Nocardioidaceae	0.442267318216465	0.789575871595071	0.677287524597746	0.0110938464386568	0.994811385155675	0.99902186730451	0.999977711661081
Nocardiopsaceae	0.458973766748347	0.534509774605294	0.405640858578402	0.0100282538164228	0.994811385155675	0.99902186730451	0.999977711661081
Nostocaceae	0.348999318364667	0.689993729352465	0.545160450196413	-0.00861357354881081	0.994811385155675	0.99902186730451	0.999977711661081
Oceanospirillaceae	0.594205782298079	0.49905822217738	0.678354167013083	-0.00601375974580972	0.994811385155675	0.99902186730451	0.999977711661081
Odoribacteraceae	0.882673521069678	0.322044453017649	0.352823115490368	-0.00350858643042642	0.994811385155675	0.99902186730451	0.999977711661081
Oleiphilaceae	0.856349533302953	0.0593084131484661	0.075975846992022	-0.00255940045979463	0.994811385155675	0.99902186730451	0.999977711661081
Opitutaceae	0.723286189984686	0.839449622544662	0.710583027594559	0.00455164300677018	0.994811385155675	0.99902186730451	0.999977711661081
Orbaceae	0.305096329201804	0.768144823855256	0.930032970436906	-0.0149802144085624	0.994811385155675	0.99902186730451	0.999977711661081
Oscillatoriaceae	0.876787385348965	0.461101539320879	0.410458665253573	-0.00199059907557145	0.994811385155675	0.99902186730451	0.999977711661081
Oscillospiraceae	0.683259115192371	0.290204633521466	0.221274123913282	-0.00579997789901754	0.994811385155675	0.99902186730451	0.999977711661081
Oxalobacteraceae	0.554710996678852	0.9678670262826	0.967659593109878	-0.00937864388837545	0.994811385155675	0.99902186730451	0.999977711661081
Paenibacillaceae	0.76684496562563	0.74667799342932	0.841864326865201	-0.00311659912553933	0.994811385155675	0.99902186730451	0.999977711661081
Paludibacteraceae	0.152398621679283	0.277142384612924	0.452612540925522	-0.0253614172521554	0.994811385155675	0.99902186730451	0.999977711661081
Parachlamydiaceae	0.505233587671368	0.834231846194974	0.955078760245082	-0.0102271498554728	0.994811385155675	0.99902186730451	0.999977711661081
Parvularculaceae	0.552414637949698	0.941285773327163	0.581113639092364	0.010020465445487	0.994811385155675	0.99902186730451	0.999977711661081
Pasteurellaceae	0.121846733021696	0.953557038650669	0.80390411828531	-0.020768610772914	0.994811385155675	0.99902186730451	0.999977711661081
Pectobacteriaceae	0.7358966286282	0.71202834951023	0.793925810472446	-0.00379316278393331	0.994811385155675	0.99902186730451	0.999977711661081
Pelagibacteraceae	0.105655517870736	0.348794828031593	0.27025230859823	-0.0320008218588239	0.994811385155675	0.99902186730451	0.999977711661081
Peptococcaceae	0.860372631675677	0.728514047465527	0.774247886024426	-0.00187919244583392	0.994811385155675	0.99902186730451	0.999977711661081
Peptoniphilaceae	0.885020657382447	0.377844654475916	0.377416729057321	-0.00170103352516383	0.994811385155675	0.99902186730451	0.999977711661081
Peptostreptococcaceae	0.894063419563176	0.955930780997926	0.981861078656427	0.00143661538468514	0.994811385155675	0.99902186730451	0.999977711661081
Petrotogaceae	0.181036504825421	0.452057402259838	0.352883530268292	-0.0228628201791973	0.994811385155675	0.99902186730451	0.999977711661081
Phaffomycetaceae	0.0230349454301128	0.399111513106469	0.351226476550296	-0.0347961452698277	0.994811385155675	0.99902186730451	0.999977711661081
Phycisphaeraceae	0.418654905094128	0.981061007818953	0.746660802908344	0.0149583938169296	0.994811385155675	0.99902186730451	0.999977711661081
Phyllobacteriaceae	0.972250679997176	0.80471719452899	0.770590022945825	-0.000433447999708736	0.995445527233689	0.99902186730451	0.999977711661081
Pichiaceae	0.0291473580954867	0.312922030479897	0.214829018117867	-0.0304937852783234	0.994811385155675	0.99902186730451	0.999977711661081
Picrophilaceae	0.670111486510473	0.940026757732769	0.969715163718318	-0.0102585885963614	0.994811385155675	0.99902186730451	0.999977711661081
Pirellulaceae	0.73269900030633	0.450169863396423	0.449040199745067	0.0040222843954142	0.994811385155675	0.99902186730451	0.999977711661081
Piscirickettsiaceae	0.659414897031717	0.34757214499024	0.418968962514947	-0.00478642015720105	0.994811385155675	0.99902186730451	0.999977711661081
Planctomycetaceae	0.930935715500821	0.835441175619687	0.876422516091389	-0.00107934617144274	0.994811385155675	0.99902186730451	0.999977711661081
Planococcaceae	0.441188232457191	0.833034030747233	0.911754667218897	-0.00853253974278141	0.994811385155675	0.99902186730451	0.999977711661081
Polyangiaceae	0.561631084294767	0.891570142820324	0.746067026762193	0.0080645878815575	0.994811385155675	0.99902186730451	0.999977711661081
Porphyromonadaceae	0.497617521827219	0.0434496106834957	0.0796329561693793	-0.0102869781125464	0.994811385155675	0.99902186730451	0.999977711661081
Prevotellaceae	0.108772589713114	0.0659184886917404	0.274443761900103	-0.0325379394565143	0.994811385155675	0.99902186730451	0.999977711661081
Prochloraceae	0.253523855459782	0.66822995469748	0.765356596415378	-0.0178914399653427	0.994811385155675	0.99902186730451	0.999977711661081
Prochlorotrichaceae	0.567099277418129	0.0835328763677018	0.102632030776797	0.00745520030121959	0.994811385155675	0.99902186730451	0.999977711661081
Prolixibacteraceae	0.223595148517553	0.253445772786939	0.350959655083768	-0.0154349122844632	0.994811385155675	0.99902186730451	0.999977711661081
Promicromonosporaceae	0.134421980709244	0.846901917047298	0.581001399463759	0.0208110517162453	0.994811385155675	0.99902186730451	0.999977711661081
Propionibacteriaceae	0.752322173342316	0.958514311330514	0.923856159260147	0.0042796545528489	0.994811385155675	0.99902186730451	0.999977711661081
Pseudanabaenaceae	0.386551953089414	0.645328871027888	0.429651375551279	-0.0112180602643204	0.994811385155675	0.99902186730451	0.999977711661081
Pseudoalteromonadaceae	0.334646517477246	0.743650587577059	0.902633111466629	-0.0111626032081828	0.994811385155675	0.99902186730451	0.999977711661081
Pseudomonadaceae	0.903068111865662	0.865501313508184	0.910247890433213	-0.00164929901337239	0.994811385155675	0.99902186730451	0.999977711661081
Pseudonocardiaceae	0.616089659932612	0.783632904246509	0.713502731891267	0.00707556013784799	0.994811385155675	0.99902186730451	0.999977711661081
Psychromonadaceae	0.718610251046469	0.921849402590301	0.991522998024441	0.00557854979372875	0.994811385155675	0.99902186730451	0.999977711661081
Puniceicoccaceae	0.55702730834006	0.0894106683329364	0.103264578601277	0.0105674356025435	0.994811385155675	0.99902186730451	0.999977711661081
Pyriculariaceae	0.539466833965062	0.767827107553064	0.681770299090717	-0.00619610556426376	0.994811385155675	0.99902186730451	0.999977711661081
Pyrodictiaceae	0.542577049809234	0.905608200541536	0.819341758703589	-0.00897093808274776	0.994811385155675	0.99902186730451	0.999977711661081
Rhizobiaceae	0.978062729675824	0.734940967703507	0.749495309623375	0.000339826903991424	0.99683797812469	0.99902186730451	0.999977711661081
Rhodanobacteraceae	0.962719375192402	0.650358566342591	0.644551654108754	0.000647449094450737	0.994811385155675	0.99902186730451	0.999977711661081
Rhodobacteraceae	0.962371372719052	0.779221077517551	0.780423222083511	0.000619161708417991	0.994811385155675	0.99902186730451	0.999977711661081
Rhodobiaceae	0.710140115030269	0.598254496843531	0.617098867374692	-0.00525533374457715	0.994811385155675	0.99902186730451	0.999977711661081
Rhodocyclaceae	0.555956575405278	0.994762683837574	0.722168035923957	0.00778817289063957	0.994811385155675	0.99902186730451	0.999977711661081
Rhodospirillaceae	0.931834383581082	0.629169077402629	0.639518197249545	0.00114599971928071	0.994811385155675	0.99902186730451	0.999977711661081
Rhodothermaceae	0.564510065412039	0.996850615496439	0.897493918357418	-0.00840285049567464	0.994811385155675	0.99902186730451	0.999977711661081
Rickettsiaceae	0.0860594079029045	0.416936308385228	0.433887863079013	-0.0278892211792077	0.994811385155675	0.99902186730451	0.999977711661081
Rikenellaceae	0.384767145686782	0.631121935038181	0.626786608460791	-0.0288087682689943	0.994811385155675	0.99902186730451	0.999977711661081
Rivulariaceae	0.503911781891401	0.713603024396984	0.73791513404255	-0.00980349807839386	0.994811385155675	0.99902186730451	0.999977711661081
Roseiflexaceae	0.306586088995451	0.723415784874422	0.568669471573085	-0.0140762062005662	0.994811385155675	0.99902186730451	0.999977711661081
Ruaniaceae	0.484465525180286	0.594403617391626	0.530921939356476	0.0105854104519045	0.994811385155675	0.99902186730451	0.999977711661081
Rubrobacteraceae	0.444901562140515	0.921163837841889	0.729832667933925	0.0103220650796765	0.994811385155675	0.99902186730451	0.999977711661081
Ruminococcaceae	0.943067056470851	0.618446013920128	0.503183244684131	-0.000809675483471817	0.994811385155675	0.99902186730451	0.999977711661081
Saccharomycetaceae	0.155271273638844	0.232792807492812	0.11868000808423	-0.0188769685744841	0.994811385155675	0.99902186730451	0.999977711661081
Saccharospirillaceae	0.947609556368872	0.597830032783537	0.641029889105379	0.000801420506368174	0.994811385155675	0.99902186730451	0.999977711661081
Salinisphaeraceae	0.0944505786628922	0.549203203805453	0.326396310234599	-0.0295307496131332	0.994811385155675	0.99902186730451	0.999977711661081
Salinivirgaceae	0.00316803759680252	0.785846617758451	0.492125953090044	-0.0486262895315483	0.994811385155675	0.99902186730451	0.999977711661081
Sandaracinaceae	0.656690139800334	0.768510298762132	0.691041950365432	0.00682496489076465	0.994811385155675	0.99902186730451	0.999977711661081
Sanguibacteraceae	0.849077171145848	0.923250684611282	0.955427944148631	0.00278767666546866	0.994811385155675	0.99902186730451	0.999977711661081
Saprospiraceae	0.0941064624140139	0.595468888858799	0.415913949305368	-0.0298169196792405	0.994811385155675	0.99902186730451	0.999977711661081
Schizosaccharomycetaceae	0.274988488483395	0.8091018993035	0.764233188799109	-0.0178469623303254	0.994811385155675	0.99902186730451	0.999977711661081
Sclerotiniaceae	0.499894508799905	0.856892627425536	0.928062727415317	-0.00895927831833408	0.994811385155675	0.99902186730451	0.999977711661081
Scytonemataceae	0.245411329521936	0.452944800679573	0.671034366236463	-0.018208480880887	0.994811385155675	0.99902186730451	0.999977711661081
Sedimentisphaeraceae	0.798031163533505	0.548973059712774	0.584971575085057	-0.00316615122194466	0.994811385155675	0.99902186730451	0.999977711661081
Segniliparaceae	0.856517050961911	0.492247339027397	0.538838809499134	-0.00308640286113339	0.994811385155675	0.99902186730451	0.999977711661081
Selenomonadaceae	0.965294456012926	0.943337566374932	0.938892243139903	0.000639456007873619	0.994811385155675	0.99902186730451	0.999977711661081
Shewanellaceae	0.335039605687858	0.939680538128645	0.76234107902502	-0.0103019440780297	0.994811385155675	0.99902186730451	0.999977711661081
Silvanigrellaceae	0.195674708785669	0.42992496707291	0.484865000184211	-0.0253998631962388	0.994811385155675	0.99902186730451	0.999977711661081
Simkaniaceae	0.442274272000773	0.311231794637608	0.320672382520251	0.014743908578431	0.994811385155675	0.99902186730451	0.999977711661081
Sinobacteraceae	0.782560377655	0.831995448648082	0.734654748400509	0.00409060995349737	0.994811385155675	0.99902186730451	0.999977711661081
Solibacteraceae	0.956475859509109	0.352591193522201	0.487473334505992	0.000745038544331401	0.994811385155675	0.99902186730451	0.999977711661081
Sordariaceae	0.98656964288144	0.731047032313214	0.609804806479656	0.000206781575808674	0.997464864731264	0.99902186730451	0.999977711661081
Sphaerobacteraceae	0.41887403179807	0.859325208367459	0.686231710724208	0.0119565194173711	0.994811385155675	0.99902186730451	0.999977711661081
Sphingobacteriaceae	0.17899980750789	0.319692547986715	0.506956012679546	-0.0124076069438788	0.994811385155675	0.99902186730451	0.999977711661081
Sphingomonadaceae	0.936034506820079	0.770885856347203	0.770454628808846	0.00102193369316845	0.994811385155675	0.99902186730451	0.999977711661081
Spirochaetaceae	0.930362655513426	0.937231540216536	0.871994800180085	-0.000906936200779817	0.994811385155675	0.99902186730451	0.999977711661081
Spiroplasmataceae	0.328243788771146	0.718081153553602	0.713156850792367	-0.0177481885831033	0.994811385155675	0.99902186730451	0.999977711661081
Spongiibacteraceae	0.431853030057829	0.998981184977981	0.952380158386497	-0.0108037201588382	0.994811385155675	0.99902186730451	0.999977711661081
Sporichthyaceae	0.612267435081862	0.434389246187268	0.523282846179611	-0.00864349532292163	0.994811385155675	0.99902186730451	0.999977711661081
Sporolactobacillaceae	0.199831550671394	0.952952635919679	0.866556819455227	-0.0147029098502979	0.994811385155675	0.99902186730451	0.999977711661081
Sporomusaceae	0.432187389762499	0.639848555088029	0.55501378630946	0.00824875633498366	0.994811385155675	0.99902186730451	0.999977711661081
Staphylococcaceae	0.173531057412889	0.489236821807113	0.493713487267494	-0.0190605823005891	0.994811385155675	0.99902186730451	0.999977711661081
Steroidobacteraceae	0.243370756940534	0.873715491651523	0.885075357567564	-0.0162764874988781	0.994811385155675	0.99902186730451	0.999977711661081
Sterolibacteriaceae	0.711281647480672	0.456236761326658	0.472380467860694	-0.00529645325864017	0.994811385155675	0.99902186730451	0.999977711661081
Streptococcaceae	0.611869486021422	0.548731023373862	0.608430031079618	-0.0131030720609392	0.994811385155675	0.99902186730451	0.999977711661081
Streptomycetaceae	0.590211496550816	0.74666381964827	0.673030287702642	0.00750168549216279	0.994811385155675	0.99902186730451	0.999977711661081
Streptosporangiaceae	0.606828280164834	0.970047384664077	0.871979562878127	0.00695369604640773	0.994811385155675	0.99902186730451	0.999977711661081
Succinivibrionaceae	0.0987146632015657	0.941125358883689	0.863193776383328	-0.0247306242383097	0.994811385155675	0.99902186730451	0.999977711661081
Sulfolobaceae	0.341291755613798	0.879045404908533	0.863207675357574	-0.0112922607471032	0.994811385155675	0.99902186730451	0.999977711661081
Sutterellaceae	0.991684926692552	0.369879962558195	0.329642989013387	0.000234789522493736	0.997464864731264	0.99902186730451	0.999977711661081
Symbiobacteriaceae	0.882534413799216	0.965490072959458	0.979949997787992	-0.00234917252252484	0.994811385155675	0.99902186730451	0.999977711661081
Synechococcaceae	0.840373688431207	0.835502713444039	0.889915746395386	-0.0026517753368497	0.994811385155675	0.99902186730451	0.999977711661081
Synergistaceae	0.262731938090922	0.539585287449943	0.630978106689549	-0.0193732296459231	0.994811385155675	0.99902186730451	0.999977711661081
Syntrophaceae	0.453237341965325	0.802505547521658	0.826642146155642	-0.0102766981665185	0.994811385155675	0.99902186730451	0.999977711661081
Syntrophobacteraceae	0.905780119632082	0.977736292213176	0.918453612348836	0.0015867852220048	0.994811385155675	0.99902186730451	0.999977711661081
Syntrophomonadaceae	0.849243193921052	0.947125542252065	0.86745841631823	-0.00254737144678319	0.994811385155675	0.99902186730451	0.999977711661081
Tannerellaceae	0.920913710595684	0.128199316043298	0.122287095153053	-0.00280516028899743	0.994811385155675	0.99902186730451	0.999977711661081
Tepidiformaceae	0.760190700236054	0.620894965309609	0.846184701167266	-0.00463596112582283	0.994811385155675	0.99902186730451	0.999977711661081
Thermaceae	0.412819026538863	0.788552410532778	0.626678955022905	0.0104764756006957	0.994811385155675	0.99902186730451	0.999977711661081
Thermoactinomycetaceae	0.812757247011497	0.590569273466863	0.579196870554947	0.00274755958422455	0.994811385155675	0.99902186730451	0.999977711661081
Thermoanaerobacteraceae	0.48877010993341	0.769640263920139	0.721611242461661	-0.00743841864331257	0.994811385155675	0.99902186730451	0.999977711661081
Thermoanaerobacterales Family III. Incertae Sedis	0.226982654470728	0.746024741216341	0.673244636659018	-0.0144976024686449	0.994811385155675	0.99902186730451	0.999977711661081
Thermoanaerobacterales Family IV. Incertae Sedis	0.924640993420532	0.401696395932614	0.480179257445959	-0.000971102708205797	0.994811385155675	0.99902186730451	0.999977711661081
Thermococcaceae	0.730340292264528	0.899298540412582	0.935912829011244	-0.0037846936205082	0.994811385155675	0.99902186730451	0.999977711661081
Thermodesulfobacteriaceae	0.3818598942753	0.9827572241545	0.984348895420779	-0.0106723089472782	0.994811385155675	0.99902186730451	0.999977711661081
Thermodesulfobiaceae	0.953508441801231	0.815509022051549	0.888758798244719	0.00113701585206399	0.994811385155675	0.99902186730451	0.999977711661081
Thermofilaceae	0.840316668186789	0.959264260305453	0.866893903621109	0.00365360569028273	0.994811385155675	0.99902186730451	0.999977711661081
Thermoguttaceae	0.25546465897794	0.212462334544792	0.155103690187745	0.0165002149246477	0.994811385155675	0.99902186730451	0.999977711661081
Thermomicrobiaceae	0.586518933162266	0.684350593127024	0.816700872700147	-0.00944439562993999	0.994811385155675	0.99902186730451	0.999977711661081
Thermomonosporaceae	0.707666187018205	0.545926008866652	0.538676037994468	0.00578196537846987	0.994811385155675	0.99902186730451	0.999977711661081
Thermoplasmataceae	0.230987847215804	0.163803214558512	0.273698351826256	-0.0247123020420494	0.994811385155675	0.99902186730451	0.999977711661081
Thermoproteaceae	0.72066111500793	0.723381255483387	0.810182798647469	-0.00500000431111984	0.994811385155675	0.99902186730451	0.999977711661081
Thermotogaceae	0.222271614275922	0.878304232940241	0.914081314383647	-0.0147993308898794	0.994811385155675	0.99902186730451	0.999977711661081
Thioalkalibacteraceae	0.708540749185177	0.298905700761674	0.296601617613387	0.00567975740497447	0.994811385155675	0.99902186730451	0.999977711661081
Thioalkalispiraceae	0.894161271898365	0.337830285107127	0.351983023225128	0.00181071139375556	0.994811385155675	0.99902186730451	0.999977711661081
Thiobacillaceae	0.41135277541854	0.507262799478606	0.695708345135569	-0.0128736884364967	0.994811385155675	0.99902186730451	0.999977711661081
Thiotrichaceae	0.192650548019699	0.859716693221994	0.663914669168896	-0.0178822000827286	0.994811385155675	0.99902186730451	0.999977711661081
Tissierellaceae	0.91449882394333	0.772274587873151	0.701380302122292	-0.00125921477549883	0.994811385155675	0.99902186730451	0.999977711661081
Tolypothrichaceae	0.0972435162805106	0.692201299088145	0.80647021150998	-0.0303643371580727	0.994811385155675	0.99902186730451	0.999977711661081
Trichocomaceae	0.183289298237433	0.548196242776683	0.591410078142926	-0.0190394149898596	0.994811385155675	0.99902186730451	0.999977711661081
Trichomonascaceae	0.331405109060059	0.466709519137187	0.45570688155475	-0.0134309891580167	0.994811385155675	0.99902186730451	0.999977711661081
Trueperaceae	0.713294031568873	0.765557229599014	0.628934423891163	-0.00589962649026417	0.994811385155675	0.99902186730451	0.999977711661081
Tsukamurellaceae	0.394838074906294	0.53687997689778	0.419024122229502	0.0124431891909823	0.994811385155675	0.99902186730451	0.999977711661081
Unclassified Acidobacteria Phylum	0.077956408253903	0.493954540355731	0.241070537227153	-0.0375090850408046	0.994811385155675	0.99902186730451	0.999977711661081
Unclassified Actinobacteria Class	0.332281962196003	0.70834630073618	0.579916314531493	0.0127420199367938	0.994811385155675	0.99902186730451	0.999977711661081
Unclassified Actinobacteria Phylum	0.203788128668521	0.738881068243114	0.857511699675293	0.0201323568591038	0.994811385155675	0.99902186730451	0.999977711661081
Unclassified Alphaproteobacteria Class	0.904855761613834	0.7905281971351	0.734355379512048	0.00156932605771733	0.994811385155675	0.99902186730451	0.999977711661081
Unclassified Alteromonadales Order	0.581423632668336	0.658610911395693	0.837260864738566	-0.00687278245076965	0.994811385155675	0.99902186730451	0.999977711661081
Unclassified Aquificales Order	0.463364842911728	0.833209065141785	0.66110479084131	-0.0123762976305232	0.994811385155675	0.99902186730451	0.999977711661081
Unclassified Armatimonadetes Phylum	0.587488952224994	0.781742799341636	0.636872101719045	0.00688544435868082	0.994811385155675	0.99902186730451	0.999977711661081
Unclassified Ascomycota Phylum	0.898138810203698	0.151085674318708	0.386696328766478	-0.00260482468307276	0.994811385155675	0.99902186730451	0.999977711661081
Unclassified Bacillales Order	0.943318558752174	0.612761617916903	0.646213102654799	-0.000779300372800386	0.994811385155675	0.99902186730451	0.999977711661081
Unclassified Bacilli Class	0.476900615812227	0.898041034105158	0.951262861293328	-0.00865703105992682	0.994811385155675	0.99902186730451	0.999977711661081
Unclassified Bacteroidales Order	0.758665548127045	0.387838436803294	0.487489664799639	-0.00718669547355424	0.994811385155675	0.99902186730451	0.999977711661081
Unclassified Bacteroidetes Phylum	0.451089614423168	0.212707579955774	0.333343302947307	-0.0132439945789084	0.994811385155675	0.99902186730451	0.999977711661081
Unclassified Bacteroidia Class	0.564112624268725	0.20736017359355	0.267514522551804	-0.0138416993516606	0.994811385155675	0.99902186730451	0.999977711661081
Unclassified Balneolaeota Phylum	0.688338683227509	0.188814512489245	0.239797076521905	-0.00553613625062433	0.994811385155675	0.99902186730451	0.999977711661081
Unclassified Betaproteobacteria Class	0.95459700851883	0.452842284638064	0.476490046801595	0.000790581374792903	0.994811385155675	0.99902186730451	0.999977711661081
Unclassified Blastocatellia Class	0.309604844106374	0.956239327707857	0.671772178133625	0.014994583744186	0.994811385155675	0.99902186730451	0.999977711661081
Unclassified Bradymonadales Order	0.680561328193559	0.450684137611278	0.375202997286665	0.0052925257696526	0.994811385155675	0.99902186730451	0.999977711661081
Unclassified Burkholderiales Order	0.742312951635303	0.451768360887265	0.385362025192662	0.00464860418246171	0.994811385155675	0.99902186730451	0.999977711661081
Unclassified Campylobacterales Order	0.636145525571562	0.768426902412169	0.826459862028134	-0.00619034497653663	0.994811385155675	0.99902186730451	0.999977711661081
Unclassified Candidatus Bipolaricaulota Phylum	0.54885675818284	0.328950909599729	0.449716075678219	-0.00941620797161902	0.994811385155675	0.99902186730451	0.999977711661081
Unclassified Candidatus Cloacimonetes Phylum	0.0831093517659289	0.505378546527779	0.638850636799778	-0.0310827881259243	0.994811385155675	0.99902186730451	0.999977711661081
Unclassified Candidatus Gracilibacteria Phylum	0.675714399694422	0.691246137150599	0.562156161132743	0.00864121169557631	0.994811385155675	0.99902186730451	0.999977711661081
Unclassified Candidatus Saccharibacteria Phylum	0.520369238931249	0.273924120127416	0.230583804225431	0.00994564574882839	0.994811385155675	0.99902186730451	0.999977711661081
Unclassified Cellvibrionales Order	0.477161161501974	0.445676033894172	0.613496166809631	-0.0144671524898291	0.994811385155675	0.99902186730451	0.999977711661081
Unclassified Chromatiales Order	0.757171688843952	0.494477763321943	0.462111653334216	0.00443888234623355	0.994811385155675	0.99902186730451	0.999977711661081
Unclassified Chroococcales Order	0.790936123031877	0.914322950449025	0.871067161854195	-0.00716175998677328	0.994811385155675	0.99902186730451	0.999977711661081
Unclassified Clostridia Class	0.438508005757606	0.873467728852146	0.808151699485785	-0.00915489062729287	0.994811385155675	0.99902186730451	0.999977711661081
Unclassified Clostridiales Order	0.814328481001427	0.55765298643393	0.678062553116845	0.00225682621468221	0.994811385155675	0.99902186730451	0.999977711661081
Unclassified Coriobacteriales Order	0.772800713486	0.67010496998978	0.640795679066758	0.00602184599202264	0.994811385155675	0.99902186730451	0.999977711661081
Unclassified Coriobacteriia Class	0.420452209748184	0.785930621843476	0.890817583166712	0.0162425569578565	0.994811385155675	0.99902186730451	0.999977711661081
Unclassified Corynebacteriales Order	0.743388357501231	0.757183377901971	0.761383020931514	0.00457400066302666	0.994811385155675	0.99902186730451	0.999977711661081
Unclassified Cyanobacteria Phylum	0.150866240666534	0.218414287185373	0.247303007491014	-0.0173664482984258	0.994811385155675	0.99902186730451	0.999977711661081
Unclassified Cytophagales Order	0.145687743563269	0.367399443350131	0.615567996331778	-0.0166473709206782	0.994811385155675	0.99902186730451	0.999977711661081
Unclassified Dehalococcoidia Class	0.74336517716141	0.739110877436945	0.743997177939157	-0.00491828512317139	0.994811385155675	0.99902186730451	0.999977711661081
Unclassified Deinococci Class	0.90663691459713	0.404112051974214	0.616117560190837	0.00225506431968071	0.994811385155675	0.99902186730451	0.999977711661081
Unclassified Deltaproteobacteria Class	0.595977351153238	0.25743771550974	0.17580686371644	0.0077647234385245	0.994811385155675	0.99902186730451	0.999977711661081
Unclassified Desulfobacterales Order	0.403255389680502	0.601364707223435	0.656106719999051	-0.0208649065024096	0.994811385155675	0.99902186730451	0.999977711661081
Unclassified Desulfovibrionales Order	0.671082574072549	0.52548251205482	0.397301514549663	-0.00774739525566329	0.994811385155675	0.99902186730451	0.999977711661081
Unclassified Desulfuromonadales Order	0.433679410095511	0.459828376678953	0.281684278921776	0.0106855813011069	0.994811385155675	0.99902186730451	0.999977711661081
Unclassified Elusimicrobia Phylum	0.344595561995079	0.461331936877301	0.337630318223991	-0.0154413934241762	0.994811385155675	0.99902186730451	0.999977711661081
Unclassified Enterobacterales Order	0.248153980365605	0.697128234993614	0.819534861776443	-0.0155837402482718	0.994811385155675	0.99902186730451	0.999977711661081
Unclassified Entomoplasmatales Order	0.408247110134815	0.656639744091506	0.430180038814203	0.0203808129766445	0.994811385155675	0.99902186730451	0.999977711661081
Unclassified Epsilonproteobacteria Class	0.0230341321557282	0.766996134183691	0.648158717568579	-0.0267683878104053	0.994811385155675	0.99902186730451	0.999977711661081
Unclassified Euryarchaeota Phylum	0.685532250542025	0.806505304202073	0.928513429512391	0.00595785548279154	0.994811385155675	0.99902186730451	0.999977711661081
Unclassified Firmicutes Phylum	0.295806184372623	0.856752885488953	0.783217380849947	-0.0107449181843352	0.994811385155675	0.99902186730451	0.999977711661081
Unclassified Flavobacteriales Order	0.125880707526505	0.787835324282359	0.766519887272147	-0.0243739052890888	0.994811385155675	0.99902186730451	0.999977711661081
Unclassified Frankiales Order	0.607443946934598	0.703846293003167	0.595848104064081	0.00890606878507409	0.994811385155675	0.99902186730451	0.999977711661081
Unclassified Fusobacteriales Order	0.187355190843508	0.746134816395319	0.813205058010208	-0.0217194925934165	0.994811385155675	0.99902186730451	0.999977711661081
Unclassified Gammaproteobacteria Class	0.78763721187943	0.619446661078663	0.66785852512688	-0.0028874812697524	0.994811385155675	0.99902186730451	0.999977711661081
Unclassified Halanaerobiales Order	0.564383073211633	0.957033503037405	0.978086852252657	-0.00785408585914088	0.994811385155675	0.99902186730451	0.999977711661081
Unclassified Halobacteria Class	0.370476167635836	0.766522343840189	0.491596920105848	0.0136630768510621	0.994811385155675	0.99902186730451	0.999977711661081
Unclassified Halobacteriales Order	0.126630580080735	0.960468362863439	0.475643203460706	0.0296983986831841	0.994811385155675	0.99902186730451	0.999977711661081
Unclassified Haloferacales Order	0.25193360193205	0.496889627696902	0.185265468610993	0.0159454672384001	0.994811385155675	0.99902186730451	0.999977711661081
Unclassified Ignavibacteriales Order	0.067856478889442	0.831101500750196	0.939273791515227	-0.0553089271388496	0.994811385155675	0.99902186730451	0.999977711661081
Unclassified Kiritimatiellaeota Phylum	0.692467477900418	0.792362649438094	0.793767936802205	-0.00504099416551053	0.994811385155675	0.99902186730451	0.999977711661081
Unclassified Lactobacillales Order	0.690071628826346	0.953737164352942	0.837994922386302	-0.00561607576208755	0.994811385155675	0.99902186730451	0.999977711661081
Unclassified Methanococcales Order	0.130119451063182	0.704790432710204	0.734349861876107	-0.0305074568472358	0.994811385155675	0.99902186730451	0.999977711661081
Unclassified Micrococcales Order	0.624947464838477	0.782224248124363	0.793335893481852	0.00669508659423142	0.994811385155675	0.99902186730451	0.999977711661081
Unclassified Mollicutes Class	0.666289050592281	0.994074879288839	0.911692362485226	0.0095418023779658	0.994811385155675	0.99902186730451	0.999977711661081
Unclassified Myxococcales Order	0.704281448379774	0.61363889183226	0.506317340291729	0.00572812831304712	0.994811385155675	0.99902186730451	0.999977711661081
Unclassified Negativicutes Class	0.979807092985878	0.250589542711802	0.236577348717411	0.000369640150308077	0.99683797812469	0.99902186730451	0.999977711661081
Unclassified Neisseriales Order	0.24466410082885	0.978594326377552	0.927878355659883	-0.0220492556028599	0.994811385155675	0.99902186730451	0.999977711661081
Unclassified Nitrosomonadales Order	0.674165641868527	0.584163666477162	0.614222144919236	-0.00730437352782087	0.994811385155675	0.99902186730451	0.999977711661081
Unclassified Nostocales Order	0.209946815073855	0.658546859204577	0.549534173094631	-0.0146744528561382	0.994811385155675	0.99902186730451	0.999977711661081
Unclassified Oceanospirillales Order	0.660171807045017	0.0940595320735815	0.109031467438337	0.00540048697801473	0.994811385155675	0.99902186730451	0.999977711661081
Unclassified Oscillatoriales Order	0.846399725666366	0.241103394936883	0.175265604582158	0.0029289782204988	0.994811385155675	0.99902186730451	0.999977711661081
Unclassified Phycisphaerae Class	0.804820144815468	0.587259790037115	0.677451989891914	-0.00354248899487745	0.994811385155675	0.99902186730451	0.999977711661081
Unclassified Planctomycetales Order	0.781081311044303	0.985168952347179	0.871884078979424	0.00396043669287157	0.994811385155675	0.99902186730451	0.999977711661081
Unclassified Planctomycetes Phylum	0.867367566667598	0.726766880233297	0.775457074171322	-0.00201800867454235	0.994811385155675	0.99902186730451	0.999977711661081
Unclassified Planctomycetia Class	0.779021007497207	0.91781535671033	0.916566489779143	-0.00443118197801097	0.994811385155675	0.99902186730451	0.999977711661081
Unclassified Propionibacteriales Order	0.766598641165859	0.647032633265195	0.794014550856029	-0.00487094672572283	0.994811385155675	0.99902186730451	0.999977711661081
Unclassified Proteobacteria Phylum	0.922870139095301	0.769313241273014	0.746275038944865	-0.00122712732480716	0.994811385155675	0.99902186730451	0.999977711661081
Unclassified Pseudomonadales Order	0.847466569695113	0.976445788412566	0.999316548432986	-0.00263482770110515	0.994811385155675	0.99902186730451	0.999977711661081
Unclassified Rhizobiales Order	0.762905136317474	0.69494253066488	0.586313891378083	0.00395503915651892	0.994811385155675	0.99902186730451	0.999977711661081
Unclassified Rhodobacterales Order	0.374893812283138	0.231005257971018	0.235815309703474	0.01832582515819	0.994811385155675	0.99902186730451	0.999977711661081
Unclassified Rhodocyclales Order	0.559174385300545	0.439915933658227	0.43056211358847	0.00915247837152528	0.994811385155675	0.99902186730451	0.999977711661081
Unclassified Rhodospirillales Order	0.856923839600278	0.565601955108556	0.524136276465281	0.00350032712880069	0.994811385155675	0.99902186730451	0.999977711661081
Unclassified Rickettsiales Order	0.155502142733356	0.327248270601604	0.288051024411547	-0.0303822108256129	0.994811385155675	0.99902186730451	0.999977711661081
Unclassified Saccharomycetales Order	0.601395602796981	0.960423004819159	0.655569544727799	-0.0107884655328462	0.994811385155675	0.99902186730451	0.999977711661081
Unclassified Silvanigrellales Order	0.586799020738333	0.941425191616889	0.951512763726506	-0.00742081422053978	0.994811385155675	0.99902186730451	0.999977711661081
Unclassified Sordariomycetes Class	0.966012793683241	0.377998132713798	0.530731814090113	-0.0012061596518362	0.994811385155675	0.99902186730451	0.999977711661081
Unclassified Sphingomonadales Order	0.966381973339515	0.980528380422505	0.971641835524862	0.000542485491999023	0.994811385155675	0.99902186730451	0.999977711661081
Unclassified Streptosporangiales Order	0.815696708149899	0.923317154103576	0.916315799370553	0.00453066128095057	0.994811385155675	0.99902186730451	0.999977711661081
Unclassified Synechococcales Order	0.727824128969787	0.638510343543157	0.78695722029796	-0.008065107281673	0.994811385155675	0.99902186730451	0.999977711661081
Unclassified Tenericutes Phylum	0.541523493713239	0.815248747537982	0.745186036280471	-0.010141248138777	0.994811385155675	0.99902186730451	0.999977711661081
Unclassified Thaumarchaeota Phylum	0.126906841586425	0.794720709770777	0.953441458351858	-0.0235055919107351	0.994811385155675	0.99902186730451	0.999977711661081
Unclassified Thermoanaerobacterales Order	0.454140331101683	0.795883025593272	0.591646323235576	-0.0102716278947536	0.994811385155675	0.99902186730451	0.999977711661081
Unclassified Thermoplasmata Class	0.933568420971824	0.213126632949037	0.384485250443829	0.00128881578601075	0.994811385155675	0.99902186730451	0.999977711661081
Unclassified Thermoplasmatales Order	0.982959738851363	0.51381210270295	0.667418827527743	-0.000348728382285454	0.99683797812469	0.99902186730451	0.999977711661081
Unclassified Tissierellia Class	0.341950081520293	0.680613519186585	0.784633581735434	-0.0151782700975358	0.994811385155675	0.99902186730451	0.999977711661081
Unclassified Verrucomicrobia Phylum	0.675899699455434	0.752658365903623	0.649795727092366	-0.0059837609113399	0.994811385155675	0.99902186730451	0.999977711661081
Unclassified Verrucomicrobiales Order	0.81084751353674	0.703300768899245	0.865030536873112	-0.00909262027487126	0.994811385155675	0.99902186730451	0.999977711661081
Unclassified Victivallales Order	0.476771927503561	0.016857320932468	0.0485223834069188	-0.0163364701479274	0.994811385155675	0.99902186730451	0.999977711661081
Unclassified Xanthomonadales Order	0.307949372296214	0.479623838235185	0.275792052304968	0.0164143155683983	0.994811385155675	0.99902186730451	0.999977711661081
Unclassified candidate division Zixibacteria Phylum	0.598110688335058	0.419701555084522	0.435438361532012	-0.00673412644036448	0.994811385155675	0.99902186730451	0.999977711661081
Unikaryonidae	0.616886467489485	0.29760329269671	0.232366534512828	-0.00743342945235965	0.994811385155675	0.99902186730451	0.999977711661081
Ustilaginaceae	0.937507250042893	0.941890365649252	0.992314279068459	0.00102888432098635	0.994811385155675	0.99902186730451	0.999977711661081
Vallitaleaceae	0.957709197736105	0.503575162778199	0.404125196985904	0.000709005007642146	0.994811385155675	0.99902186730451	0.999977711661081
Veillonellaceae	0.903654752273549	0.249088391175515	0.500871085555453	-0.00225839975830198	0.994811385155675	0.99902186730451	0.999977711661081
Verrucomicrobiaceae	0.788022462122985	0.800644576630289	0.560167774765515	0.00403180466399732	0.994811385155675	0.99902186730451	0.999977711661081
Vibrionaceae	0.290412429573245	0.807810770326801	0.969674589355237	-0.0109196772359874	0.994811385155675	0.99902186730451	0.999977711661081
Vicinamibacteraceae	0.885985571240908	0.95820325146391	0.844728316653388	-0.00212320914022249	0.994811385155675	0.99902186730451	0.999977711661081
Vulgatibacteraceae	0.536981551938824	0.917454289199984	0.916061911437269	-0.010533608681234	0.994811385155675	0.99902186730451	0.999977711661081
Waddliaceae	0.256875378292127	0.186848936183534	0.142136136403529	-0.0208214917142831	0.994811385155675	0.99902186730451	0.999977711661081
Wenzhouxiangellaceae	0.948114522538378	0.950413112720435	0.828276230425268	-0.00107990153587109	0.994811385155675	0.99902186730451	0.999977711661081
Woeseiaceae	0.0590623123332688	0.793142530325092	0.602116031908497	-0.0330569968021701	0.994811385155675	0.99902186730451	0.999977711661081
Xanthobacteraceae	0.789879133165042	0.824696147314457	0.782204824839627	-0.00388838109779965	0.994811385155675	0.99902186730451	0.999977711661081
Xanthomonadaceae	0.591504463644476	0.666271524902255	0.606705101859113	0.00726828229031617	0.994811385155675	0.99902186730451	0.999977711661081
Yersiniaceae	0.794812534133706	0.72887073097317	0.747911882977167	-0.0030280896856243	0.994811385155675	0.99902186730451	0.999977711661081
Zoogloeaceae	0.738136370478587	0.835219608116748	0.74985326755794	0.00447896450487205	0.994811385155675	0.99902186730451	0.999977711661081
