p-variable	p-treatment	p-interaction	slope	adjusted.p-variable	adjusted.p-treatment	adjusted.p-interaction
Acaryochloridaceae	0.197054641360739	0.398279708032716	0.375537889610309	0.00125285644192283	0.834824044725525	0.951911559633347	0.987768651702319
Acetobacteraceae	0.35743835449947	0.531362635581499	0.540065271612297	0.000682581433301291	0.834824044725525	0.951911559633347	0.987768651702319
Acholeplasmataceae	0.467138903761694	0.406687606418269	0.40190776109673	-0.000673375505890462	0.862281489022481	0.951911559633347	0.987768651702319
Acidaminococcaceae	0.201988874353061	0.878488926598948	0.905577314417738	-0.00292763864974621	0.834824044725525	0.995097206000048	0.994392988135748
Acidiferrobacteraceae	0.0551467786377037	0.808676827197892	0.909715925637269	0.00160990935264278	0.834824044725525	0.990317067448583	0.994392988135748
Acidilobaceae	0.570724582608364	0.137992234521278	0.112296796812054	-0.000582901783899271	0.870946621863403	0.951911559633347	0.987768651702319
Acidimicrobiaceae	0.150427982058919	0.570951772508655	0.633284296277873	0.00172521241197032	0.834824044725525	0.951911559633347	0.987768651702319
Acidithiobacillaceae	0.638752269279398	0.422374107652922	0.457515668406083	0.000400264018056566	0.889074104537541	0.951911559633347	0.987768651702319
Acidobacteriaceae	0.232488901066559	0.411920022043687	0.444296938333995	0.000956061184504169	0.834824044725525	0.951911559633347	0.987768651702319
Acidothermaceae	0.0731706744499491	0.990088701836453	0.940419349621317	0.00138413390244372	0.834824044725525	0.998360826745642	0.994488634609812
Actinomycetaceae	0.668403162066295	0.0677476561492926	0.0791375332480563	-0.000368404063273232	0.896826660990585	0.951911559633347	0.987768651702319
Actinopolysporaceae	0.379528739289091	0.527442041410492	0.600585976374945	0.000925633583774891	0.835064189984076	0.951911559633347	0.987768651702319
Aerococcaceae	0.766633902475812	0.496733179896022	0.46230717025494	-0.0001846910188074	0.93956233337828	0.951911559633347	0.987768651702319
Aeromonadaceae	0.389199672431327	0.437727718580488	0.461749647521925	0.000664225234914055	0.835064189984076	0.951911559633347	0.987768651702319
Akkermansiaceae	0.606476852762961	0.546605968873873	0.528997199266533	0.00141687857297694	0.874554594058891	0.951911559633347	0.987768651702319
Alcaligenaceae	0.308635908179335	0.305085087730878	0.335483475775937	0.000789791799085207	0.834824044725525	0.951911559633347	0.987768651702319
Alcanivoracaceae	0.817080729079852	0.0962922092370373	0.0935544256088628	0.000164283662401854	0.956355853354827	0.951911559633347	0.987768651702319
Alicyclobacillaceae	0.0694738700145661	0.998360826745642	0.918528643448598	0.0013995887083603	0.834824044725525	0.998360826745642	0.994392988135748
Alteromonadaceae	0.529932022984975	0.499920423142242	0.526068645567846	0.000410192811084418	0.867903432970292	0.951911559633347	0.987768651702319
Amoebophilaceae	0.568596310935818	0.957508092631412	0.99252039066723	0.000526130710588033	0.870946621863403	0.998360826745642	0.999113018634767
Anaerohalosphaeraceae	0.613931312292623	0.419837993455571	0.453073511148208	0.000444404016865279	0.876917606405765	0.951911559633347	0.987768651702319
Anaerolineaceae	0.380734952233146	0.95189415866083	0.972137994436121	0.000656824790492029	0.835064189984076	0.998360826745642	0.999113018634767
Anaeromyxobacteraceae	0.207880678945612	0.37523337394836	0.403390406307291	0.00114788686617064	0.834824044725525	0.951911559633347	0.987768651702319
Anaplasmataceae	0.692082350215925	0.69851956393982	0.69073119205148	-0.000316355602104445	0.896826660990585	0.9779119436757	0.987768651702319
Aphanizomenonaceae	0.821729550262898	0.793274969806965	0.864972355060308	-0.000172440859520213	0.959616141463475	0.990317067448583	0.994392988135748
Aphanothecaceae	0.895870302670408	0.510572255822834	0.51586446650358	8.79430350557108e-05	0.978037055054647	0.951911559633347	0.987768651702319
Aquificaceae	0.937200685772813	0.744750467613464	0.787305476400105	-6.92905345756676e-05	0.986161709667261	0.98093731667758	0.994392988135748
Archaeoglobaceae	0.862859070187069	0.175433572457901	0.212593536806072	-0.000123154349943014	0.963931499232843	0.951911559633347	0.987768651702319
Archangiaceae	0.289876325848684	0.241421209499161	0.26746915096597	0.000914699513647897	0.834824044725525	0.951911559633347	0.987768651702319
Ardenticatenaceae	0.170476529970939	0.166894496961597	0.200313294506969	0.00125799181314211	0.834824044725525	0.951911559633347	0.987768651702319
Aspergillaceae	0.210132946767245	0.772997590409211	0.727767978263683	0.000933566319245891	0.834824044725525	0.990317067448583	0.987768651702319
Atopobiaceae	0.801492898161543	0.0119226195393953	0.0119189361982988	0.000246278980848708	0.953276772640172	0.951911559633347	0.987768651702319
Aurantimonadaceae	0.515806947160719	0.142834343683021	0.153930860838889	0.000556626838884859	0.867903432970292	0.951911559633347	0.987768651702319
Azonexaceae	0.299550804216355	0.896715378206279	0.897584613049706	0.000756083271783579	0.834824044725525	0.995097206000048	0.994392988135748
Bacillaceae	0.885587429955298	0.466918007988382	0.488477858072622	8.92009172564161e-05	0.975992660889467	0.951911559633347	0.987768651702319
Bacteriovoracaceae	0.655967889664103	0.17866727328356	0.192211629392673	0.000400231593282074	0.893537674866367	0.951911559633347	0.987768651702319
Bacteroidaceae	0.391679937017082	0.335884422606524	0.340079236188843	0.0013064079742815	0.835064189984076	0.951911559633347	0.987768651702319
Baekduiaceae	0.188483380781666	0.502111249443386	0.581126072688293	0.00151524926287134	0.834824044725525	0.951911559633347	0.987768651702319
Barnesiellaceae	0.2834567603893	0.21507607314387	0.217872299269517	0.00144691009802896	0.834824044725525	0.951911559633347	0.987768651702319
Bartonellaceae	0.998144151504324	0.432158468319832	0.447615197143392	1.66944450144656e-06	0.998515955754688	0.951911559633347	0.987768651702319
Bdellovibrionaceae	0.733110226384833	0.340684801435412	0.331535151890892	0.00022009362375333	0.926239238971008	0.951911559633347	0.987768651702319
Beijerinckiaceae	0.675748026955117	0.146472880265354	0.152167547587347	0.000357994480615636	0.896826660990585	0.951911559633347	0.987768651702319
Bernardetiaceae	0.904787111855658	0.689597179194772	0.683235513142032	-0.000127308153040385	0.980979710748766	0.9779119436757	0.987768651702319
Beutenbergiaceae	0.187643179534369	0.537865332648185	0.531021517962855	0.00122106097104562	0.834824044725525	0.951911559633347	0.987768651702319
Bifidobacteriaceae	0.448337137539802	0.541395976747679	0.441038414689752	-0.00142880269673318	0.858340616479546	0.951911559633347	0.987768651702319
Blattabacteriaceae	0.814112512129323	0.742598897135936	0.72664429308571	-0.000203993324130272	0.955876530605706	0.980611364166684	0.987768651702319
Bogoriellaceae	0.0363533250691434	0.890681502355353	0.970999653114559	0.00207208525893001	0.834824044725525	0.995097206000048	0.999113018634767
Borreliaceae	0.186407400293896	0.378554632544924	0.379452668574192	-0.00125998339765624	0.834824044725525	0.951911559633347	0.987768651702319
Brachyspiraceae	0.933751074632631	0.592538781877737	0.612707048908663	-7.69153111955253e-05	0.986161709667261	0.968753881482649	0.987768651702319
Bradymonadaceae	0.315851890987622	0.810022274212968	0.894845080453625	0.00112347513236693	0.834824044725525	0.990317067448583	0.994392988135748
Bradyrhizobiaceae	0.293567812795252	0.37133456946919	0.402914859513468	0.000817809900347187	0.834824044725525	0.951911559633347	0.987768651702319
Brevibacteriaceae	0.218677947482863	0.653348570144897	0.74760888195411	0.000952289931444405	0.834824044725525	0.9779119436757	0.987768651702319
Brucellaceae	0.562750084388114	0.164009741097979	0.185666280256331	0.000405927912452868	0.870946621863403	0.951911559633347	0.987768651702319
Budviciaceae	0.659735479279259	0.555114677630981	0.610951263266642	0.000302525976527645	0.893537674866367	0.951911559633347	0.987768651702319
Burkholderiaceae	0.195948298923529	0.396152318203614	0.437722006936127	0.00101101862129939	0.834824044725525	0.951911559633347	0.987768651702319
Caldilineaceae	0.304150464126795	0.982023972015681	0.938382375178048	0.0009649061658901	0.834824044725525	0.998360826745642	0.994392988135748
Caldisphaeraceae	0.116998437917198	0.730850517371226	0.682015136085794	-0.00186629007335793	0.834824044725525	0.9779119436757	0.987768651702319
Calditrichaceae	0.0340033909277127	0.818991471078435	0.799946509706852	0.00154267878823474	0.834824044725525	0.990317067448583	0.994392988135748
Calotrichaceae	0.91221529507529	0.250860657112466	0.25516649152797	-7.43180916060159e-05	0.984026723741161	0.951911559633347	0.987768651702319
Campylobacteraceae	0.839586876084489	0.256404886862103	0.254029147354428	0.000190971971223417	0.963931499232843	0.951911559633347	0.987768651702319
Candidatus Brocadiaceae	0.187266514673707	0.902867639489073	0.70976516816875	0.00105569041548742	0.834824044725525	0.995097206000048	0.987768651702319
Candidatus Deianiraeaceae	0.0734113641710475	0.352426112507284	0.321972094399962	0.00234188952252904	0.834824044725525	0.951911559633347	0.987768651702319
Candidatus Methanomethylophilaceae	0.260325752889162	0.988393011888609	0.999094254284192	0.00115344858941289	0.834824044725525	0.998360826745642	0.999113018634767
Candidatus Midichloriaceae	0.748534278702413	0.146739376517654	0.153494122337509	-0.000349041539869162	0.933279600139068	0.951911559633347	0.987768651702319
Candidatus Nanopelagicaceae	0.517256122674942	0.342724387523106	0.33004393882899	-0.000519865031632595	0.867903432970292	0.951911559633347	0.987768651702319
Candidatus Paracaedibacteraceae	0.542064465746768	0.421223955791804	0.366389928532912	0.000770208136917431	0.867903432970292	0.951911559633347	0.987768651702319
Cardiobacteriaceae	0.27150256931611	0.979284837967773	0.980526098580545	0.000898332909251541	0.834824044725525	0.998360826745642	0.999113018634767
Carnobacteriaceae	0.502990101341714	0.269263009653712	0.285670213945533	-0.000480066941504716	0.867903432970292	0.951911559633347	0.987768651702319
Casimicrobiaceae	0.416211685082492	0.698523720034875	0.744245334638614	0.000831034834742279	0.845193594369196	0.9779119436757	0.987768651702319
Catenulisporaceae	0.386480842772974	0.693254469907547	0.733158376468585	0.000815174972674011	0.835064189984076	0.9779119436757	0.987768651702319
Caulobacteraceae	0.321273569288986	0.248665710057449	0.264424716592204	0.00082088248573198	0.834824044725525	0.951911559633347	0.987768651702319
Cellulomonadaceae	0.12761349148779	0.353029052636002	0.419578279768225	0.00135978582736984	0.834824044725525	0.951911559633347	0.987768651702319
Cellvibrionaceae	0.441821059829971	0.547655889352932	0.550175338274205	0.000575122921070505	0.849021812732966	0.951911559633347	0.987768651702319
Chaetomiaceae	0.437679374593185	0.392918857114406	0.414685811793068	0.000590297992245264	0.849021812732966	0.951911559633347	0.987768651702319
Chamaesiphonaceae	0.50878405920379	0.82821737093653	0.800521213467936	-0.000594736623830205	0.867903432970292	0.990317067448583	0.994392988135748
Chelatococcaceae	0.0639988842149029	0.639890346243374	0.725409501475399	0.00186499137414783	0.834824044725525	0.975173598282817	0.987768651702319
Chitinophagaceae	0.51039563691491	0.908277799486026	0.936056763710346	0.000402558040862639	0.867903432970292	0.997362615640305	0.994392988135748
Chlamydiaceae	0.390684642736232	0.960178171593174	0.846074773372755	0.000716196065747155	0.835064189984076	0.998360826745642	0.994392988135748
Chlorobiaceae	0.339002095536808	0.711531346372311	0.729434812935404	0.000679818162691598	0.834824044725525	0.9779119436757	0.987768651702319
Chloroflexaceae	0.59904455124443	0.472056055453708	0.449918072541846	0.000445999236477039	0.874554594058891	0.951911559633347	0.987768651702319
Christensenellaceae	0.752060260306239	0.494585729266019	0.509562746898976	0.000349588393490763	0.933279600139068	0.951911559633347	0.987768651702319
Chromatiaceae	0.350487810602562	0.302988643512505	0.328720421826647	0.000687051307502105	0.834824044725525	0.951911559633347	0.987768651702319
Chromobacteriaceae	0.387639906256761	0.388555576503577	0.421835896229273	0.000720428535884565	0.835064189984076	0.951911559633347	0.987768651702319
Chroococcaceae	0.746037638195208	0.882291389856316	0.900966728635529	0.000215253729011284	0.933279600139068	0.995097206000048	0.994392988135748
Chroococcidiopsidaceae	0.462732064963414	0.64514910027986	0.602542562609246	0.000720332062534022	0.862281489022481	0.977211137188612	0.987768651702319
Chrysiogenaceae	0.658960031812243	0.232051163353549	0.296035904481774	0.000371147440593394	0.893537674866367	0.951911559633347	0.987768651702319
Chthonomonadaceae	0.269882013949792	0.141035101852812	0.147243726917481	0.00102759681470912	0.834824044725525	0.951911559633347	0.987768651702319
Clavicipitaceae	0.138397514145539	0.723901075910182	0.689421855682848	0.00110007235550301	0.834824044725525	0.9779119436757	0.987768651702319
Clostridiaceae	0.751006132913995	0.456043360792771	0.508507882467917	-0.000221531172130047	0.933279600139068	0.951911559633347	0.987768651702319
Clostridiales Family XIII. Incertae Sedis	0.697761662478402	0.830180691349151	0.913890191281754	0.000293476037073789	0.900619689665106	0.990317067448583	0.994392988135748
Clostridiales Family XVI. Incertae Sedis	0.571611569300641	0.461512559208546	0.452815948630307	0.0003951699259119	0.870946621863403	0.951911559633347	0.987768651702319
Clostridiales Family XVII. Incertae Sedis	0.32222662797938	0.411601041800122	0.462815681682374	0.000944037856685176	0.834824044725525	0.951911559633347	0.987768651702319
Cohaesibacteraceae	0.533513612598183	0.718213873979456	0.741650514878739	0.000532692228649629	0.867903432970292	0.9779119436757	0.987768651702319
Coleofasciculaceae	0.131747337481567	0.798957795609311	0.81602981419572	0.0012086385358241	0.834824044725525	0.990317067448583	0.994392988135748
Colwelliaceae	0.611552409661563	0.995732176582421	0.997327475897087	0.000314264829675488	0.876917606405765	0.998360826745642	0.999113018634767
Comamonadaceae	0.271626840444013	0.271675075280628	0.305057080886919	0.000911568309754736	0.834824044725525	0.951911559633347	0.987768651702319
Conexibacteraceae	0.303906545725641	0.73295924322101	0.765908319013063	0.00105371954784802	0.834824044725525	0.9779119436757	0.988165885028829
Coprothermobacteraceae	0.593066750431176	0.0443650100622677	0.045541444525157	-0.00066480664362439	0.874554594058891	0.951911559633347	0.987768651702319
Coriobacteriaceae	0.619254604126891	0.0732849457588159	0.0661037942075183	-0.000873004664439637	0.876917606405765	0.951911559633347	0.987768651702319
Corynebacteriaceae	0.177250920157704	0.458755290427154	0.491407285253463	0.00102238053405806	0.834824044725525	0.951911559633347	0.987768651702319
Coxiellaceae	0.744455785005827	0.451188043231765	0.438958517484404	0.000229146530799125	0.933279600139068	0.951911559633347	0.987768651702319
Crocinitomicaceae	0.837230451071036	0.185831760595652	0.190624363359735	-0.000187455442703542	0.963931499232843	0.951911559633347	0.987768651702319
Cryomorphaceae	0.289699126080211	0.702274791786111	0.668560319161856	0.00109575129806156	0.834824044725525	0.9779119436757	0.987768651702319
Cryptococcaceae	0.525788575897339	0.407256948197157	0.427295794810002	0.00049551416251621	0.867903432970292	0.951911559633347	0.987768651702319
Cuniculiplasmataceae	0.961161343117375	0.853787918344021	0.773263789643919	4.63801477080378e-05	0.988020143124647	0.990317067448583	0.988165885028829
Cyanobacteriaceae	0.688717089674652	0.958732960709944	0.977507958041506	-0.000347439051243453	0.896826660990585	0.998360826745642	0.999113018634767
Cyanothecaceae	0.582355299455379	0.966766248509458	0.963656960584417	0.000434180538248146	0.874554594058891	0.998360826745642	0.999113018634767
Cyclobacteriaceae	0.692381164688127	0.615232512766889	0.650111402745291	0.00024465204568466	0.896826660990585	0.975173598282817	0.987768651702319
Cytophagaceae	0.510865960452917	0.773871952320498	0.793683445380034	0.000437377247800643	0.867903432970292	0.990317067448583	0.994392988135748
Debaryomycetaceae	0.925140825092335	0.426877466074076	0.466538942764837	8.17279347203036e-05	0.986161709667261	0.951911559633347	0.987768651702319
Deferribacteraceae	0.813756454075913	0.700949437426969	0.727987978549746	0.000153420747976943	0.955876530605706	0.9779119436757	0.987768651702319
Dehalococcoidaceae	0.351843767528124	0.704572600067029	0.638384061721925	0.00085320589053431	0.834824044725525	0.9779119436757	0.987768651702319
Deinococcaceae	0.258451642306315	0.322524693064097	0.357376046900633	0.000998558923567274	0.834824044725525	0.951911559633347	0.987768651702319
Dermabacteraceae	0.142941108480152	0.71222634211376	0.793494638392611	0.00119966236679407	0.834824044725525	0.9779119436757	0.994392988135748
Dermacoccaceae	0.187480373620111	0.212506569275359	0.233028495187836	0.001289137576187	0.834824044725525	0.951911559633347	0.987768651702319
Dermatophilaceae	0.195676200259871	0.984124932227001	0.931870684343129	0.000935540920059817	0.834824044725525	0.998360826745642	0.994392988135748
Dermocarpellaceae	0.765756773985625	0.407758475950619	0.360591283372508	-0.000257006160499342	0.93956233337828	0.951911559633347	0.987768651702319
Desulfarculaceae	0.351288073066298	0.698701578765314	0.720372220728009	0.000917507124142707	0.834824044725525	0.9779119436757	0.987768651702319
Desulfobacteraceae	0.393945311410687	0.311607907373667	0.338307325046489	0.000597687459638507	0.835064189984076	0.951911559633347	0.987768651702319
Desulfobulbaceae	0.531930076500514	0.1829433968933	0.201698527448653	0.000521219742160506	0.867903432970292	0.951911559633347	0.987768651702319
Desulfohalobiaceae	0.0906186162025846	0.815553624104856	0.947073278518825	0.00138348763321709	0.834824044725525	0.990317067448583	0.997428912959499
Desulfomicrobiaceae	0.113835275145352	0.621625563873159	0.706991275517039	0.00133545446546923	0.834824044725525	0.975173598282817	0.987768651702319
Desulfovibrionaceae	0.471511367938212	0.956387850590534	0.937195843065369	0.00110435122293834	0.866624961580828	0.998360826745642	0.994392988135748
Desulfurellaceae	0.810669019529836	0.591687585006808	0.595688436195337	-0.000197711000865523	0.955876530605706	0.968753881482649	0.987768651702319
Desulfurobacteriaceae	0.418914655923717	0.123072798390184	0.116039584519859	-0.000625503267778044	0.845193594369196	0.951911559633347	0.987768651702319
Desulfurococcaceae	0.607942805190452	0.48137965347264	0.574627993717521	0.000398853412950056	0.874554594058891	0.951911559633347	0.987768651702319
Desulfuromonadaceae	0.400766536779019	0.292620083644106	0.330891471628748	0.000642612243827852	0.835064189984076	0.951911559633347	0.987768651702319
Dictyoglomaceae	0.598767682247951	0.824503506699159	0.845040688952806	-0.000510914689427201	0.874554594058891	0.990317067448583	0.994392988135748
Dietziaceae	0.466551953376892	0.222990234708698	0.248817293340987	0.000641893590105755	0.862281489022481	0.951911559633347	0.987768651702319
Dipodascaceae	0.951024690451604	0.839753947602837	0.8651870598781	6.16973448362162e-05	0.986161709667261	0.990317067448583	0.994392988135748
Dysgonamonadaceae	0.374255427867086	0.670002549855724	0.646402155929058	0.000808437296075819	0.835064189984076	0.9779119436757	0.987768651702319
Ectothiorhodospiraceae	0.465280452340972	0.261948569762323	0.294264066588359	0.000626703366784984	0.862281489022481	0.951911559633347	0.987768651702319
Eggerthellaceae	0.302824368121143	0.563929928190804	0.594202407071384	0.00154905847572646	0.834824044725525	0.951911559633347	0.987768651702319
Egibacteraceae	0.302108103233274	0.166039202082529	0.194989517567	0.000998175387548	0.834824044725525	0.951911559633347	0.987768651702319
Egicoccaceae	0.115868667287845	0.577980201733461	0.63576693304678	0.00164480665596989	0.834824044725525	0.957589218180612	0.987768651702319
Elusimicrobiaceae	0.0613610278526426	0.852534186095667	0.71684355050802	0.00153966151977071	0.834824044725525	0.990317067448583	0.987768651702319
Emcibacteraceae	0.339103188039015	0.0624743049304938	0.0783804105688789	0.000740498012618442	0.834824044725525	0.951911559633347	0.987768651702319
Endomicrobiaceae	0.355742334811643	0.818647131638982	0.727254756023762	0.000852129971027924	0.834824044725525	0.990317067448583	0.987768651702319
Endozoicomonadaceae	0.796213246877211	0.345462662092684	0.359773427518585	-0.000226399028244218	0.952199543329664	0.951911559633347	0.987768651702319
Enterobacteriaceae	0.109007247286912	0.405408538800676	0.557106686295399	-0.00189285109415295	0.834824044725525	0.951911559633347	0.987768651702319
Enterococcaceae	0.935036601575538	0.232430388853236	0.266123533972621	-6.18292606652733e-05	0.986161709667261	0.951911559633347	0.987768651702319
Entomoplasmataceae	0.758205505650968	0.724974139719312	0.768769568686222	-0.000372766753488736	0.93864383512079	0.9779119436757	0.988165885028829
Erwiniaceae	0.523504395067484	0.571146935780008	0.578837179650924	0.000428364065435988	0.867903432970292	0.951911559633347	0.987768651702319
Erysipelotrichaceae	0.492089601555383	0.161723511585346	0.180799718998332	-0.000737701089173537	0.867903432970292	0.951911559633347	0.987768651702319
Erythrobacteraceae	0.288439557016397	0.364599335690019	0.398310647779579	0.000876627108942497	0.834824044725525	0.951911559633347	0.987768651702319
Eubacteriaceae	0.306125251909987	0.682128153431712	0.58750990450426	0.0008208276004965	0.834824044725525	0.9779119436757	0.987768651702319
Euzebyaceae	0.384781776574732	0.2559930920126	0.293623015328973	0.000917851711072688	0.835064189984076	0.951911559633347	0.987768651702319
Ferrimonadaceae	0.937412063616923	0.680805488643155	0.689735937252917	7.01138228965888e-05	0.986161709667261	0.9779119436757	0.987768651702319
Ferroplasmaceae	0.913329658151991	0.782627536508334	0.785678750973575	-0.000124603487892684	0.984026723741161	0.990317067448583	0.994392988135748
Fervidobacteriaceae	0.501755833989057	0.33569653312783	0.355968278993046	-0.000571048645740358	0.867903432970292	0.951911559633347	0.987768651702319
Fibrobacteraceae	0.967930447201081	0.307874619137077	0.317452840540798	3.97629538601196e-05	0.988031346307648	0.951911559633347	0.987768651702319
Fimbriimonadaceae	0.621504711336125	0.505616088770129	0.592486498597261	0.000379460140401079	0.876917606405765	0.951911559633347	0.987768651702319
Flammeovirgaceae	0.977244223640984	0.344808141609089	0.37525274906381	1.82892300472012e-05	0.988031346307648	0.951911559633347	0.987768651702319
Flavobacteriaceae	0.849598258950575	0.805344592545467	0.814785884238821	0.000120154285929262	0.963931499232843	0.990317067448583	0.994392988135748
Francisellaceae	0.704736456507934	0.663189951028438	0.695112504345339	-0.000299013950762747	0.905085474068794	0.9779119436757	0.987768651702319
Frankiaceae	0.341978367153727	0.153816690725497	0.175415863165914	0.000791007183538496	0.834824044725525	0.951911559633347	0.987768651702319
Fusobacteriaceae	0.658090201604045	0.608710134174143	0.643956538077049	-0.000390155751740655	0.893537674866367	0.975173598282817	0.987768651702319
Gallionellaceae	0.462904459319171	0.435481631617019	0.458507989065219	0.000527924847301734	0.862281489022481	0.951911559633347	0.987768651702319
Gemmataceae	0.182526401234623	0.637044659438988	0.721582640442757	0.00117140933810292	0.834824044725525	0.975173598282817	0.987768651702319
Gemmatimonadaceae	0.266954188228969	0.48189582417602	0.51150472882648	0.000997031896364188	0.834824044725525	0.951911559633347	0.987768651702319
Geobacteraceae	0.349214617726382	0.0988851560989639	0.105366049683388	0.000755149480998015	0.834824044725525	0.951911559633347	0.987768651702319
Geodermatophilaceae	0.245876261307825	0.469258026011009	0.496576628398219	0.00109939219082182	0.834824044725525	0.951911559633347	0.987768651702319
Gloeobacteraceae	0.330453903151759	0.427869492778548	0.458666427329768	0.000926824978337306	0.834824044725525	0.951911559633347	0.987768651702319
Gloeomargaritaceae	0.361456280997144	0.471854549399849	0.493498273519312	0.000766897478137863	0.834824044725525	0.951911559633347	0.987768651702319
Glomerellaceae	0.362745501883381	0.617503599753053	0.631522326875372	0.000692661809668577	0.834824044725525	0.975173598282817	0.987768651702319
Glycomycetaceae	0.457227511083361	0.384279392874448	0.420667395982774	0.00078050452259006	0.862281489022481	0.951911559633347	0.987768651702319
Gomontiellaceae	0.876900945407014	0.362227585760411	0.405769356858925	-0.00014577577494484	0.970946889318593	0.951911559633347	0.987768651702319
Gordoniaceae	0.192680820684209	0.327449901868363	0.372995148537485	0.0011060768709475	0.834824044725525	0.951911559633347	0.987768651702319
Gottschalkiaceae	0.544375242662878	0.491890125866196	0.467124936110902	-0.000630478543665892	0.867903432970292	0.951911559633347	0.987768651702319
Granulosicoccaceae	0.973924661253917	0.551742671282788	0.554710103944996	2.6257064883485e-05	0.988031346307648	0.951911559633347	0.987768651702319
Hafniaceae	0.362425858434045	0.732427585201696	0.803525281550925	0.000637693348163464	0.834824044725525	0.9779119436757	0.994392988135748
Hahellaceae	0.428790275918123	0.475375632070419	0.541106404892066	0.000575562220489596	0.845193594369196	0.951911559633347	0.987768651702319
Halanaerobiaceae	0.977374083087228	0.441681585749151	0.462543861739442	-2.15088986538357e-05	0.988031346307648	0.951911559633347	0.987768651702319
Halieaceae	0.485880121969625	0.298297313278882	0.330683715312605	0.000529886502153491	0.867903432970292	0.951911559633347	0.987768651702319
Haliscomenobacteraceae	0.557926540912494	0.370123381902536	0.38412903096484	0.000459462828779602	0.870946621863403	0.951911559633347	0.987768651702319
Haloarculaceae	0.283882578105979	0.417449844398292	0.445017078450812	0.000967184057787784	0.834824044725525	0.951911559633347	0.987768651702319
Halobacteriaceae	0.112741389924646	0.662615130366725	0.734109987075197	0.00157069083299022	0.834824044725525	0.9779119436757	0.987768651702319
Halobacteriovoraceae	0.599462285333313	0.889719011460608	0.922626162237632	0.000559094490955523	0.874554594058891	0.995097206000048	0.994392988135748
Halobacteroidaceae	0.558330396526371	0.618167045978198	0.645792195047234	0.000496823769881473	0.870946621863403	0.975173598282817	0.987768651702319
Haloferacaceae	0.22158836897294	0.237998597831615	0.256846874489989	0.00100628346559525	0.834824044725525	0.951911559633347	0.987768651702319
Halomonadaceae	0.331441719515914	0.412093676556473	0.439555608738378	0.000747902200341236	0.834824044725525	0.951911559633347	0.987768651702319
Halorubraceae	0.108669694814767	0.618849463609877	0.654581947875356	0.00144277358284659	0.834824044725525	0.975173598282817	0.987768651702319
Halothiobacillaceae	0.49701009076381	0.265549711322352	0.286168185905182	0.000709081920027119	0.867903432970292	0.951911559633347	0.987768651702319
Hapalosiphonaceae	0.314057171102808	0.875911406812985	0.913060008044004	0.000838921888037164	0.834824044725525	0.995097206000048	0.994392988135748
Helicobacteraceae	0.731003526957505	0.88582100677153	0.914131811917715	0.000250779495102762	0.926239238971008	0.995097206000048	0.994392988135748
Heliobacteriaceae	0.279485727849851	0.57827232398868	0.586780106714497	0.000895177758048723	0.834824044725525	0.957589218180612	0.987768651702319
Holosporaceae	0.673464466429257	0.0797030279747378	0.0963942760617784	-0.000386935781236711	0.896826660990585	0.951911559633347	0.987768651702319
Hungateiclostridiaceae	0.779458477890022	0.421426060324675	0.451073658367833	0.000185450596724276	0.94009629066361	0.951911559633347	0.987768651702319
Hydrogenophilaceae	0.028244123619352	0.839697679730184	0.679756711035484	0.00223151885910792	0.834824044725525	0.990317067448583	0.987768651702319
Hydrogenothermaceae	0.711518038567733	0.221255643427047	0.236031086554587	0.000347655697532206	0.9087667740129	0.951911559633347	0.987768651702319
Hyellaceae	0.136551461910043	0.280982163805901	0.221258333341979	-0.00165219120743753	0.834824044725525	0.951911559633347	0.987768651702319
Hymenobacteraceae	0.593191054152631	0.456687849427593	0.465867494311743	0.000405747853517305	0.874554594058891	0.951911559633347	0.987768651702319
Hyphomicrobiaceae	0.364963626853062	0.446019453311266	0.486186263578373	0.000723083459129829	0.834824044725525	0.951911559633347	0.987768651702319
Hyphomonadaceae	0.502299567944378	0.317915344833694	0.356174895610629	0.000554179963026316	0.867903432970292	0.951911559633347	0.987768651702319
Iamiaceae	0.0333979940190644	0.958646663360795	0.960857783134563	0.00205474222382953	0.834824044725525	0.998360826745642	0.999113018634767
Ichthyobacteriaceae	0.0541503461345745	0.42302879024612	0.382953776907803	0.00202687237290856	0.834824044725525	0.951911559633347	0.987768651702319
Idiomarinaceae	0.526992769700016	0.926316628628607	0.934568184472652	0.00045520538684373	0.867903432970292	0.998360826745642	0.994392988135748
Ignavibacteriaceae	0.944229229030833	0.678903283479477	0.636506694438472	-6.96390194684983e-05	0.986161709667261	0.9779119436757	0.987768651702319
Ilumatobacteraceae	0.600038115336219	0.269031775474454	0.29197131461947	0.000615142522224777	0.874554594058891	0.951911559633347	0.987768651702319
Immundisolibacteraceae	0.251780493003933	0.160717784399936	0.178769446274787	0.00106850877178232	0.834824044725525	0.951911559633347	0.987768651702319
Intrasporangiaceae	0.177113341304389	0.40586153463929	0.466160823974834	0.00120987059132793	0.834824044725525	0.951911559633347	0.987768651702319
Isosphaeraceae	0.13619460414354	0.630397652581786	0.714154963083374	0.00137935456083775	0.834824044725525	0.975173598282817	0.987768651702319
Jiangellaceae	0.153992543945274	0.530276277679145	0.600770174065389	0.00143195828406326	0.834824044725525	0.951911559633347	0.987768651702319
Jonesiaceae	0.568655861448359	0.770632049989239	0.662518708205347	0.000550076492703214	0.870946621863403	0.990317067448583	0.987768651702319
Kangiellaceae	0.878565534800902	0.886915602048797	0.854800443692124	0.000132824442098173	0.970946889318593	0.995097206000048	0.994392988135748
Kineosporiaceae	0.637324966812863	0.158412995007577	0.167093004886136	0.000540041633752987	0.889074104537541	0.951911559633347	0.987768651702319
Kiritimatiellaceae	0.172752577477587	0.927361420053796	0.845934050789175	0.00147145551421545	0.834824044725525	0.998360826745642	0.994392988135748
Kofleriaceae	0.441114000107149	0.247278206637302	0.286877465508499	0.000746348522565148	0.849021812732966	0.951911559633347	0.987768651702319
Kosmotogaceae	0.991183400130049	0.55377268955547	0.583983317511434	-7.56322693513435e-06	0.99849008953889	0.951911559633347	0.987768651702319
Ktedonosporobacteraceae	0.862264738112312	0.348330518960224	0.350060340155472	0.000158792839612713	0.963931499232843	0.951911559633347	0.987768651702319
Labilitrichaceae	0.140952513105803	0.39977105058944	0.47776744499219	0.00129880075541656	0.834824044725525	0.951911559633347	0.987768651702319
Lachnospiraceae	0.117571817132792	0.337860385413491	0.280392117398607	-0.0011637724663594	0.834824044725525	0.951911559633347	0.987768651702319
Lacipirellulaceae	0.268630716326359	0.839970917865025	0.773050851965426	0.000995951948486398	0.834824044725525	0.990317067448583	0.988165885028829
Lactobacillaceae	0.951953324586452	0.674948350774202	0.672242694579354	5.55741760561935e-05	0.986161709667261	0.9779119436757	0.987768651702319
Legionellaceae	0.768069402625739	0.351871844778885	0.362107849713027	0.000187410397640993	0.93956233337828	0.951911559633347	0.987768651702319
Leptolyngbyaceae	0.210994109960042	0.756951598299426	0.727201740547279	0.000942142061508706	0.834824044725525	0.98941642924925	0.987768651702319
Leptospiraceae	0.587441705418774	0.761967882059778	0.755932347775615	0.000378204748986564	0.874554594058891	0.990317067448583	0.987768651702319
Leptotrichiaceae	0.562766928059426	0.441020409453463	0.444728062457018	-0.000483801106969956	0.870946621863403	0.951911559633347	0.987768651702319
Leuconostocaceae	0.04625129216021	0.271521004160789	0.28188554207812	-0.00208069509897291	0.834824044725525	0.951911559633347	0.987768651702319
Lichenihabitantaceae	0.122714705185006	0.426750134303496	0.496062980696246	0.00154103020125411	0.834824044725525	0.951911559633347	0.987768651702319
Limnochordaceae	0.548182316301173	0.4938889854128	0.527896385861512	0.000565849640764558	0.867903432970292	0.951911559633347	0.987768651702319
Listeriaceae	0.859857948802019	0.670019756801641	0.713684805212459	0.000124733678826375	0.963931499232843	0.9779119436757	0.987768651702319
Litoricolaceae	0.870485964921126	0.569797005391019	0.518102728854146	0.000153576051317927	0.968566293293543	0.951911559633347	0.987768651702319
Magnetococcaceae	0.767491770753243	0.217521759644603	0.245442507753177	0.000265042012997659	0.93956233337828	0.951911559633347	0.987768651702319
Malasseziaceae	0.677618073713295	0.390364055891722	0.424492408307934	0.000431172517758769	0.896826660990585	0.951911559633347	0.987768651702319
Marinifilaceae	0.334480507414412	0.605681025207319	0.565270986079255	0.00084029209523399	0.834824044725525	0.975173598282817	0.987768651702319
Marinilabiliaceae	0.870769308339632	0.446743987324966	0.391879628291711	0.000131080384966569	0.968566293293543	0.951911559633347	0.987768651702319
Mariprofundaceae	0.344125482701048	0.451896269913303	0.455361464334926	0.000745516283172562	0.834824044725525	0.951911559633347	0.987768651702319
Melioribacteraceae	0.53226079944633	0.257237441811438	0.260514092509189	-0.000607750098313571	0.867903432970292	0.951911559633347	0.987768651702319
Merismopediaceae	0.0838006784473807	0.981253368214783	0.851333474063772	0.00125482154079518	0.834824044725525	0.998360826745642	0.994392988135748
Mesoaciditogaceae	0.276759752550005	0.34634161617403	0.33157540846155	-0.00106752946033701	0.834824044725525	0.951911559633347	0.987768651702319
Methanobacteriaceae	0.992673642415363	0.964161094432485	0.904174699005001	-2.13504541817036e-05	0.99849008953889	0.998360826745642	0.994392988135748
Methanocaldococcaceae	0.547199584942684	0.456340428212206	0.467657099846339	-0.000697298335409813	0.867903432970292	0.951911559633347	0.987768651702319
Methanocellaceae	0.206468769022291	0.923637942940312	0.90987185142073	0.00114735696211126	0.834824044725525	0.998360826745642	0.994392988135748
Methanococcaceae	0.703012306603485	0.428610601346173	0.423536329893802	-0.00030927596009383	0.905085474068794	0.951911559633347	0.987768651702319
Methanocorpusculaceae	0.787759329029561	0.75306463442278	0.749970989021404	0.000214474816864627	0.947887977687439	0.988795828256583	0.987768651702319
Methanomassiliicoccaceae	0.392839551914778	0.504798163608591	0.525630880039812	0.000686901579040566	0.835064189984076	0.951911559633347	0.987768651702319
Methanomicrobiaceae	0.310300665643672	0.567106347835587	0.617650905062144	0.00072442397512603	0.834824044725525	0.951911559633347	0.987768651702319
Methanopyraceae	0.156082896483517	0.800268984193826	0.892338623154785	0.00153632687695793	0.834824044725525	0.990317067448583	0.994392988135748
Methanoregulaceae	0.241494073788801	0.957127188011187	0.989240637719603	0.00108805578484974	0.834824044725525	0.998360826745642	0.999113018634767
Methanosarcinaceae	0.733797300000333	0.384236116806338	0.382515613660097	-0.000204352592684601	0.926239238971008	0.951911559633347	0.987768651702319
Methanospirillaceae	0.362420535232914	0.23029438884953	0.156508112472105	-0.000695941869326236	0.834824044725525	0.951911559633347	0.987768651702319
Methanothermaceae	0.837738042048816	0.881451693359064	0.711102089494815	-0.000242700616706099	0.963931499232843	0.995097206000048	0.987768651702319
Methanotrichaceae	0.601221285830144	0.191654384744629	0.197538651578469	0.000533583595810487	0.874554594058891	0.951911559633347	0.987768651702319
Methylacidiphilaceae	0.912683303783622	0.837443613280815	0.818348037668603	-9.55661757276656e-05	0.984026723741161	0.990317067448583	0.994392988135748
Methylobacteriaceae	0.216940315965321	0.293268840349763	0.334810428001079	0.00108352847881755	0.834824044725525	0.951911559633347	0.987768651702319
Methylococcaceae	0.330933326500001	0.523349094654478	0.567081870778367	0.000648944396626942	0.834824044725525	0.951911559633347	0.987768651702319
Methylocystaceae	0.358378879500489	0.333025071433543	0.374969073981107	0.000735051210700239	0.834824044725525	0.951911559633347	0.987768651702319
Methylophilaceae	0.597890219281383	0.35935386626885	0.423805144176079	0.000355481064708397	0.874554594058891	0.951911559633347	0.987768651702319
Microbacteriaceae	0.178555656628865	0.359928572269155	0.409716075137459	0.00114607388913633	0.834824044725525	0.951911559633347	0.987768651702319
Microbulbiferaceae	0.193346583499785	0.899442500518045	0.825471596024476	0.000974118939413724	0.834824044725525	0.995097206000048	0.994392988135748
Micrococcaceae	0.918864232781655	0.240160475495763	0.281093344033782	8.44791709185657e-05	0.986161709667261	0.951911559633347	0.987768651702319
Microcoleaceae	0.977336500000329	0.161766814475901	0.184741519541488	1.73737992221428e-05	0.988031346307648	0.951911559633347	0.987768651702319
Microcystaceae	0.37981635758206	0.625641179637699	0.697729001030848	-0.000588650572665886	0.835064189984076	0.975173598282817	0.987768651702319
Micromonosporaceae	0.305016996852153	0.357552685713386	0.39033475701789	0.00093986098955221	0.834824044725525	0.951911559633347	0.987768651702319
Moraxellaceae	0.977042324182975	0.543043280160856	0.561856184234257	-1.798726225905e-05	0.988031346307648	0.951911559633347	0.987768651702319
Morganellaceae	0.671629021655729	0.249931427203549	0.255158640008084	-0.000261338298864724	0.896826660990585	0.951911559633347	0.987768651702319
Moritellaceae	0.680483080094835	0.384089933044074	0.407580390236217	-0.000360791243826457	0.896826660990585	0.951911559633347	0.987768651702319
Muribaculaceae	0.171794563792293	0.370292476777447	0.364686172796527	0.00136932628200745	0.834824044725525	0.951911559633347	0.987768651702319
Mycobacteriaceae	0.270000099971561	0.301506980438504	0.331118123866633	0.000910406386562781	0.834824044725525	0.951911559633347	0.987768651702319
Mycoplasmataceae	0.857041401730311	0.542331543387854	0.59050998527215	-0.000155939109979718	0.963931499232843	0.951911559633347	0.987768651702319
Mycosphaerellaceae	0.177448547927717	0.938424931498454	0.999113018634767	0.00102242077839121	0.834824044725525	0.998360826745642	0.999113018634767
Myxococcaceae	0.227059303881952	0.21617215974342	0.24586203164141	0.00111106421888891	0.834824044725525	0.951911559633347	0.987768651702319
Nakamurellaceae	0.441482133813778	0.52393426580914	0.546811805692169	0.000714082493553596	0.849021812732966	0.951911559633347	0.987768651702319
Natranaerobiaceae	0.543198037163808	0.535904187102921	0.553381872534688	-0.000530599601743315	0.867903432970292	0.951911559633347	0.987768651702319
Natrialbaceae	0.0800313972620869	0.486931068309501	0.535612178291274	0.00135847188049757	0.834824044725525	0.951911559633347	0.987768651702319
Nautiliaceae	0.40341455501106	0.336195499452426	0.357550958321269	-0.000793595716962338	0.835064189984076	0.951911559633347	0.987768651702319
Nectriaceae	0.751486304785091	0.462567761723353	0.444808473653371	-0.000201630640691909	0.933279600139068	0.951911559633347	0.987768651702319
Neisseriaceae	0.39758845067359	0.390348292814374	0.40527172107879	0.000603189790209835	0.835064189984076	0.951911559633347	0.987768651702319
Nitrosomonadaceae	0.216445414125082	0.90342511130521	0.928180878729595	0.000864694857710381	0.834824044725525	0.995097206000048	0.994392988135748
Nitrosopumilaceae	0.532917310425116	0.720195428590798	0.769040428344571	-0.000658583600358096	0.867903432970292	0.9779119436757	0.988165885028829
Nitrososphaeraceae	0.938360802606033	0.517235002676843	0.537089950886162	6.46192802956923e-05	0.986161709667261	0.951911559633347	0.987768651702319
Nitrospiraceae	0.296579525333264	0.730303504490013	0.757006207011541	0.000748558097304885	0.834824044725525	0.9779119436757	0.987768651702319
Nocardiaceae	0.317469850326246	0.174403078970511	0.186290848219154	0.000838971410577427	0.834824044725525	0.951911559633347	0.987768651702319
Nocardioidaceae	0.207106709095217	0.263827668853829	0.296225341309648	0.00115327431775791	0.834824044725525	0.951911559633347	0.987768651702319
Nocardiopsaceae	0.20437016127438	0.411227109989684	0.475005078597703	0.00108042534626257	0.834824044725525	0.951911559633347	0.987768651702319
Nostocaceae	0.566460323414823	0.274747371637196	0.279209854464528	0.000318476538250674	0.870946621863403	0.951911559633347	0.987768651702319
Oceanospirillaceae	0.621286235730125	0.365307801285794	0.355162093204941	0.00033332050885622	0.876917606405765	0.951911559633347	0.987768651702319
Odoribacteraceae	0.119749246511998	0.165162450829766	0.150036653417373	0.00227264996558412	0.834824044725525	0.951911559633347	0.987768651702319
Oleiphilaceae	0.825342381008881	0.521663081693383	0.510316953564687	0.000190309505057213	0.960100993515706	0.951911559633347	0.987768651702319
Opitutaceae	0.313309765137661	0.423992516501854	0.482319970846682	0.000834492930434441	0.834824044725525	0.951911559633347	0.987768651702319
Orbaceae	0.456884868499097	0.289676850715506	0.253604019151328	-0.000625670551740808	0.862281489022481	0.951911559633347	0.987768651702319
Oscillatoriaceae	0.475517861567358	0.99798336759993	0.925272799081956	0.000557361663926339	0.867903432970292	0.998360826745642	0.994392988135748
Oscillospiraceae	0.130800950773953	0.855739634378714	0.994728385203313	0.00126169527841744	0.834824044725525	0.990350363382107	0.999113018634767
Oxalobacteraceae	0.778135227743973	0.0844822936826631	0.098333368661035	0.000262484584928691	0.94009629066361	0.951911559633347	0.987768651702319
Paenibacillaceae	0.45449892245472	0.57065843946307	0.580150344114162	0.000473647521165011	0.862281489022481	0.951911559633347	0.987768651702319
Paludibacteraceae	0.97819139468571	0.851156443332307	0.859463509946988	-2.88439416133105e-05	0.988031346307648	0.990317067448583	0.994392988135748
Parachlamydiaceae	0.959133913894932	0.669463372868377	0.744984546418119	-4.58710147262875e-05	0.987907931311779	0.9779119436757	0.987768651702319
Parvularculaceae	0.210052278970364	0.370732818396902	0.284213078332725	0.00128868372378114	0.834824044725525	0.951911559633347	0.987768651702319
Pasteurellaceae	0.242368880683335	0.888952563960758	0.851821309345763	-0.000915524255732693	0.834824044725525	0.995097206000048	0.994392988135748
Pectobacteriaceae	0.647192955449371	0.33377021855914	0.342922714511772	0.000303280081905771	0.893537674866367	0.951911559633347	0.987768651702319
Pelagibacteraceae	0.814459249059802	0.811268726795207	0.83271689184643	0.000269661984992533	0.955876530605706	0.990317067448583	0.994392988135748
Peptococcaceae	0.249538270458365	0.643053921766369	0.675808806552991	0.000737857974472099	0.834824044725525	0.976910825102302	0.987768651702319
Peptoniphilaceae	0.998515955754688	0.705689477668839	0.735413784594582	1.29802779711283e-06	0.998515955754688	0.9779119436757	0.987768651702319
Peptostreptococcaceae	0.514916139837635	0.987066136566799	0.953437017756971	0.000425632583448883	0.867903432970292	0.998360826745642	0.999113018634767
Petrotogaceae	0.329801789591077	0.354912501939816	0.344424811788629	-0.000977340308133439	0.834824044725525	0.951911559633347	0.987768651702319
Phaffomycetaceae	0.853065105699632	0.712772561485132	0.651975621363488	0.000161098009230214	0.963931499232843	0.9779119436757	0.987768651702319
Phycisphaeraceae	0.365199667165725	0.26808805488079	0.325057567391894	0.00104335652665504	0.834824044725525	0.951911559633347	0.987768651702319
Phyllobacteriaceae	0.31406630779964	0.489671468620945	0.537605812208079	0.000774757012250759	0.834824044725525	0.951911559633347	0.987768651702319
Pichiaceae	0.583709080090295	0.805409216750415	0.80842272216468	-0.000435770201424431	0.874554594058891	0.990317067448583	0.994392988135748
Picrophilaceae	0.849307694750338	0.776595035905098	0.765023269871338	-0.000275090727162184	0.963931499232843	0.990317067448583	0.988165885028829
Pirellulaceae	0.307202698821855	0.411556430571237	0.437345348176837	0.000715026702068086	0.834824044725525	0.951911559633347	0.987768651702319
Piscirickettsiaceae	0.760691390934169	0.80563317174421	0.818447742755196	0.000198933853219981	0.93946298880359	0.990317067448583	0.994392988135748
Planctomycetaceae	0.304213332533173	0.561955009794227	0.586870475531774	0.00078122349755314	0.834824044725525	0.951911559633347	0.987768651702319
Planococcaceae	0.796889326553563	0.338944521465769	0.349989378847353	-0.000166914675852871	0.952199543329664	0.951911559633347	0.987768651702319
Polyangiaceae	0.106420943906114	0.754556816514247	0.834370154905951	0.00141094858879724	0.834824044725525	0.988795828256583	0.994392988135748
Porphyromonadaceae	0.180943698490188	0.33774142772336	0.326159749215498	0.00126389673091863	0.834824044725525	0.951911559633347	0.987768651702319
Prevotellaceae	0.955523675968861	0.973261440846174	0.91695672169716	6.8822036111162e-05	0.986161709667261	0.998360826745642	0.994392988135748
Prochloraceae	0.656757618207445	0.73691277821022	0.77646445056343	0.000403289496395346	0.893537674866367	0.979211998487134	0.989799980297442
Prochlorotrichaceae	0.809132917857376	0.123295815065242	0.12313313374789	0.000190617060646654	0.955876530605706	0.951911559633347	0.987768651702319
Prolixibacteraceae	0.531189021060108	0.947549004421909	0.986112276213951	0.00047537372084148	0.867903432970292	0.998360826745642	0.999113018634767
Promicromonosporaceae	0.0448345935346684	0.492871773763806	0.575749290260423	0.00184133116538321	0.834824044725525	0.951911559633347	0.987768651702319
Propionibacteriaceae	0.294685301323685	0.356235070751142	0.360095582430953	0.000840667756137644	0.834824044725525	0.951911559633347	0.987768651702319
Pseudanabaenaceae	0.369361614062414	0.811344213715995	0.769955056981872	0.000688931511297843	0.835064189984076	0.990317067448583	0.988165885028829
Pseudoalteromonadaceae	0.71289665378876	0.240022329986169	0.247858991802361	0.000242597398493784	0.9087667740129	0.951911559633347	0.987768651702319
Pseudomonadaceae	0.399983211848663	0.343101107354062	0.360055490402195	0.000681484747789131	0.835064189984076	0.951911559633347	0.987768651702319
Pseudonocardiaceae	0.291462928759992	0.298192364003512	0.3272790047531	0.000921749462971689	0.834824044725525	0.951911559633347	0.987768651702319
Psychromonadaceae	0.777088129891064	0.518025146705702	0.539599803029248	0.000255668336012606	0.94009629066361	0.951911559633347	0.987768651702319
Puniceicoccaceae	0.431623136541939	0.624435478715851	0.63411592717902	0.000870884928995427	0.845193594369196	0.975173598282817	0.987768651702319
Pyriculariaceae	0.319692668211814	0.539068473978889	0.563193304598388	0.000619296853646415	0.834824044725525	0.951911559633347	0.987768651702319
Pyrodictiaceae	0.886921486012175	0.151603907751579	0.111863550364538	0.000122317521210111	0.975992660889467	0.951911559633347	0.987768651702319
Rhizobiaceae	0.297061976949356	0.504270946692323	0.534543728973326	0.000784703521746099	0.834824044725525	0.951911559633347	0.987768651702319
Rhodanobacteraceae	0.39790173554793	0.235955489125402	0.259524648075978	0.000699749983643934	0.835064189984076	0.951911559633347	0.987768651702319
Rhodobacteraceae	0.364178661099351	0.378132551065393	0.405062544294849	0.000728236619667977	0.834824044725525	0.951911559633347	0.987768651702319
Rhodobiaceae	0.182406632337993	0.387266240922583	0.350876916109559	0.00116787730096608	0.834824044725525	0.951911559633347	0.987768651702319
Rhodocyclaceae	0.539499544910559	0.422427626695054	0.499519021445964	0.000498001905452269	0.867903432970292	0.951911559633347	0.987768651702319
Rhodospirillaceae	0.415101897300448	0.195904581595	0.213000849382911	0.000667075184054121	0.845193594369196	0.951911559633347	0.987768651702319
Rhodothermaceae	0.535295499862717	0.365656224277006	0.376720055868474	0.00053673400241116	0.867903432970292	0.951911559633347	0.987768651702319
Rickettsiaceae	0.568148269477054	0.902887642273096	0.994819404424247	0.00052791696996416	0.870946621863403	0.995097206000048	0.999113018634767
Rikenellaceae	0.103666651345959	0.235434564342317	0.188256498792324	0.00347825399665886	0.834824044725525	0.951911559633347	0.987768651702319
Rivulariaceae	0.50630949641437	0.966758540365318	0.912822867814295	0.000567282612778596	0.867903432970292	0.998360826745642	0.994392988135748
Roseiflexaceae	0.635679641783874	0.497635836795979	0.496903934558248	0.00038259544471973	0.889074104537541	0.951911559633347	0.987768651702319
Ruaniaceae	0.665763377894431	0.0977188890700344	0.105389355046109	0.0004052101357484	0.896826660990585	0.951911559633347	0.987768651702319
Rubrobacteraceae	0.112412078328499	0.656223508635595	0.740642886967342	0.00138556413542733	0.834824044725525	0.9779119436757	0.987768651702319
Ruminococcaceae	0.0673862455118325	0.765999386612844	0.869461534051697	-0.00117832930636505	0.834824044725525	0.990317067448583	0.994392988135748
Saccharomycetaceae	0.562668033523426	0.208056838086581	0.179737719719817	-0.000462529068106637	0.870946621863403	0.951911559633347	0.987768651702319
Saccharospirillaceae	0.744251974628087	0.499233051620655	0.507040323650644	0.000236637233012442	0.933279600139068	0.951911559633347	0.987768651702319
Salinisphaeraceae	0.421593278166893	0.16546633518754	0.165861778528995	0.000845956095300495	0.845193594369196	0.951911559633347	0.987768651702319
Salinivirgaceae	0.575005775127833	0.528738690687	0.496951754790652	0.000548417000782559	0.873533847170602	0.951911559633347	0.987768651702319
Sandaracinaceae	0.0669482829714301	0.824053407133061	0.896802402538193	0.00176498571656308	0.834824044725525	0.990317067448583	0.994392988135748
Sanguibacteraceae	0.313605790965976	0.0958080567186592	0.1183441345418	0.000942033151306774	0.834824044725525	0.951911559633347	0.987768651702319
Saprospiraceae	0.356342437753815	0.798804295780308	0.823110976221153	0.000995549625911027	0.834824044725525	0.990317067448583	0.994392988135748
Schizosaccharomycetaceae	0.978438808964855	0.526600704099943	0.558469244034142	2.52359407116106e-05	0.988031346307648	0.951911559633347	0.987768651702319
Sclerotiniaceae	0.874375270836424	0.365314601648635	0.382898867206025	0.00012232103190967	0.97048117344991	0.951911559633347	0.987768651702319
Scytonemataceae	0.33099512203172	0.897663664406222	0.897136524414421	0.000878349920393466	0.834824044725525	0.995097206000048	0.994392988135748
Sedimentisphaeraceae	0.472857503309151	0.836495005647291	0.864159967084503	0.000510353921417236	0.866624961580828	0.990317067448583	0.994392988135748
Segniliparaceae	0.230841191667481	0.228517916992103	0.26346972558721	0.00128970670977195	0.834824044725525	0.951911559633347	0.987768651702319
Selenomonadaceae	0.282863263848286	0.519527390341183	0.51840712741234	0.00110753250831264	0.834824044725525	0.951911559633347	0.987768651702319
Shewanellaceae	0.693081574901461	0.432567495815343	0.431724134116077	0.000248279264609943	0.896826660990585	0.951911559633347	0.987768651702319
Silvanigrellaceae	0.771025375455963	0.934913522215308	0.860344413265995	0.000324347606850908	0.94009629066361	0.998360826745642	0.994392988135748
Simkaniaceae	0.635898356340428	0.947433242470122	0.937349503421359	0.000536490069415454	0.889074104537541	0.998360826745642	0.994392988135748
Sinobacteraceae	0.414795614908222	0.56199775069163	0.612756513984833	0.000740507832809244	0.845193594369196	0.951911559633347	0.987768651702319
Solibacteraceae	0.653348640349592	0.0802013719616726	0.0744729060294779	0.000379481107656707	0.893537674866367	0.951911559633347	0.987768651702319
Sordariaceae	0.933087821546975	0.07803244698752	0.0946380728971898	-6.07515322850528e-05	0.986161709667261	0.951911559633347	0.987768651702319
Sphaerobacteraceae	0.199579574542536	0.335657659970319	0.387122061712447	0.00121760023265975	0.834824044725525	0.951911559633347	0.987768651702319
Sphingobacteriaceae	0.902776878427026	0.861408202257248	0.856047380065222	6.76882916054307e-05	0.980865173818393	0.992450165911594	0.994392988135748
Sphingomonadaceae	0.302491863996757	0.336527125804282	0.364521415073169	0.000815299944891092	0.834824044725525	0.951911559633347	0.987768651702319
Spirochaetaceae	0.269632625255411	0.825247081547107	0.891824283596249	0.000701753299233563	0.834824044725525	0.990317067448583	0.994392988135748
Spiroplasmataceae	0.773325496575838	0.636238008192444	0.682005109110032	0.000298218640481974	0.94009629066361	0.975173598282817	0.987768651702319
Spongiibacteraceae	0.593289679636543	0.789404476691513	0.86730301186475	0.000438689946949844	0.874554594058891	0.990317067448583	0.994392988135748
Sporichthyaceae	0.533522239692749	0.809121195344055	0.824341332830503	0.000615050457399006	0.867903432970292	0.990317067448583	0.994392988135748
Sporolactobacillaceae	0.933027870566349	0.266017237672606	0.273336724554942	5.63167901037276e-05	0.986161709667261	0.951911559633347	0.987768651702319
Sporomusaceae	0.433550161711879	0.616646051117872	0.645660027188756	0.000506190329996954	0.84575126243037	0.975173598282817	0.987768651702319
Staphylococcaceae	0.777579449308027	0.447610674215324	0.490660417105804	-0.000225915121381247	0.94009629066361	0.951911559633347	0.987768651702319
Steroidobacteraceae	0.51741109988144	0.697754444525954	0.69553724430038	0.000543598690141615	0.867903432970292	0.9779119436757	0.987768651702319
Sterolibacteriaceae	0.210121117843906	0.780894655113626	0.846838991638307	0.00107708314460413	0.834824044725525	0.990317067448583	0.994392988135748
Streptococcaceae	0.115448108170896	0.582981046771344	0.591343895959101	-0.00230569307717275	0.834824044725525	0.96229243297193	0.987768651702319
Streptomycetaceae	0.253595891085033	0.312873181789347	0.345151116289206	0.000989714715315181	0.834824044725525	0.951911559633347	0.987768651702319
Streptosporangiaceae	0.257441801925383	0.433275228909201	0.473223408607523	0.000968223373345869	0.834824044725525	0.951911559633347	0.987768651702319
Succinivibrionaceae	0.254569889656342	0.314800618434297	0.311605016961114	-0.000977979702847263	0.834824044725525	0.951911559633347	0.987768651702319
Sulfolobaceae	0.188287440058143	0.306897151552447	0.267222071028081	-0.000929790159285788	0.834824044725525	0.951911559633347	0.987768651702319
Sutterellaceae	0.601068520133138	0.851892922400903	0.798597734608255	0.000685596612498054	0.874554594058891	0.990317067448583	0.994392988135748
Symbiobacteriaceae	0.313306679621624	0.524259638065452	0.580079463786836	0.000993271368839312	0.834824044725525	0.951911559633347	0.987768651702319
Synechococcaceae	0.377586945958037	0.320608748146771	0.339015528896845	0.000702704329709765	0.835064189984076	0.951911559633347	0.987768651702319
Synergistaceae	0.483877540866632	0.899795000482151	0.990769507238579	0.000717513060794342	0.867903432970292	0.995097206000048	0.999113018634767
Syntrophaceae	0.20823593185563	0.973069716057287	0.955628593136999	0.00102243755935351	0.834824044725525	0.998360826745642	0.999113018634767
Syntrophobacteraceae	0.120474895754398	0.96021169290638	0.884151905755225	0.00124354698308958	0.834824044725525	0.998360826745642	0.994392988135748
Syntrophomonadaceae	0.175276822450461	0.519809889952962	0.509385268204124	0.00115153355509449	0.834824044725525	0.951911559633347	0.987768651702319
Tannerellaceae	0.22774699352987	0.620284994063144	0.697104897128083	0.00215520598379015	0.834824044725525	0.975173598282817	0.987768651702319
Tepidiformaceae	0.944574566945605	0.0642106214417647	0.0567649496883141	6.34831546206789e-05	0.986161709667261	0.951911559633347	0.987768651702319
Thermaceae	0.242898112749893	0.368635637595296	0.418163742041757	0.000928586542419448	0.834824044725525	0.951911559633347	0.987768651702319
Thermoactinomycetaceae	0.159232575760363	0.923320598625088	0.883065142476499	0.000961211648567159	0.834824044725525	0.998360826745642	0.994392988135748
Thermoanaerobacteraceae	0.40374948214764	0.39038720047876	0.421833068150106	0.000533522991058977	0.835064189984076	0.951911559633347	0.987768651702319
Thermoanaerobacterales Family III. Incertae Sedis	0.853489872856207	0.842657360654893	0.87381371400257	0.000128328123440873	0.963931499232843	0.990317067448583	0.994392988135748
Thermoanaerobacterales Family IV. Incertae Sedis	0.301782033694735	0.724598584833623	0.73862513626958	0.000641938440223033	0.834824044725525	0.9779119436757	0.987768651702319
Thermococcaceae	0.386951840066533	0.396680617395796	0.442811090655451	0.000565562538060582	0.835064189984076	0.951911559633347	0.987768651702319
Thermodesulfobacteriaceae	0.729651661932539	0.488711006737009	0.546545813246231	0.000241961933423835	0.926239238971008	0.951911559633347	0.987768651702319
Thermodesulfobiaceae	0.896375708710278	0.97377572918537	0.865201056539757	0.000147005365692531	0.978037055054647	0.998360826745642	0.994392988135748
Thermofilaceae	0.891056313162249	0.359440384864357	0.386248045741456	0.000146556295599071	0.976370215486294	0.951911559633347	0.987768651702319
Thermoguttaceae	0.060592428305935	0.863653733045396	0.943435690251823	0.00176938667808294	0.834824044725525	0.992816233299953	0.995633976392805
Thermomicrobiaceae	0.0676387256834523	0.791406641352589	0.924660858145852	0.00189827973556947	0.834824044725525	0.990317067448583	0.994392988135748
Thermomonosporaceae	0.417733070717368	0.28579471645407	0.303351880002979	0.000776356075887181	0.845193594369196	0.951911559633347	0.987768651702319
Thermoplasmataceae	0.640798457333239	0.805486282042535	0.683390553795766	0.000553056102186543	0.889518074195736	0.990317067448583	0.987768651702319
Thermoproteaceae	0.846127243500141	0.628102699884729	0.678265511765166	0.000157109793467715	0.963931499232843	0.975173598282817	0.987768651702319
Thermotogaceae	0.814815139681369	0.802410045665515	0.863085942791409	0.000166304632619965	0.955876530605706	0.990317067448583	0.994392988135748
Thioalkalibacteraceae	0.547400256757156	0.229048621034082	0.245538790350286	0.000575534113691316	0.867903432970292	0.951911559633347	0.987768651702319
Thioalkalispiraceae	0.18710264595608	0.943004942873914	0.989958570604424	0.00114063814006158	0.834824044725525	0.998360826745642	0.999113018634767
Thiobacillaceae	0.973512584624685	0.648277712875314	0.629739355143842	3.11527395253882e-05	0.988031346307648	0.9779119436757	0.987768651702319
Thiotrichaceae	0.275645778584957	0.795191954106243	0.757608965868769	-0.000883475434160834	0.834824044725525	0.990317067448583	0.987768651702319
Tissierellaceae	0.655288068155182	0.97954255100322	0.966942927254146	0.000309394832840022	0.893537674866367	0.998360826745642	0.999113018634767
Tolypothrichaceae	0.527772310990851	0.0941234208434512	0.107653503444485	-0.000680967489113081	0.867903432970292	0.951911559633347	0.987768651702319
Trichocomaceae	0.89965721337601	0.727360430124758	0.798009704340569	-0.000103250435879901	0.979542209066903	0.9779119436757	0.994392988135748
Trichomonascaceae	0.604544485677624	0.343905177051848	0.387263742873282	-0.000416993704574967	0.874554594058891	0.951911559633347	0.987768651702319
Trueperaceae	0.186744974413126	0.472463369300404	0.589211202917652	0.00134862056926862	0.834824044725525	0.951911559633347	0.987768651702319
Tsukamurellaceae	0.121194870666115	0.472871676512482	0.537454648480946	0.0014397108463715	0.834824044725525	0.951911559633347	0.987768651702319
Unclassified Acidobacteria Phylum	0.844118108705316	0.930077678934254	0.875597346706226	0.000270234396983443	0.963931499232843	0.998360826745642	0.994392988135748
Unclassified Actinobacteria Class	0.124767609619009	0.471585773487308	0.521244295072617	0.0012544181627567	0.834824044725525	0.951911559633347	0.987768651702319
Unclassified Actinobacteria Phylum	0.0945111328003668	0.167722247185979	0.179414712300731	0.00159364615014467	0.834824044725525	0.951911559633347	0.987768651702319
Unclassified Alphaproteobacteria Class	0.301481749544714	0.505101726768774	0.555927928934127	0.000857088743011926	0.834824044725525	0.951911559633347	0.987768651702319
Unclassified Alteromonadales Order	0.535368049548025	0.768005930929521	0.723823191396989	-0.000449657922115994	0.867903432970292	0.990317067448583	0.987768651702319
Unclassified Aquificales Order	0.390661836521651	0.994852255358939	0.855686189875034	0.000857062289391903	0.835064189984076	0.998360826745642	0.994392988135748
Unclassified Armatimonadetes Phylum	0.117987565659208	0.889954334055289	0.975587960836574	0.00122830926612087	0.834824044725525	0.995097206000048	0.999113018634767
Unclassified Ascomycota Phylum	0.618883864330209	0.488295648945279	0.600880832758348	0.000587196950178167	0.876917606405765	0.951911559633347	0.987768651702319
Unclassified Bacillales Order	0.525577855939383	0.155130255066175	0.154697158172541	-0.000407249330338679	0.867903432970292	0.951911559633347	0.987768651702319
Unclassified Bacilli Class	0.953606224887179	0.553958706755012	0.606858267595907	4.10058483234392e-05	0.986161709667261	0.951911559633347	0.987768651702319
Unclassified Bacteroidales Order	0.293196868948285	0.287376175777878	0.289126721232862	0.00143059630581283	0.834824044725525	0.951911559633347	0.987768651702319
Unclassified Bacteroidetes Phylum	0.187305812306347	0.152773090665403	0.155061507340524	0.00135660273158394	0.834824044725525	0.951911559633347	0.987768651702319
Unclassified Bacteroidia Class	0.0724132799320896	0.249180871506544	0.229101482331554	0.00255014358195084	0.834824044725525	0.951911559633347	0.987768651702319
Unclassified Balneolaeota Phylum	0.604641005239142	0.875702017407182	0.897348141299314	0.000428976738722289	0.874554594058891	0.995097206000048	0.994392988135748
Unclassified Betaproteobacteria Class	0.287749181395243	0.411546339167641	0.441346205107376	0.000899163047285095	0.834824044725525	0.951911559633347	0.987768651702319
Unclassified Blastocatellia Class	0.155169684017672	0.851334597155056	0.7241388147413	0.00135152260336361	0.834824044725525	0.990317067448583	0.987768651702319
Unclassified Bradymonadales Order	0.159548624834374	0.676241407302032	0.609762336195774	0.00112683616030609	0.834824044725525	0.9779119436757	0.987768651702319
Unclassified Burkholderiales Order	0.399716548595076	0.348968182007409	0.395752121377618	0.000732942403461288	0.835064189984076	0.951911559633347	0.987768651702319
Unclassified Campylobacterales Order	0.681985231652622	0.211861566367558	0.216672957173701	-0.000321823267300195	0.896826660990585	0.951911559633347	0.987768651702319
Unclassified Candidatus Bipolaricaulota Phylum	0.323823971351158	0.640016847028335	0.747131901756872	0.000939393980182007	0.834824044725525	0.975173598282817	0.987768651702319
Unclassified Candidatus Cloacimonetes Phylum	0.549391299317117	0.230653442092484	0.249480489299511	-0.000627610287717348	0.867903432970292	0.951911559633347	0.987768651702319
Unclassified Candidatus Gracilibacteria Phylum	0.185060915636105	0.650609936876096	0.657992814812176	-0.00170424762617756	0.834824044725525	0.9779119436757	0.987768651702319
Unclassified Candidatus Saccharibacteria Phylum	0.800454921120683	0.282229935533068	0.306320616858604	0.000231971377284346	0.953276772640172	0.951911559633347	0.987768651702319
Unclassified Cellvibrionales Order	0.162401766847004	0.119530418389219	0.118409466926692	0.00179184316921322	0.834824044725525	0.951911559633347	0.987768651702319
Unclassified Chromatiales Order	0.293477497691117	0.589260877065077	0.635162763153951	0.000950323494923551	0.834824044725525	0.968753881482649	0.987768651702319
Unclassified Chroococcales Order	0.349155844097221	0.673437537461049	0.59912747991213	-0.00146105694908387	0.834824044725525	0.9779119436757	0.987768651702319
Unclassified Clostridia Class	0.511783781499398	0.672471160116794	0.704661449767083	0.000461385182898969	0.867903432970292	0.9779119436757	0.987768651702319
Unclassified Clostridiales Order	0.227926719831367	0.687752302041669	0.635397055499213	0.000712810953920805	0.834824044725525	0.9779119436757	0.987768651702319
Unclassified Coriobacteriales Order	0.861489811924385	0.00812458890529722	0.00782824954176103	0.000221583210384228	0.963931499232843	0.951911559633347	0.987768651702319
Unclassified Coriobacteriia Class	0.255151913659061	0.0712102619519346	0.0792105557002182	0.00138088442139433	0.834824044725525	0.951911559633347	0.987768651702319
Unclassified Corynebacteriales Order	0.134311551101413	0.253675122261346	0.276015992822517	0.00126937728462432	0.834824044725525	0.951911559633347	0.987768651702319
Unclassified Cyanobacteria Phylum	0.546827392911044	0.720288458592559	0.81138395789919	0.000434103866695825	0.867903432970292	0.9779119436757	0.994392988135748
Unclassified Cytophagales Order	0.566717415719302	0.978589492684417	0.991299718712645	0.000389235429307652	0.870946621863403	0.998360826745642	0.999113018634767
Unclassified Dehalococcoidia Class	0.165298984943035	0.521460367611875	0.569226010190399	0.00122769173443427	0.834824044725525	0.951911559633347	0.987768651702319
Unclassified Deinococci Class	0.353009136202553	0.709806624363886	0.815670853998971	0.00112409978846704	0.834824044725525	0.9779119436757	0.994392988135748
Unclassified Deltaproteobacteria Class	0.107918226429716	0.63975159683671	0.750431265751143	0.00147379498370632	0.834824044725525	0.975173598282817	0.987768651702319
Unclassified Desulfobacterales Order	0.268742481661976	0.324694040809246	0.280238123646788	0.0016195310806309	0.834824044725525	0.951911559633347	0.987768651702319
Unclassified Desulfovibrionales Order	0.199546440780612	0.433248969221761	0.547991803124017	0.00137187392176042	0.834824044725525	0.951911559633347	0.987768651702319
Unclassified Desulfuromonadales Order	0.134044473858673	0.948600643094038	0.924926550173354	0.00129662063787598	0.834824044725525	0.998360826745642	0.994392988135748
Unclassified Elusimicrobia Phylum	0.316822348899498	0.732208330755609	0.724022174753337	0.000933900439667233	0.834824044725525	0.9779119436757	0.987768651702319
Unclassified Enterobacterales Order	0.711530116305828	0.340272010354845	0.408188249045768	-0.000287044051971086	0.9087667740129	0.951911559633347	0.987768651702319
Unclassified Entomoplasmatales Order	0.934176984095645	0.442682960587136	0.507861260950156	0.000115325016668666	0.986161709667261	0.951911559633347	0.987768651702319
Unclassified Epsilonproteobacteria Class	0.682955008024023	0.559574164672829	0.613338382679377	-0.000280369896744982	0.896826660990585	0.951911559633347	0.987768651702319
Unclassified Euryarchaeota Phylum	0.103625669688422	0.497579117064221	0.445582427352713	0.00159513184779169	0.834824044725525	0.951911559633347	0.987768651702319
Unclassified Firmicutes Phylum	0.946292330583553	0.544849335769454	0.56880013166817	4.00196206204826e-05	0.986161709667261	0.951911559633347	0.987768651702319
Unclassified Flavobacteriales Order	0.194904879116064	0.596196424180723	0.521568513044418	0.00118870172594044	0.834824044725525	0.971649235610989	0.987768651702319
Unclassified Frankiales Order	0.69191840905771	0.0476902211557524	0.0560656549622205	0.000399072764880348	0.896826660990585	0.951911559633347	0.987768651702319
Unclassified Fusobacteriales Order	0.857846014483081	0.395588106871411	0.471687094685581	0.000171890324540022	0.963931499232843	0.951911559633347	0.987768651702319
Unclassified Gammaproteobacteria Class	0.51959690275637	0.460787616723861	0.483708771647363	0.000410962978518623	0.867903432970292	0.951911559633347	0.987768651702319
Unclassified Halanaerobiales Order	0.791807088373671	0.628359504360626	0.648136748467424	-0.000210084750183135	0.950537646882145	0.975173598282817	0.987768651702319
Unclassified Halobacteria Class	0.138502234060742	0.832162037129816	0.955110637148467	0.00138250371335782	0.834824044725525	0.990317067448583	0.999113018634767
Unclassified Halobacteriales Order	0.104501962087335	0.636887952279197	0.501761324322913	0.00195264418669243	0.834824044725525	0.975173598282817	0.987768651702319
Unclassified Haloferacales Order	0.0552291217770947	0.969148285100219	0.746288112364723	0.0017832360151528	0.834824044725525	0.998360826745642	0.987768651702319
Unclassified Ignavibacteriales Order	0.661044376939972	0.844593673168543	0.85485583132569	-0.000793845169699955	0.893537674866367	0.990317067448583	0.994392988135748
Unclassified Kiritimatiellaeota Phylum	0.426992995556577	0.975901598403633	0.938398043172764	0.000607562594363099	0.845193594369196	0.998360826745642	0.994392988135748
Unclassified Lactobacillales Order	0.941561008114594	0.467804989040763	0.525197520223806	-5.92337259852801e-05	0.986161709667261	0.951911559633347	0.987768651702319
Unclassified Methanococcales Order	0.618759365862181	0.711160433849525	0.631244578141401	0.000576847066171189	0.876917606405765	0.9779119436757	0.987768651702319
Unclassified Micrococcales Order	0.183914868571704	0.523394725453229	0.540663748069551	0.00115308291909426	0.834824044725525	0.951911559633347	0.987768651702319
Unclassified Mollicutes Class	0.593841299757069	0.875721891385848	0.850878151498021	0.000692287272959826	0.874554594058891	0.995097206000048	0.994392988135748
Unclassified Myxococcales Order	0.21787997470588	0.564314187736269	0.638498859919875	0.00116978755490218	0.834824044725525	0.951911559633347	0.987768651702319
Unclassified Negativicutes Class	0.846341535072395	0.976052208296392	0.935023438817707	0.000171836247817794	0.963931499232843	0.998360826745642	0.994392988135748
Unclassified Neisseriales Order	0.163734998577369	0.845855960279026	0.763451437379299	0.00159152575360178	0.834824044725525	0.990317067448583	0.988165885028829
Unclassified Nitrosomonadales Order	0.636243740255738	0.0919564984949207	0.0985007759108949	-0.000464675116514028	0.889074104537541	0.951911559633347	0.987768651702319
Unclassified Nostocales Order	0.955328387801434	0.419984567451843	0.432989311491885	3.79588014760408e-05	0.986161709667261	0.951911559633347	0.987768651702319
Unclassified Oceanospirillales Order	0.465434317219545	0.349218864652959	0.364486917339904	0.00056088949202762	0.862281489022481	0.951911559633347	0.987768651702319
Unclassified Oscillatoriales Order	0.366349969141687	0.413060412466714	0.494748860941546	0.00082092203623943	0.834824044725525	0.951911559633347	0.987768651702319
Unclassified Phycisphaerae Class	0.238759935728793	0.904282509530141	0.88568013262919	0.0010423333221932	0.834824044725525	0.995097206000048	0.994392988135748
Unclassified Planctomycetales Order	0.259124849479529	0.341529053209403	0.388308779132329	0.000953618784053814	0.834824044725525	0.951911559633347	0.987768651702319
Unclassified Planctomycetes Phylum	0.313114113838527	0.264265623217127	0.285005835675936	0.00073788595624495	0.834824044725525	0.951911559633347	0.987768651702319
Unclassified Planctomycetia Class	0.0451999584791846	0.349043287038108	0.342073988362939	0.00207580704545608	0.834824044725525	0.951911559633347	0.987768651702319
Unclassified Propionibacteriales Order	0.825873281800889	0.125164154150629	0.117109471084348	-0.000206268372516532	0.960100993515706	0.951911559633347	0.987768651702319
Unclassified Proteobacteria Phylum	0.342946113013334	0.441869456789107	0.48595127559869	0.00073373979861031	0.834824044725525	0.951911559633347	0.987768651702319
Unclassified Pseudomonadales Order	0.132879823399488	0.203675142186711	0.194023878416777	0.00119381988509217	0.834824044725525	0.951911559633347	0.987768651702319
Unclassified Rhizobiales Order	0.194249945529151	0.675400612522586	0.755455863461188	0.00108040566280884	0.834824044725525	0.9779119436757	0.987768651702319
Unclassified Rhodobacterales Order	0.251722968192771	0.916927196594263	0.911475682519822	0.00149499037792642	0.834824044725525	0.998360826745642	0.994392988135748
Unclassified Rhodocyclales Order	0.240575900952414	0.382565915061326	0.40431158708569	0.00110825822216908	0.834824044725525	0.951911559633347	0.987768651702319
Unclassified Rhodospirillales Order	0.477269514192965	0.681319240414608	0.72465684311559	0.000827581008197779	0.867903432970292	0.9779119436757	0.987768651702319
Unclassified Rickettsiales Order	0.231270784984191	0.859508134324253	0.858915688154176	-0.00149928488933002	0.834824044725525	0.992450165911594	0.994392988135748
Unclassified Saccharomycetales Order	0.576996262702496	0.347281775449267	0.270703843042541	-0.000718899549911244	0.873979633211133	0.951911559633347	0.987768651702319
Unclassified Silvanigrellales Order	0.428589315259159	0.601894702759155	0.562456621334491	0.000666082483996493	0.845193594369196	0.975173598282817	0.987768651702319
Unclassified Sordariomycetes Class	0.0847962348367255	0.435329251430341	0.369134920143891	0.00285612199709966	0.834824044725525	0.951911559633347	0.987768651702319
Unclassified Sphingomonadales Order	0.0866769743066854	0.996247318211819	0.92716599105489	0.00146721779590028	0.834824044725525	0.998360826745642	0.994392988135748
Unclassified Streptosporangiales Order	0.210181997825288	0.994211715868658	0.97348051070246	0.00158372530902898	0.834824044725525	0.998360826745642	0.999113018634767
Unclassified Synechococcales Order	0.502268614515892	0.213810657030874	0.196983081433181	-0.000947442168969894	0.867903432970292	0.951911559633347	0.987768651702319
Unclassified Tenericutes Phylum	0.935994037897686	0.201230830686922	0.23665519017952	-7.66903360688184e-05	0.986161709667261	0.951911559633347	0.987768651702319
Unclassified Thaumarchaeota Phylum	0.423695551488566	0.274790443780387	0.308203248627043	0.000713662389173827	0.845193594369196	0.951911559633347	0.987768651702319
Unclassified Thermoanaerobacterales Order	0.28877069299941	0.806245188320356	0.793044176757687	0.000912499956961634	0.834824044725525	0.990317067448583	0.994392988135748
Unclassified Thermoplasmata Class	0.223621344834554	0.977271584560985	0.963443185580916	0.00122057955136263	0.834824044725525	0.998360826745642	0.999113018634767
Unclassified Thermoplasmatales Order	0.526264239369965	0.278928226119479	0.330236688913956	0.000649549595155941	0.867903432970292	0.951911559633347	0.987768651702319
Unclassified Tissierellia Class	0.684279861328524	0.264375509491911	0.312004123248451	-0.000375775180882925	0.896826660990585	0.951911559633347	0.987768651702319
Unclassified Verrucomicrobia Phylum	0.42837511166858	0.527895317160778	0.613188798187469	0.000662691066117807	0.845193594369196	0.951911559633347	0.987768651702319
Unclassified Verrucomicrobiales Order	0.681665132508688	0.740054726332085	0.671035101631444	0.000899137649180907	0.896826660990585	0.979763969308545	0.987768651702319
Unclassified Victivallales Order	0.842871420012226	0.164776002576681	0.153023461338581	-0.000282846705645909	0.963931499232843	0.951911559633347	0.987768651702319
Unclassified Xanthomonadales Order	0.455709948358728	0.23692710590393	0.296543373051696	0.000755839835289237	0.862281489022481	0.951911559633347	0.987768651702319
Unclassified candidate division Zixibacteria Phylum	0.835840627567673	0.923526628914602	0.973433472437287	0.000182503333489143	0.963931499232843	0.998360826745642	0.999113018634767
Unikaryonidae	0.331597099887569	0.737736418277686	0.629843642029605	0.000875030442369202	0.834824044725525	0.979211998487134	0.987768651702319
Ustilaginaceae	0.144079966579152	0.559840961944201	0.620448019051079	0.00117559257288466	0.834824044725525	0.951911559633347	0.987768651702319
Vallitaleaceae	0.431075607656173	0.108202185953707	0.125476523538367	-0.00062035727214167	0.845193594369196	0.951911559633347	0.987768651702319
Veillonellaceae	0.220332737177019	0.639347610449115	0.783782774206519	-0.0013613501104858	0.834824044725525	0.975173598282817	0.994392988135748
Verrucomicrobiaceae	0.332088260579748	0.847851230751953	0.971310512637394	0.000878080659838434	0.834824044725525	0.990317067448583	0.999113018634767
Vibrionaceae	0.953859219228487	0.383026436330473	0.38605184974702	-3.48004418402392e-05	0.986161709667261	0.951911559633347	0.987768651702319
Vicinamibacteraceae	0.326131465024016	0.0860547393940048	0.0877733264557965	0.000871707613485027	0.834824044725525	0.951911559633347	0.987768651702319
Vulgatibacteraceae	0.889568264526114	0.115091871833853	0.112760393765864	0.000140989546666515	0.976370215486294	0.951911559633347	0.987768651702319
Waddliaceae	0.510083677876455	0.505173862292249	0.483675783262841	-0.000712083907641804	0.867903432970292	0.951911559633347	0.987768651702319
Wenzhouxiangellaceae	0.997307934636947	0.387142788882301	0.432080693644684	3.61726628952265e-06	0.998515955754688	0.951911559633347	0.987768651702319
Woeseiaceae	0.65020205807184	0.499896606144987	0.48026843094446	0.000472707446543213	0.893537674866367	0.951911559633347	0.987768651702319
Xanthobacteraceae	0.422043585283632	0.512804557107854	0.568917922032201	0.000709059833748499	0.845193594369196	0.951911559633347	0.987768651702319
Xanthomonadaceae	0.361057737012472	0.289546860705835	0.314634258005888	0.000762292832112085	0.834824044725525	0.951911559633347	0.987768651702319
Yersiniaceae	0.686014501071391	0.34199900485625	0.364272957707503	0.000276082520237932	0.896826660990585	0.951911559633347	0.987768651702319
Zoogloeaceae	0.270363754982608	0.398452682357344	0.443776701252502	0.000919462950854523	0.834824044725525	0.951911559633347	0.987768651702319
