p-variable	p-treatment	p-interaction	slope	adjusted.p-variable	adjusted.p-treatment	adjusted.p-interaction
Acaryochloridaceae	0.869248710322022	0.729160924202717	0.484420098782893	7.17777391219699e-06	0.993850509064388	0.999383083240083	0.99714009177812
Acetobacteraceae	0.663103080256857	0.675184381510985	0.809370673695179	-1.46217985356078e-05	0.993850509064388	0.999383083240083	0.99714009177812
Acholeplasmataceae	0.35019308487161	0.733242533507814	0.575628286294047	-3.91869359809742e-05	0.993850509064388	0.999383083240083	0.99714009177812
Acidaminococcaceae	0.0129769608664303	0.74452279269245	0.341085193184583	-0.000252027451954675	0.993850509064388	0.999383083240083	0.99714009177812
Acidiferrobacteraceae	0.793262154815058	0.912403247198449	0.712032586272281	9.85313821919982e-06	0.993850509064388	0.999383083240083	0.99714009177812
Acidilobaceae	0.826042517420941	0.672381058532341	0.993720105732666	-1.00631647697345e-05	0.993850509064388	0.999383083240083	0.99714009177812
Acidimicrobiaceae	0.533903173012571	0.0837665687497606	0.105930190535398	3.17909531455265e-05	0.993850509064388	0.999383083240083	0.99714009177812
Acidithiobacillaceae	0.492158000067818	0.895142622298942	0.839818025677309	-2.6207404678912e-05	0.993850509064388	0.999383083240083	0.99714009177812
Acidobacteriaceae	0.99641805048158	0.891014665636092	0.878882435691177	1.59893799767553e-07	0.996500836648768	0.999383083240083	0.99714009177812
Acidothermaceae	0.404202643948529	0.844327821753774	0.960215567726281	2.92623968642186e-05	0.993850509064388	0.999383083240083	0.99714009177812
Actinomycetaceae	0.637508617949165	0.543291787842991	0.765134141497697	1.88416412225738e-05	0.993850509064388	0.999383083240083	0.99714009177812
Actinopolysporaceae	0.757374259067014	0.131935047508693	0.0742481813938267	-1.43753236097617e-05	0.993850509064388	0.999383083240083	0.99714009177812
Aerococcaceae	0.615663637224289	0.804639989659229	0.561046398333806	-1.39177861636772e-05	0.993850509064388	0.999383083240083	0.99714009177812
Aeromonadaceae	0.860719652554109	0.841265359572631	0.862022202082739	-6.18868230131562e-06	0.993850509064388	0.999383083240083	0.99714009177812
Akkermansiaceae	0.121769982034817	0.808418462537824	0.989584539425701	-0.000192745961671122	0.993850509064388	0.999383083240083	0.99714009177812
Alcaligenaceae	0.895813826977626	0.812553637641359	0.740985988601381	4.58748987683287e-06	0.993850509064388	0.999383083240083	0.99714009177812
Alcanivoracaceae	0.848819121062893	0.580360941939128	0.699852254812074	-6.32978188670676e-06	0.993850509064388	0.999383083240083	0.99714009177812
Alicyclobacillaceae	0.824953959850444	0.788667036972466	0.656858864998197	7.49052740121302e-06	0.993850509064388	0.999383083240083	0.99714009177812
Alteromonadaceae	0.500907231091287	0.644823627229297	0.713985873817886	-1.99160132702678e-05	0.993850509064388	0.999383083240083	0.99714009177812
Amoebophilaceae	0.201433898238038	0.509427450708837	0.556459201617459	-5.3437678970203e-05	0.993850509064388	0.999383083240083	0.99714009177812
Anaerohalosphaeraceae	0.27775865139989	0.794257499977232	0.666195715521917	-4.37948525148283e-05	0.993850509064388	0.999383083240083	0.99714009177812
Anaerolineaceae	0.595906906901109	0.68391161179273	0.77215851203772	-1.79328788716248e-05	0.993850509064388	0.999383083240083	0.99714009177812
Anaeromyxobacteraceae	0.745439540630681	0.963963517985852	0.922780939981805	1.30835064482596e-05	0.993850509064388	0.999383083240083	0.99714009177812
Anaplasmataceae	0.111692489713579	0.650419739074519	0.398748141427669	-5.73535181030389e-05	0.993850509064388	0.999383083240083	0.99714009177812
Aphanizomenonaceae	0.0559465463923305	0.787227977712855	0.806829088410101	-6.57924612720967e-05	0.993850509064388	0.999383083240083	0.99714009177812
Aphanothecaceae	0.327913812383411	0.848565405753765	0.656538369461718	-2.99833262586481e-05	0.993850509064388	0.999383083240083	0.99714009177812
Aquificaceae	0.534208254124032	0.865500677708171	0.809487628476422	-2.48181132317449e-05	0.993850509064388	0.999383083240083	0.99714009177812
Archaeoglobaceae	0.565202861858416	0.634841778341626	0.465282888879462	-1.82375220625496e-05	0.993850509064388	0.999383083240083	0.99714009177812
Archangiaceae	0.71175971414256	0.745997763399465	0.638460065077782	1.42196625390245e-05	0.993850509064388	0.999383083240083	0.99714009177812
Ardenticatenaceae	0.382848328565722	0.732970023025089	0.477696520398476	3.48346113283668e-05	0.993850509064388	0.999383083240083	0.99714009177812
Aspergillaceae	0.738979130568924	0.98185058100162	0.996760503649318	-1.09837998109682e-05	0.993850509064388	0.999383083240083	0.99714009177812
Atopobiaceae	0.986169044022028	0.964340243903171	0.853419103825364	-8.03489334955709e-07	0.994310324132051	0.999383083240083	0.99714009177812
Aurantimonadaceae	0.799014421740336	0.647729741335839	0.673873620271497	-1.0009418928533e-05	0.993850509064388	0.999383083240083	0.99714009177812
Azonexaceae	0.882398495198086	0.710964215838224	0.613462493618749	4.7988656723834e-06	0.993850509064388	0.999383083240083	0.99714009177812
Bacillaceae	0.290159227508463	0.982709099740599	0.847733100149787	-2.99484478002044e-05	0.993850509064388	0.999383083240083	0.99714009177812
Bacteriovoracaceae	0.312748959932572	0.868526189145905	0.988280576657615	-4.24007653214992e-05	0.993850509064388	0.999383083240083	0.99714009177812
Bacteroidaceae	0.837788914895711	0.405287982541868	0.433525600178805	-1.35815285010584e-05	0.993850509064388	0.999383083240083	0.99714009177812
Baekduiaceae	0.252608349466554	0.507139687439498	0.843560773888531	5.62605307309648e-05	0.993850509064388	0.999383083240083	0.99714009177812
Barnesiellaceae	0.203197284025146	0.101838785508185	0.17450824263233	-7.69122150411711e-05	0.993850509064388	0.999383083240083	0.99714009177812
Bartonellaceae	0.125053839844344	0.971848330385771	0.759425724987848	-4.99168209399824e-05	0.993850509064388	0.999383083240083	0.99714009177812
Bdellovibrionaceae	0.107819673682568	0.701889240412936	0.917749587678029	-4.7972924502213e-05	0.993850509064388	0.999383083240083	0.99714009177812
Beijerinckiaceae	0.57347897726325	0.888531919524804	0.973658149659968	-2.22005510229856e-05	0.993850509064388	0.999383083240083	0.99714009177812
Bernardetiaceae	0.122897612512381	0.883852412835454	0.674097235849874	-7.40198081814899e-05	0.993850509064388	0.999383083240083	0.99714009177812
Beutenbergiaceae	0.84641320648079	0.400941775962651	0.48045324956223	7.98134350385821e-06	0.993850509064388	0.999383083240083	0.99714009177812
Bifidobacteriaceae	0.473868514031284	0.438203053850893	0.619242184931543	6.07821934916274e-05	0.993850509064388	0.999383083240083	0.99714009177812
Blattabacteriaceae	0.311802363511509	0.483139154500908	0.301693047524678	-3.91904624230815e-05	0.993850509064388	0.999383083240083	0.99714009177812
Bogoriellaceae	0.193029449666979	0.486359767663344	0.259174747390626	5.34318147522856e-05	0.993850509064388	0.999383083240083	0.99714009177812
Borreliaceae	0.166577480110116	0.320174980342764	0.212318745001766	-5.86114499752015e-05	0.993850509064388	0.999383083240083	0.99714009177812
Brachyspiraceae	0.190714516600041	0.524772319028598	0.386117961044143	-5.43853683583054e-05	0.993850509064388	0.999383083240083	0.99714009177812
Bradymonadaceae	0.537179065665002	0.408972664734262	0.201737000419501	2.91661894143728e-05	0.993850509064388	0.999383083240083	0.99714009177812
Bradyrhizobiaceae	0.92830400641997	0.917993623848514	0.874597967657567	3.14943570204083e-06	0.993850509064388	0.999383083240083	0.99714009177812
Brevibacteriaceae	0.295500171318779	0.88154980365817	0.696207754759684	3.5805596107638e-05	0.993850509064388	0.999383083240083	0.99714009177812
Brucellaceae	0.977113024120335	0.715497760064262	0.776062643886228	-9.24564070894663e-07	0.993850509064388	0.999383083240083	0.99714009177812
Budviciaceae	0.40137121797924	0.463742572442336	0.428769245822585	-2.58710996198287e-05	0.993850509064388	0.999383083240083	0.99714009177812
Burkholderiaceae	0.771398856866672	0.751473668618451	0.646623377493923	1.01517949154835e-05	0.993850509064388	0.999383083240083	0.99714009177812
Caldilineaceae	0.951755972617427	0.766785156321779	0.911794935805523	-2.52797104390957e-06	0.993850509064388	0.999383083240083	0.99714009177812
Caldisphaeraceae	0.432710231440898	0.433280907421771	0.284481958162727	-4.12746657615283e-05	0.993850509064388	0.999383083240083	0.99714009177812
Calditrichaceae	0.384484962204452	0.87670575824334	0.836846461682352	2.87428913230653e-05	0.993850509064388	0.999383083240083	0.99714009177812
Calotrichaceae	0.252850561776331	0.560960414925475	0.373608654097369	-3.52496139302567e-05	0.993850509064388	0.999383083240083	0.99714009177812
Campylobacteraceae	0.437518466793699	0.291498700037905	0.294492257276086	3.30740530603634e-05	0.993850509064388	0.999383083240083	0.99714009177812
Candidatus Brocadiaceae	0.456090238130241	0.939587585031457	0.636710247773268	-2.69034438267022e-05	0.993850509064388	0.999383083240083	0.99714009177812
Candidatus Deianiraeaceae	0.845827327092329	0.672767811412935	0.570630537916194	1.14776554771708e-05	0.993850509064388	0.999383083240083	0.99714009177812
Candidatus Methanomethylophilaceae	0.854259511219611	0.753708038482567	0.853307870465285	-8.38006340186363e-06	0.993850509064388	0.999383083240083	0.99714009177812
Candidatus Midichloriaceae	0.0720069767871755	0.813950862357753	0.570539306342259	-8.8215322790734e-05	0.993850509064388	0.999383083240083	0.99714009177812
Candidatus Nanopelagicaceae	0.0628543680152773	0.987360905007737	0.631170860641076	-6.72362428441167e-05	0.993850509064388	0.999383083240083	0.99714009177812
Candidatus Paracaedibacteraceae	0.2216113557669	0.968521313513068	0.869268974716833	-6.87499771039435e-05	0.993850509064388	0.999383083240083	0.99714009177812
Cardiobacteriaceae	0.234294140831404	0.912133518925401	0.60709225451861	-4.41362954557464e-05	0.993850509064388	0.999383083240083	0.99714009177812
Carnobacteriaceae	0.351892204397778	0.938051211333353	0.902369817207411	-3.02645561702712e-05	0.993850509064388	0.999383083240083	0.99714009177812
Casimicrobiaceae	0.411769080003257	0.490036018080758	0.39124162985038	-3.72485983604832e-05	0.993850509064388	0.999383083240083	0.99714009177812
Catenulisporaceae	0.486314305985605	0.732250541737983	0.895006882291751	2.8927399401473e-05	0.993850509064388	0.999383083240083	0.99714009177812
Caulobacteraceae	0.922036352480211	0.754719410406027	0.757208627959618	3.65415135420704e-06	0.993850509064388	0.999383083240083	0.99714009177812
Cellulomonadaceae	0.385881597609301	0.990509568340155	0.696909887190256	3.32098908375923e-05	0.993850509064388	0.999383083240083	0.99714009177812
Cellvibrionaceae	0.422630052423823	0.457561882444852	0.625529887378059	-2.720816385438e-05	0.993850509064388	0.999383083240083	0.99714009177812
Chaetomiaceae	0.649344976847246	0.983625655741336	0.94440975771227	-1.59631496072193e-05	0.993850509064388	0.999383083240083	0.99714009177812
Chamaesiphonaceae	0.369137534005225	0.600580315137686	0.578449666640667	-3.62541313900685e-05	0.993850509064388	0.999383083240083	0.99714009177812
Chelatococcaceae	0.496634129517772	0.987467510096298	0.787496490148619	2.92577493079793e-05	0.993850509064388	0.999383083240083	0.99714009177812
Chitinophagaceae	0.302947223940715	0.257863522486108	0.307849816161011	-2.84159992416365e-05	0.993850509064388	0.999383083240083	0.99714009177812
Chlamydiaceae	0.951106056788386	0.919630262899697	0.572196291741572	2.31789970221521e-06	0.993850509064388	0.999383083240083	0.99714009177812
Chlorobiaceae	0.651929440896732	0.58610586213976	0.668995552440349	-1.45541873499e-05	0.993850509064388	0.999383083240083	0.99714009177812
Chloroflexaceae	0.581923817924562	0.447686452776846	0.656426910110455	-2.09190383819559e-05	0.993850509064388	0.999383083240083	0.99714009177812
Christensenellaceae	0.231618644792836	0.524855368723287	0.348395213810255	-6.00914913925585e-05	0.993850509064388	0.999383083240083	0.99714009177812
Chromatiaceae	0.921073073522859	0.676253368537863	0.653877819188008	-3.32360097540497e-06	0.993850509064388	0.999383083240083	0.99714009177812
Chromobacteriaceae	0.822124629678757	0.994633357556365	0.902102541108987	8.44480944470335e-06	0.993850509064388	0.999383083240083	0.99714009177812
Chroococcaceae	0.621882445632167	0.917981550494336	0.851570959135131	-1.48444856570196e-05	0.993850509064388	0.999383083240083	0.99714009177812
Chroococcidiopsidaceae	0.879845185054293	0.347902822101193	0.267074016084516	-6.47885013896877e-06	0.993850509064388	0.999383083240083	0.99714009177812
Chrysiogenaceae	0.9123323976451	0.920185255141507	0.716939280995952	4.19333300032384e-06	0.993850509064388	0.999383083240083	0.99714009177812
Chthonomonadaceae	0.968167558180182	0.305960252876119	0.329556047134161	1.67830858654715e-06	0.993850509064388	0.999383083240083	0.99714009177812
Clavicipitaceae	0.81313656293185	0.855605535195229	0.871896809231223	7.71349114404824e-06	0.993850509064388	0.999383083240083	0.99714009177812
Clostridiaceae	0.276676292021976	0.259407638995803	0.250348487438918	-3.41410163189831e-05	0.993850509064388	0.999383083240083	0.99714009177812
Clostridiales Family XIII. Incertae Sedis	0.63804116283184	0.694279477159219	0.844239025879159	-1.61220654975257e-05	0.993850509064388	0.999383083240083	0.99714009177812
Clostridiales Family XVI. Incertae Sedis	0.62996818041904	0.821627084112256	0.845930281400969	1.54157559364293e-05	0.993850509064388	0.999383083240083	0.99714009177812
Clostridiales Family XVII. Incertae Sedis	0.931902274057862	0.800111070134552	0.909538880235202	3.60600889795137e-06	0.993850509064388	0.999383083240083	0.99714009177812
Cohaesibacteraceae	0.514226747389197	0.850472427808358	0.956309356305346	-2.51606094419136e-05	0.993850509064388	0.999383083240083	0.99714009177812
Coleofasciculaceae	0.550881089931187	0.46541774749916	0.68681651771478	-2.17105423437754e-05	0.993850509064388	0.999383083240083	0.99714009177812
Colwelliaceae	0.541314095372813	0.735769145243233	0.554875309428653	-1.71211065301922e-05	0.993850509064388	0.999383083240083	0.99714009177812
Comamonadaceae	0.69143274537087	0.747831724896475	0.60724556379178	1.47757740970026e-05	0.993850509064388	0.999383083240083	0.99714009177812
Conexibacteraceae	0.413527465243523	0.975362251456839	0.807633446096069	3.66787965761789e-05	0.993850509064388	0.999383083240083	0.99714009177812
Coprothermobacteraceae	0.892160253797565	0.94168194706196	0.898162978656246	7.75115805605837e-06	0.993850509064388	0.999383083240083	0.99714009177812
Coriobacteriaceae	0.829544421149788	0.878870278204517	0.77864518700125	1.61925744852156e-05	0.993850509064388	0.999383083240083	0.99714009177812
Corynebacteriaceae	0.470387947797598	0.636908484538844	0.50935383833206	2.41281537137783e-05	0.993850509064388	0.999383083240083	0.99714009177812
Coxiellaceae	0.40175336616926	0.51160957777384	0.286521443082446	-2.66867318128602e-05	0.993850509064388	0.999383083240083	0.99714009177812
Crocinitomicaceae	0.0803691808187212	0.864545999937179	0.561027209328272	-7.3581465561013e-05	0.993850509064388	0.999383083240083	0.99714009177812
Cryomorphaceae	0.437654104308965	0.0880105318354733	0.0857794794774463	-3.56566538763773e-05	0.993850509064388	0.999383083240083	0.99714009177812
Cryptococcaceae	0.402800142159417	0.993692899882891	0.847923618802898	-2.98466231418338e-05	0.993850509064388	0.999383083240083	0.99714009177812
Cuniculiplasmataceae	0.135000167756437	0.553350991194816	0.488492314958589	-6.45065704590943e-05	0.993850509064388	0.999383083240083	0.99714009177812
Cyanobacteriaceae	0.612344223365149	0.98540886299783	0.968582970242222	-1.99412613368667e-05	0.993850509064388	0.999383083240083	0.99714009177812
Cyanothecaceae	0.461121205810741	0.620227930390419	0.46926186857088	-2.61270448284848e-05	0.993850509064388	0.999383083240083	0.99714009177812
Cyclobacteriaceae	0.184769910785142	0.400762817836782	0.482542278347329	-3.73114352146916e-05	0.993850509064388	0.999383083240083	0.99714009177812
Cytophagaceae	0.448489368966935	0.430765750750141	0.507900716599543	-2.27760855650192e-05	0.993850509064388	0.999383083240083	0.99714009177812
Debaryomycetaceae	0.206786918753747	0.461041509909197	0.391673753523227	-4.96111978472961e-05	0.993850509064388	0.999383083240083	0.99714009177812
Deferribacteraceae	0.435006934480584	0.940030173624005	0.862079860332614	-2.31446577545725e-05	0.993850509064388	0.999383083240083	0.99714009177812
Dehalococcoidaceae	0.941952620333498	0.999132559236392	0.794801360954798	3.02221639638699e-06	0.993850509064388	0.999383083240083	0.99714009177812
Deinococcaceae	0.679720625171349	0.866715581569543	0.738879171837045	1.61993352205763e-05	0.993850509064388	0.999383083240083	0.99714009177812
Dermabacteraceae	0.530427382389061	0.755097598908418	0.515290096482266	2.20452829895597e-05	0.993850509064388	0.999383083240083	0.99714009177812
Dermacoccaceae	0.488824393884732	0.907479729308596	0.99693738491637	2.93979746632028e-05	0.993850509064388	0.999383083240083	0.99714009177812
Dermatophilaceae	0.291783041055824	0.827671738719698	0.807335067994173	3.32274073347221e-05	0.993850509064388	0.999383083240083	0.99714009177812
Dermocarpellaceae	0.217510137514339	0.842162683967376	0.678818765306795	-4.85811979702956e-05	0.993850509064388	0.999383083240083	0.99714009177812
Desulfarculaceae	0.460712878818056	0.644290767810662	0.801968652599805	-3.16814701944788e-05	0.993850509064388	0.999383083240083	0.99714009177812
Desulfobacteraceae	0.857078598512171	0.504449465595936	0.477253509047503	-5.73169622181817e-06	0.993850509064388	0.999383083240083	0.99714009177812
Desulfobulbaceae	0.78748298556253	0.421624631260947	0.393367608849533	-1.0210340623051e-05	0.993850509064388	0.999383083240083	0.99714009177812
Desulfohalobiaceae	0.636202425383071	0.58782121475608	0.295668587957259	1.69884785751597e-05	0.993850509064388	0.999383083240083	0.99714009177812
Desulfomicrobiaceae	0.656414518431681	0.563747650497569	0.491838543537251	-1.67913156927266e-05	0.993850509064388	0.999383083240083	0.99714009177812
Desulfovibrionaceae	0.35610519400894	0.871340432485137	0.988972713123536	-6.43175921058594e-05	0.993850509064388	0.999383083240083	0.99714009177812
Desulfurellaceae	0.101676173539908	0.64135061404581	0.870773648629018	-6.11176446104852e-05	0.993850509064388	0.999383083240083	0.99714009177812
Desulfurobacteriaceae	0.332462332753807	0.787927638191477	0.55077587088862	-3.38041804372782e-05	0.993850509064388	0.999383083240083	0.99714009177812
Desulfurococcaceae	0.572074826951338	0.547950623595937	0.717102743440761	-1.98717177917285e-05	0.993850509064388	0.999383083240083	0.99714009177812
Desulfuromonadaceae	0.88169111623214	0.999383083240083	0.925503856491779	-5.15975895442246e-06	0.993850509064388	0.999383083240083	0.99714009177812
Dictyoglomaceae	0.203339198972919	0.960181396358857	0.859349825622935	-5.56350033251335e-05	0.993850509064388	0.999383083240083	0.99714009177812
Dietziaceae	0.880349398896365	0.918031692380769	0.992581263540453	5.89711401081819e-06	0.993850509064388	0.999383083240083	0.99714009177812
Dipodascaceae	0.0331958516766186	0.19602863335647	0.443698794462922	-9.71871550670031e-05	0.993850509064388	0.999383083240083	0.99714009177812
Dysgonamonadaceae	0.110711466093702	0.101598465684967	0.15404394371085	-6.49501057804366e-05	0.993850509064388	0.999383083240083	0.99714009177812
Ectothiorhodospiraceae	0.809437443088084	0.915565109190401	0.956586076229152	-9.43947119329322e-06	0.993850509064388	0.999383083240083	0.99714009177812
Eggerthellaceae	0.430937752042959	0.865463766791087	0.991179588463832	5.27687086225331e-05	0.993850509064388	0.999383083240083	0.99714009177812
Egibacteraceae	0.672749048784948	0.794695963942718	0.794420221252217	-1.87431586773827e-05	0.993850509064388	0.999383083240083	0.99714009177812
Egicoccaceae	0.599848733655163	0.977485011067242	0.817112015762178	2.50986522644945e-05	0.993850509064388	0.999383083240083	0.99714009177812
Elusimicrobiaceae	0.749536497468883	0.272710590943744	0.139400174981081	-1.12865674155967e-05	0.993850509064388	0.999383083240083	0.99714009177812
Emcibacteraceae	0.536778261558477	0.887108268162695	0.866473685339485	-2.21813663349323e-05	0.993850509064388	0.999383083240083	0.99714009177812
Endomicrobiaceae	0.529963501792837	0.878676621232846	0.717524541479241	-2.62789216847001e-05	0.993850509064388	0.999383083240083	0.99714009177812
Endozoicomonadaceae	0.234339271257354	0.321697426567436	0.385973393954567	-4.72398902211821e-05	0.993850509064388	0.999383083240083	0.99714009177812
Enterobacteriaceae	0.944796512327416	0.0759249739503001	0.380077961749294	3.66693054260486e-06	0.993850509064388	0.999383083240083	0.99714009177812
Enterococcaceae	0.699573877917891	0.998777828672211	0.865968834572931	-1.33579202218644e-05	0.993850509064388	0.999383083240083	0.99714009177812
Entomoplasmataceae	0.255101724799209	0.393644559208198	0.362222818517777	-6.13140103830429e-05	0.993850509064388	0.999383083240083	0.99714009177812
Erwiniaceae	0.640597642407827	0.705749265581055	0.563088468997891	-1.42471575979426e-05	0.993850509064388	0.999383083240083	0.99714009177812
Erysipelotrichaceae	0.114494722381306	0.302796454506756	0.231047382812017	-7.65275445197227e-05	0.993850509064388	0.999383083240083	0.99714009177812
Erythrobacteraceae	0.705674625412382	0.69292456312052	0.578385503650114	1.37896997745261e-05	0.993850509064388	0.999383083240083	0.99714009177812
Eubacteriaceae	0.515010071938207	0.704237870190994	0.891710581454319	2.35759718216943e-05	0.993850509064388	0.999383083240083	0.99714009177812
Euzebyaceae	0.77107370404754	0.419226660433792	0.345208310825736	-1.40137743488193e-05	0.993850509064388	0.999383083240083	0.99714009177812
Ferrimonadaceae	0.308282071283379	0.859953441348516	0.970812907477146	-4.12491811079007e-05	0.993850509064388	0.999383083240083	0.99714009177812
Ferroplasmaceae	0.765057200706059	0.121199006359454	0.0854369382131303	-1.47184285334536e-05	0.993850509064388	0.999383083240083	0.99714009177812
Fervidobacteriaceae	0.0495487286508791	0.292690893920596	0.180834247552089	-7.33563544051927e-05	0.993850509064388	0.999383083240083	0.99714009177812
Fibrobacteraceae	0.557423307512441	0.951194422312962	0.84856695849567	-2.63193720648981e-05	0.993850509064388	0.999383083240083	0.99714009177812
Fimbriimonadaceae	0.812520845745291	0.262019110193288	0.101789827835882	8.04492562503048e-06	0.993850509064388	0.999383083240083	0.99714009177812
Flammeovirgaceae	0.0516699316021749	0.825367433087412	0.982356163959848	-5.70060054304588e-05	0.993850509064388	0.999383083240083	0.99714009177812
Flavobacteriaceae	0.0722838188903925	0.65829243027615	0.935424311948293	-5.18409955345378e-05	0.993850509064388	0.999383083240083	0.99714009177812
Francisellaceae	0.147312895935134	0.84118406537422	0.742680273139491	-5.09788912420399e-05	0.993850509064388	0.999383083240083	0.99714009177812
Frankiaceae	0.720215380673424	0.897504756564777	0.767966623307002	1.32927365847214e-05	0.993850509064388	0.999383083240083	0.99714009177812
Fusobacteriaceae	0.190125375406476	0.787372373675188	0.723143511875924	-5.189549573623e-05	0.993850509064388	0.999383083240083	0.99714009177812
Gallionellaceae	0.993925415502234	0.676287847860347	0.645023906070586	2.49031975260458e-07	0.996500836648768	0.999383083240083	0.99714009177812
Gemmataceae	0.568624414185832	0.715310475516201	0.972005434558963	2.22630258228531e-05	0.993850509064388	0.999383083240083	0.99714009177812
Gemmatimonadaceae	0.952217373107057	0.998981617722386	0.994195361471559	2.38283375757012e-06	0.993850509064388	0.999383083240083	0.99714009177812
Geobacteraceae	0.634567047673989	0.925983387282715	0.94746892984007	1.7643467738365e-05	0.993850509064388	0.999383083240083	0.99714009177812
Geodermatophilaceae	0.950467854022377	0.808152609246075	0.830089674720041	-2.6579735629716e-06	0.993850509064388	0.999383083240083	0.99714009177812
Gloeobacteraceae	0.680362460510305	0.94117901419523	0.99714009177812	-1.77084537110083e-05	0.993850509064388	0.999383083240083	0.99714009177812
Gloeomargaritaceae	0.713004522386064	0.356027389685252	0.275343182057123	-1.4123958442778e-05	0.993850509064388	0.999383083240083	0.99714009177812
Glomerellaceae	0.905451662995758	0.361605142405246	0.382743572148077	-4.00774390097214e-06	0.993850509064388	0.999383083240083	0.99714009177812
Glycomycetaceae	0.529687907990481	0.954346359945405	0.910662007558418	-3.01843818715762e-05	0.993850509064388	0.999383083240083	0.99714009177812
Gomontiellaceae	0.663710638217551	0.550138346470346	0.42003745643432	-1.83950266229685e-05	0.993850509064388	0.999383083240083	0.99714009177812
Gordoniaceae	0.560263586955991	0.705372541307916	0.51671385453142	2.18118920034632e-05	0.993850509064388	0.999383083240083	0.99714009177812
Gottschalkiaceae	0.14952728511971	0.278475458095418	0.115082252621244	-6.63795939159659e-05	0.993850509064388	0.999383083240083	0.99714009177812
Granulosicoccaceae	0.238850943716185	0.443582255142903	0.592055510649823	-4.30566675909613e-05	0.993850509064388	0.999383083240083	0.99714009177812
Hafniaceae	0.492166136838483	0.988088139348713	0.977583256929285	-2.18624224528983e-05	0.993850509064388	0.999383083240083	0.99714009177812
Hahellaceae	0.566052241721626	0.712191494754481	0.782055601409832	-1.91595584421265e-05	0.993850509064388	0.999383083240083	0.99714009177812
Halanaerobiaceae	0.461637373398228	0.916794795682097	0.862349763149127	-2.54026606333238e-05	0.993850509064388	0.999383083240083	0.99714009177812
Halieaceae	0.891917087913839	0.575097197810994	0.503793644955702	-4.59562379628397e-06	0.993850509064388	0.999383083240083	0.99714009177812
Haliscomenobacteraceae	0.168444023572622	0.775406585691945	0.882413269733387	-4.91562129938797e-05	0.993850509064388	0.999383083240083	0.99714009177812
Haloarculaceae	0.919302727732912	0.893070513226017	0.877360398259425	4.07891731039928e-06	0.993850509064388	0.999383083240083	0.99714009177812
Halobacteriaceae	0.539273663552231	0.790434942931689	0.588832065729613	2.63644873067951e-05	0.993850509064388	0.999383083240083	0.99714009177812
Halobacteriovoraceae	0.255140746448557	0.388781655680726	0.445706930566048	-5.47991876786367e-05	0.993850509064388	0.999383083240083	0.99714009177812
Halobacteroidaceae	0.632792401086646	0.238922271320972	0.232376478790529	-1.82458799780545e-05	0.993850509064388	0.999383083240083	0.99714009177812
Haloferacaceae	0.996500836648768	0.571398713255541	0.58007732137254	-1.63041201108064e-07	0.996500836648768	0.999383083240083	0.99714009177812
Halomonadaceae	0.930900752388359	0.94071949025831	0.916467668451296	3.01160096802335e-06	0.993850509064388	0.999383083240083	0.99714009177812
Halorubraceae	0.937709965862746	0.533562071271935	0.556540126533012	-3.15283566382942e-06	0.993850509064388	0.999383083240083	0.99714009177812
Halothiobacillaceae	0.71279144450324	0.886923380685874	0.832969526779058	-1.75296816301389e-05	0.993850509064388	0.999383083240083	0.99714009177812
Hapalosiphonaceae	0.307957573899002	0.793626329780909	0.730302247111548	3.87365687682149e-05	0.993850509064388	0.999383083240083	0.99714009177812
Helicobacteraceae	0.231723773576197	0.962898503579916	0.902659908242319	-3.95939599348275e-05	0.993850509064388	0.999383083240083	0.99714009177812
Heliobacteriaceae	0.900039592910043	0.510592919464942	0.543379382486167	4.60498316459717e-06	0.993850509064388	0.999383083240083	0.99714009177812
Holosporaceae	0.750275940027185	0.275274768683775	0.347173963815688	-1.33783492186534e-05	0.993850509064388	0.999383083240083	0.99714009177812
Hungateiclostridiaceae	0.469344591720548	0.877891125629834	0.9200249709848	-2.17714799075178e-05	0.993850509064388	0.999383083240083	0.99714009177812
Hydrogenophilaceae	0.570456606293046	0.849489313430043	0.88982270257643	-2.60738226610064e-05	0.993850509064388	0.999383083240083	0.99714009177812
Hydrogenothermaceae	0.659660394903294	0.401934294901761	0.343908286179475	-1.89784261688424e-05	0.993850509064388	0.999383083240083	0.99714009177812
Hyellaceae	0.363098386389397	0.489476688102797	0.911383831834294	-4.5278570309604e-05	0.993850509064388	0.999383083240083	0.99714009177812
Hymenobacteraceae	0.42542904077238	0.41547330645832	0.524526785100886	-2.75384939041758e-05	0.993850509064388	0.999383083240083	0.99714009177812
Hyphomicrobiaceae	0.891957929378245	0.84986335118483	0.747246442081169	4.90655222572811e-06	0.993850509064388	0.999383083240083	0.99714009177812
Hyphomonadaceae	0.72540888232025	0.588778188643089	0.528717417259967	-1.29503310878173e-05	0.993850509064388	0.999383083240083	0.99714009177812
Iamiaceae	0.836626475918427	0.983551461263595	0.885965409771363	8.95305465525898e-06	0.993850509064388	0.999383083240083	0.99714009177812
Ichthyobacteriaceae	0.600117797901852	0.812580509310325	0.846774200272472	-2.48657220329985e-05	0.993850509064388	0.999383083240083	0.99714009177812
Idiomarinaceae	0.0512906538486448	0.548989961293408	0.845915046133446	-6.36541141265098e-05	0.993850509064388	0.999383083240083	0.99714009177812
Ignavibacteriaceae	0.229727030971115	0.013377975237806	0.0302997072957188	-5.19632962656526e-05	0.993850509064388	0.999383083240083	0.99714009177812
Ilumatobacteraceae	0.860064067602435	0.830319667257259	0.837277660108567	-9.37422891280077e-06	0.993850509064388	0.999383083240083	0.99714009177812
Immundisolibacteraceae	0.842025263677549	0.834957242384041	0.802169658567543	8.009329748843e-06	0.993850509064388	0.999383083240083	0.99714009177812
Intrasporangiaceae	0.463046173880153	0.944406329950586	0.684530985854459	2.8769654190771e-05	0.993850509064388	0.999383083240083	0.99714009177812
Isosphaeraceae	0.463640124600206	0.859392175523796	0.577309031888215	2.93608802769863e-05	0.993850509064388	0.999383083240083	0.99714009177812
Jiangellaceae	0.139942946575095	0.945168382209342	0.534729388541142	6.34762812006527e-05	0.993850509064388	0.999383083240083	0.99714009177812
Jonesiaceae	0.561154612144829	0.950831962546405	0.678590284620908	-2.5407627029189e-05	0.993850509064388	0.999383083240083	0.99714009177812
Kangiellaceae	0.446613525848537	0.135961376094403	0.103875447428617	-2.92948598023703e-05	0.993850509064388	0.999383083240083	0.99714009177812
Kineosporiaceae	0.948265630814581	0.203188842614574	0.185718369326892	-3.21905708704877e-06	0.993850509064388	0.999383083240083	0.99714009177812
Kiritimatiellaceae	0.879014344380623	0.183718352745554	0.100094208647466	7.05079792720378e-06	0.993850509064388	0.999383083240083	0.99714009177812
Kofleriaceae	0.969940835703086	0.849773283228097	0.695977533077059	1.63659871485426e-06	0.993850509064388	0.999383083240083	0.99714009177812
Kosmotogaceae	0.16763697689968	0.678387314415683	0.526409624953997	-4.28543897255092e-05	0.993850509064388	0.999383083240083	0.99714009177812
Ktedonosporobacteraceae	0.786157474637795	0.708737144503989	0.779545153290618	-1.12681686006649e-05	0.993850509064388	0.999383083240083	0.99714009177812
Labilitrichaceae	0.660051549523866	0.839748201033252	0.723135218698727	-1.7761586748679e-05	0.993850509064388	0.999383083240083	0.99714009177812
Lachnospiraceae	0.483534464378767	0.886101106570277	0.522588000317009	-2.34602485730653e-05	0.993850509064388	0.999383083240083	0.99714009177812
Lacipirellulaceae	0.881483750344455	0.309785865935556	0.335801350910048	-5.8748308202164e-06	0.993850509064388	0.999383083240083	0.99714009177812
Lactobacillaceae	0.675364755388592	0.453145950846766	0.349764308437114	-1.74210491503872e-05	0.993850509064388	0.999383083240083	0.99714009177812
Legionellaceae	0.538857381680475	0.692066124417798	0.55902247510306	-1.7760213768277e-05	0.993850509064388	0.999383083240083	0.99714009177812
Leptolyngbyaceae	0.451428649592168	0.768694782053795	0.878549168015675	-2.57361082188075e-05	0.993850509064388	0.999383083240083	0.99714009177812
Leptospiraceae	0.192523054305561	0.487638420681349	0.737929004641354	-4.1418102246556e-05	0.993850509064388	0.999383083240083	0.99714009177812
Leptotrichiaceae	0.155659558219257	0.930561938234584	0.720530473733407	-5.3916236748054e-05	0.993850509064388	0.999383083240083	0.99714009177812
Leuconostocaceae	0.0265951165155116	0.0950731098282806	0.0482921023308726	-0.000100002710251324	0.993850509064388	0.999383083240083	0.99714009177812
Lichenihabitantaceae	0.125235141419545	0.929533740110176	0.629943855684591	6.38279617096679e-05	0.993850509064388	0.999383083240083	0.99714009177812
Limnochordaceae	0.839091392624435	0.841824819046977	0.808064886672109	-8.56220729733752e-06	0.993850509064388	0.999383083240083	0.99714009177812
Listeriaceae	0.252953968907559	0.823975208192642	0.759919205335054	-3.66684021502072e-05	0.993850509064388	0.999383083240083	0.99714009177812
Litoricolaceae	0.450605496696105	0.0452242122846422	0.0247696577097004	-3.01868264164927e-05	0.993850509064388	0.999383083240083	0.99714009177812
Magnetococcaceae	0.65614553799008	0.528152725117659	0.471323261821061	-1.71731423078461e-05	0.993850509064388	0.999383083240083	0.99714009177812
Malasseziaceae	0.90775520823833	0.182009458818617	0.201181414519277	5.40375461414779e-06	0.993850509064388	0.999383083240083	0.99714009177812
Marinifilaceae	0.179318079848082	0.404839677121952	0.478116269831398	-5.29406154747348e-05	0.993850509064388	0.999383083240083	0.99714009177812
Marinilabiliaceae	0.00744705070970487	0.243541546629097	0.297467622874651	-9.77490522015207e-05	0.993850509064388	0.999383083240083	0.99714009177812
Mariprofundaceae	0.767633639983603	0.285817189335839	0.355575967514694	-1.01436102861198e-05	0.993850509064388	0.999383083240083	0.99714009177812
Melioribacteraceae	0.0984889903987986	0.610255562757814	0.817398377478392	-7.27212595320074e-05	0.993850509064388	0.999383083240083	0.99714009177812
Merismopediaceae	0.938337007499606	0.879894341207615	0.489584998546141	-2.51493708712213e-06	0.993850509064388	0.999383083240083	0.99714009177812
Mesoaciditogaceae	0.0913556717523142	0.26798232864992	0.448176106654434	-7.44882289899872e-05	0.993850509064388	0.999383083240083	0.99714009177812
Methanobacteriaceae	0.671834303154064	0.731191811061536	0.983679585037227	4.41272322952039e-05	0.993850509064388	0.999383083240083	0.99714009177812
Methanocaldococcaceae	0.0745092129043071	0.884260888311816	0.665695702198894	-9.2674729729389e-05	0.993850509064388	0.999383083240083	0.99714009177812
Methanocellaceae	0.419998405222447	0.313626266693098	0.435644611249356	-3.2502123053865e-05	0.993850509064388	0.999383083240083	0.99714009177812
Methanococcaceae	0.359772587340811	0.741333019793739	0.550838753677521	-3.37222248943227e-05	0.993850509064388	0.999383083240083	0.99714009177812
Methanocorpusculaceae	0.47785501545145	0.837853275886535	0.640451076716303	-2.50929541147106e-05	0.993850509064388	0.999383083240083	0.99714009177812
Methanomassiliicoccaceae	0.786195365708752	0.49393641513851	0.520225873095926	-9.92339855434471e-06	0.993850509064388	0.999383083240083	0.99714009177812
Methanomicrobiaceae	0.61064931786843	0.694341945560195	0.684493255758021	-1.64493001616465e-05	0.993850509064388	0.999383083240083	0.99714009177812
Methanopyraceae	0.340397675803607	0.808492210111166	0.778175111484944	-4.72335665923875e-05	0.993850509064388	0.999383083240083	0.99714009177812
Methanoregulaceae	0.730052617215934	0.810479681228315	0.791959117616262	-1.44456589130373e-05	0.993850509064388	0.999383083240083	0.99714009177812
Methanosarcinaceae	0.323594569789947	0.886900162321105	0.923803054736257	-2.68398598643832e-05	0.993850509064388	0.999383083240083	0.99714009177812
Methanospirillaceae	0.204268255726993	0.394741479872819	0.880349330536349	-4.40764395718666e-05	0.993850509064388	0.999383083240083	0.99714009177812
Methanothermaceae	0.241013286478386	0.197252214143939	0.414795258021941	-6.28314055384305e-05	0.993850509064388	0.999383083240083	0.99714009177812
Methanotrichaceae	0.912253156040232	0.353864933059073	0.366938761365787	-5.11795858543584e-06	0.993850509064388	0.999383083240083	0.99714009177812
Methylacidiphilaceae	0.646386695487286	0.593435494184124	0.704217035369421	-1.81327472148247e-05	0.993850509064388	0.999383083240083	0.99714009177812
Methylobacteriaceae	0.778723408373828	0.638118988350699	0.501715964494576	1.10352942898756e-05	0.993850509064388	0.999383083240083	0.99714009177812
Methylococcaceae	0.784311031549991	0.884665462824531	0.884030822947151	-8.21322997502593e-06	0.993850509064388	0.999383083240083	0.99714009177812
Methylocystaceae	0.560167638070221	0.901331071498225	0.891129769977283	-2.14718751912029e-05	0.993850509064388	0.999383083240083	0.99714009177812
Methylophilaceae	0.925324855556288	0.994558629170201	0.770319412855282	-2.8132336872244e-06	0.993850509064388	0.999383083240083	0.99714009177812
Microbacteriaceae	0.521199350689903	0.930577926801175	0.719907863323375	2.42047449772964e-05	0.993850509064388	0.999383083240083	0.99714009177812
Microbulbiferaceae	0.773857777405254	0.565546196341384	0.479128220071262	-9.47578965609446e-06	0.993850509064388	0.999383083240083	0.99714009177812
Micrococcaceae	0.734263127941465	0.208323348435836	0.257437126203218	-1.2812415809893e-05	0.993850509064388	0.999383083240083	0.99714009177812
Microcoleaceae	0.237126973533559	0.483933480223359	0.406834149646927	-3.32277707148329e-05	0.993850509064388	0.999383083240083	0.99714009177812
Microcystaceae	0.0649251427405935	0.895385420052056	0.892835731566028	-5.59573747407439e-05	0.993850509064388	0.999383083240083	0.99714009177812
Micromonosporaceae	0.649103183076571	0.78468295933061	0.653821011184258	1.85962273318651e-05	0.993850509064388	0.999383083240083	0.99714009177812
Moraxellaceae	0.292382105574236	0.899934290671247	0.975396494251747	-3.00040453348944e-05	0.993850509064388	0.999383083240083	0.99714009177812
Morganellaceae	0.146148713712771	0.951964547307718	0.818938628699614	-4.11156447502532e-05	0.993850509064388	0.999383083240083	0.99714009177812
Moritellaceae	0.676323078497095	0.550318718403536	0.478378564441282	-1.66108421354106e-05	0.993850509064388	0.999383083240083	0.99714009177812
Muribaculaceae	0.344047404466901	0.19682603818876	0.260667025151132	-4.21861715753783e-05	0.993850509064388	0.999383083240083	0.99714009177812
Mycobacteriaceae	0.71661978117956	0.878924038016993	0.77821670923023	1.34880341131087e-05	0.993850509064388	0.999383083240083	0.99714009177812
Mycoplasmataceae	0.254723014684046	0.247630164372186	0.225937744586517	-4.37799314381722e-05	0.993850509064388	0.999383083240083	0.99714009177812
Mycosphaerellaceae	0.568714296482097	0.183309607744854	0.164846824205819	-1.90738464018768e-05	0.993850509064388	0.999383083240083	0.99714009177812
Myxococcaceae	0.792155317826538	0.986622903148705	0.887728784496152	1.09498341521878e-05	0.993850509064388	0.999383083240083	0.99714009177812
Nakamurellaceae	0.755719785400023	0.438274975450507	0.454185659133006	-1.29090354333883e-05	0.993850509064388	0.999383083240083	0.99714009177812
Natranaerobiaceae	0.601206982899063	0.857476419412953	0.830213963715091	-2.0625285626592e-05	0.993850509064388	0.999383083240083	0.99714009177812
Natrialbaceae	0.438070903990745	0.764042769362958	0.603773748768155	2.68918473694506e-05	0.993850509064388	0.999383083240083	0.99714009177812
Nautiliaceae	0.229392605302082	0.516513766715756	0.454372445854496	-5.14852218387687e-05	0.993850509064388	0.999383083240083	0.99714009177812
Nectriaceae	0.207585220102856	0.686187585476439	0.969029849779828	-3.66267716311179e-05	0.993850509064388	0.999383083240083	0.99714009177812
Neisseriaceae	0.725198924637727	0.787688939074599	0.889438348484123	-1.11825826717387e-05	0.993850509064388	0.999383083240083	0.99714009177812
Nitrosomonadaceae	0.401674263833544	0.820624093089431	0.993286780215504	-2.66165601865721e-05	0.993850509064388	0.999383083240083	0.99714009177812
Nitrosopumilaceae	0.192501382311967	0.707166688652684	0.71034825212161	-6.08403633374424e-05	0.993850509064388	0.999383083240083	0.99714009177812
Nitrososphaeraceae	0.959981625733692	0.896879112067177	0.824174011936989	1.85758286467646e-06	0.993850509064388	0.999383083240083	0.99714009177812
Nitrospiraceae	0.437514877025394	0.4748265449502	0.565382351263538	-2.53453044526468e-05	0.993850509064388	0.999383083240083	0.99714009177812
Nocardiaceae	0.723408146362232	0.7747399832179	0.739264986416909	1.33585273950001e-05	0.993850509064388	0.999383083240083	0.99714009177812
Nocardioidaceae	0.512069326547117	0.879255577879539	0.711799816489335	2.64978920910756e-05	0.993850509064388	0.999383083240083	0.99714009177812
Nocardiopsaceae	0.666151988044855	0.71571558346702	0.500738757591274	1.62301005095763e-05	0.993850509064388	0.999383083240083	0.99714009177812
Nostocaceae	0.488420059377915	0.936916955543996	0.726893122940698	-1.75251600679154e-05	0.993850509064388	0.999383083240083	0.99714009177812
Oceanospirillaceae	0.337731266094098	0.478715000949416	0.722827298822984	-2.95827636735093e-05	0.993850509064388	0.999383083240083	0.99714009177812
Odoribacteraceae	0.846622858863655	0.377872357048029	0.340382882845333	-1.26239977260777e-05	0.993850509064388	0.999383083240083	0.99714009177812
Oleiphilaceae	0.107794429466891	0.0368046166377608	0.0501143949509205	-6.13956760541063e-05	0.993850509064388	0.999383083240083	0.99714009177812
Opitutaceae	0.802477481912649	0.768487183119291	0.582124325438738	8.97801018834197e-06	0.993850509064388	0.999383083240083	0.99714009177812
Orbaceae	0.105360988990891	0.860343021458389	0.664317814484606	-6.18341296515426e-05	0.993850509064388	0.999383083240083	0.99714009177812
Oscillatoriaceae	0.506982628106932	0.518868000585058	0.438979271744764	-2.32586438409835e-05	0.993850509064388	0.999383083240083	0.99714009177812
Oscillospiraceae	0.467763293868679	0.643426830945959	0.425511756340349	-2.74924724682311e-05	0.993850509064388	0.999383083240083	0.99714009177812
Oxalobacteraceae	0.614544021496084	0.79334387288197	0.804507028776455	-2.17715147612791e-05	0.993850509064388	0.999383083240083	0.99714009177812
Paenibacillaceae	0.60371562961694	0.66790957300703	0.791259949934417	-1.48973265324926e-05	0.993850509064388	0.999383083240083	0.99714009177812
Paludibacteraceae	0.0402856042461718	0.270591269837651	0.486308444329502	-9.78270798231918e-05	0.993850509064388	0.999383083240083	0.99714009177812
Parachlamydiaceae	0.468855653173521	0.667789378021752	0.795500002276205	-2.94543412461387e-05	0.993850509064388	0.999383083240083	0.99714009177812
Parvularculaceae	0.568169684296542	0.81793102979639	0.658536592175531	2.63197854985476e-05	0.993850509064388	0.999383083240083	0.99714009177812
Pasteurellaceae	0.0627185016108603	0.91011534073846	0.724913498220501	-6.61651660554785e-05	0.993850509064388	0.999383083240083	0.99714009177812
Pectobacteriaceae	0.635435286159516	0.711715204545814	0.802696212967476	-1.44131663859831e-05	0.993850509064388	0.999383083240083	0.99714009177812
Pelagibacteraceae	0.144579251824282	0.54375784586778	0.360484311881668	-7.56852459487772e-05	0.993850509064388	0.999383083240083	0.99714009177812
Peptococcaceae	0.762366002155547	0.72301783018777	0.764341652932002	-8.79601173119885e-06	0.993850509064388	0.999383083240083	0.99714009177812
Peptoniphilaceae	0.231051220686828	0.460909170370231	0.513416612611367	-3.79149261944807e-05	0.993850509064388	0.999383083240083	0.99714009177812
Peptostreptococcaceae	0.7793052627015	0.904165427142201	0.990599813038707	8.239838471405e-06	0.993850509064388	0.999383083240083	0.99714009177812
Petrotogaceae	0.23678265254076	0.582991134104709	0.393149348784664	-5.35919244219078e-05	0.993850509064388	0.999383083240083	0.99714009177812
Phaffomycetaceae	0.0774538630335157	0.334776962831156	0.279719983603474	-6.82004844461232e-05	0.993850509064388	0.999383083240083	0.99714009177812
Phycisphaeraceae	0.475644021596448	0.719508763581417	0.938610570548217	3.67977688593034e-05	0.993850509064388	0.999383083240083	0.99714009177812
Phyllobacteriaceae	0.841998423202209	0.897265223937314	0.851581482853103	-6.86866583816157e-06	0.993850509064388	0.999383083240083	0.99714009177812
Pichiaceae	0.0971545849641512	0.17467680362537	0.0873961023075035	-5.76100398227753e-05	0.993850509064388	0.999383083240083	0.99714009177812
Picrophilaceae	0.785979612217911	0.729604946597712	0.629279357415205	-1.76999390500642e-05	0.993850509064388	0.999383083240083	0.99714009177812
Pirellulaceae	0.977543973536803	0.510599219553418	0.488264727711974	-9.00074420760664e-07	0.993850509064388	0.999383083240083	0.99714009177812
Piscirickettsiaceae	0.289707532987058	0.38868310547266	0.488155910769815	-3.12938528164988e-05	0.993850509064388	0.999383083240083	0.99714009177812
Planctomycetaceae	0.900963095146005	0.746455396118878	0.776330701288294	-4.25506097257605e-06	0.993850509064388	0.999383083240083	0.99714009177812
Planococcaceae	0.196874174563876	0.910281200705867	0.917433741304791	-3.83209008058788e-05	0.993850509064388	0.999383083240083	0.99714009177812
Polyangiaceae	0.554943189391169	0.977593889826589	0.800995194138172	2.27734493586146e-05	0.993850509064388	0.999383083240083	0.99714009177812
Porphyromonadaceae	0.0790262708218217	0.0818443429555831	0.148765214986852	-7.43003226347522e-05	0.993850509064388	0.999383083240083	0.99714009177812
Prevotellaceae	0.00969709791822362	0.048258400892462	0.295295824332567	-0.000143621028673243	0.993850509064388	0.999383083240083	0.99714009177812
Prochloraceae	0.145856718410814	0.905554350363145	0.952973754998002	-5.9841389621571e-05	0.993850509064388	0.999383083240083	0.99714009177812
Prochlorotrichaceae	0.584127605945226	0.161104516844784	0.205854788840538	-1.97304187425219e-05	0.993850509064388	0.999383083240083	0.99714009177812
Prolixibacteraceae	0.11174328993796	0.180743404398034	0.23990448706261	-5.44407091314468e-05	0.993850509064388	0.999383083240083	0.99714009177812
Promicromonosporaceae	0.214105366952541	0.887658996810497	0.546220259531919	4.89041699238233e-05	0.993850509064388	0.999383083240083	0.99714009177812
Propionibacteriaceae	0.867551978821165	0.768330383903724	0.673706108024105	6.16169702438369e-06	0.993850509064388	0.999383083240083	0.99714009177812
Pseudanabaenaceae	0.86990564802892	0.635898086988632	0.390588870010823	-5.67721405479704e-06	0.993850509064388	0.999383083240083	0.99714009177812
Pseudoalteromonadaceae	0.151467193041673	0.738276417156679	0.990124703087087	-4.39022967457061e-05	0.993850509064388	0.999383083240083	0.99714009177812
Pseudomonadaceae	0.906355313978483	0.902260400261211	0.944492140478446	-4.35095506033378e-06	0.993850509064388	0.999383083240083	0.99714009177812
Pseudonocardiaceae	0.703173949550616	0.899910044014394	0.794092321806584	1.49329926293179e-05	0.993850509064388	0.999383083240083	0.99714009177812
Psychromonadaceae	0.893514451590277	0.740437020852922	0.658443447240682	5.52088248685848e-06	0.993850509064388	0.999383083240083	0.99714009177812
Puniceicoccaceae	0.975991009446146	0.184498678912223	0.175847903196099	1.48354368796654e-06	0.993850509064388	0.999383083240083	0.99714009177812
Pyriculariaceae	0.704314107721839	0.956979739265578	0.850465684467914	-1.05729630257931e-05	0.993850509064388	0.999383083240083	0.99714009177812
Pyrodictiaceae	0.313245450204337	0.752322192584074	0.945874323173527	-4.03019333806581e-05	0.993850509064388	0.999383083240083	0.99714009177812
Rhizobiaceae	0.932045874989284	0.764247848875975	0.763973410117818	-2.89331506346625e-06	0.993850509064388	0.999383083240083	0.99714009177812
Rhodanobacteraceae	0.780756875762578	0.775984508014018	0.776388812684277	-1.05725652342478e-05	0.993850509064388	0.999383083240083	0.99714009177812
Rhodobacteraceae	0.959616711752151	0.828639658143977	0.81517583758119	-1.83175670779062e-06	0.993850509064388	0.999383083240083	0.99714009177812
Rhodobiaceae	0.570461217133707	0.669930548478773	0.668255466716142	-2.21035777587869e-05	0.993850509064388	0.999383083240083	0.99714009177812
Rhodocyclaceae	0.620797778928871	0.941635625708058	0.691697902940305	1.80107273651126e-05	0.993850509064388	0.999383083240083	0.99714009177812
Rhodospirillaceae	0.945799619160167	0.739252868293262	0.729317514355615	-2.52000873709259e-06	0.993850509064388	0.999383083240083	0.99714009177812
Rhodothermaceae	0.747145845131187	0.977582683229622	0.877904907568396	-1.27468200114621e-05	0.993850509064388	0.999383083240083	0.99714009177812
Rickettsiaceae	0.158324859541464	0.336159429446393	0.336872316143475	-5.81710135627588e-05	0.993850509064388	0.999383083240083	0.99714009177812
Rikenellaceae	0.430647948397762	0.893928138687612	0.816770473145043	-7.34732478493963e-05	0.993850509064388	0.999383083240083	0.99714009177812
Rivulariaceae	0.490326164518028	0.763344133905163	0.760057226081361	-2.67574802389958e-05	0.993850509064388	0.999383083240083	0.99714009177812
Roseiflexaceae	0.582247438303028	0.721651398005021	0.545434847129878	-2.02431083228052e-05	0.993850509064388	0.999383083240083	0.99714009177812
Ruaniaceae	0.835162612376582	0.531951830394916	0.467603995161276	8.76673715124472e-06	0.993850509064388	0.999383083240083	0.99714009177812
Rubrobacteraceae	0.487520676416485	0.91595137091998	0.82029422341548	2.63169684668386e-05	0.993850509064388	0.999383083240083	0.99714009177812
Ruminococcaceae	0.945432528077102	0.846598597094363	0.630012140080513	2.02212607969727e-06	0.993850509064388	0.999383083240083	0.99714009177812
Saccharomycetaceae	0.631114376562713	0.283360963116179	0.121174770553708	-1.71489094182637e-05	0.993850509064388	0.999383083240083	0.99714009177812
Saccharospirillaceae	0.673867017935727	0.486470650406821	0.54962491697117	-1.38281294649845e-05	0.993850509064388	0.999383083240083	0.99714009177812
Salinisphaeraceae	0.360505657822508	0.425616188648792	0.210734705128991	-4.35934889868846e-05	0.993850509064388	0.999383083240083	0.99714009177812
Salinivirgaceae	0.0032482842258887	0.997698627558037	0.577866187131111	-0.00013120399500737	0.993850509064388	0.999383083240083	0.99714009177812
Sandaracinaceae	0.817491800339333	0.658784630848434	0.552717552793626	9.81271698810259e-06	0.993850509064388	0.999383083240083	0.99714009177812
Sanguibacteraceae	0.796928759982379	0.790940239439816	0.953249530818748	1.06228130236686e-05	0.993850509064388	0.999383083240083	0.99714009177812
Saprospiraceae	0.39044248606055	0.437522359848148	0.284425776134673	-4.11569286867235e-05	0.993850509064388	0.999383083240083	0.99714009177812
Schizosaccharomycetaceae	0.133812939824751	0.917744441120876	0.782125288676581	-6.31753193883981e-05	0.993850509064388	0.999383083240083	0.99714009177812
Sclerotiniaceae	0.316056006811041	0.85088882350809	0.977194350667046	-3.5629841803449e-05	0.993850509064388	0.999383083240083	0.99714009177812
Scytonemataceae	0.088172262670583	0.328673763285251	0.570726161767612	-6.88507345694365e-05	0.993850509064388	0.999383083240083	0.99714009177812
Sedimentisphaeraceae	0.46978295858615	0.585543910670822	0.632860931871278	-2.31870129469884e-05	0.993850509064388	0.999383083240083	0.99714009177812
Segniliparaceae	0.670399172417067	0.22342719656298	0.263602756354075	2.00875887023648e-05	0.993850509064388	0.999383083240083	0.99714009177812
Selenomonadaceae	0.875247535544116	0.856742599483822	0.983438875100645	6.58385828855037e-06	0.993850509064388	0.999383083240083	0.99714009177812
Shewanellaceae	0.299364485842706	0.853774086517113	0.889933335782245	-2.99260962209592e-05	0.993850509064388	0.999383083240083	0.99714009177812
Silvanigrellaceae	0.440554533787749	0.406563209003031	0.486042909058798	-3.73613839102305e-05	0.993850509064388	0.999383083240083	0.99714009177812
Simkaniaceae	0.970935399142005	0.341179832414052	0.35825657574516	1.86454927780471e-06	0.993850509064388	0.999383083240083	0.99714009177812
Sinobacteraceae	0.7602819172184	0.919943556804861	0.750613823911417	1.24141263081682e-05	0.993850509064388	0.999383083240083	0.99714009177812
Solibacteraceae	0.696610054285217	0.266297505229421	0.405092910106189	-1.48176202873556e-05	0.993850509064388	0.999383083240083	0.99714009177812
Sordariaceae	0.767998067457019	0.816230864551533	0.65105330015935	-9.88139295635356e-06	0.993850509064388	0.999383083240083	0.99714009177812
Sphaerobacteraceae	0.421988160851869	0.953122301692185	0.783457848702222	3.32932126258701e-05	0.993850509064388	0.999383083240083	0.99714009177812
Sphingobacteriaceae	0.0571734196072432	0.242907824268845	0.445907272476788	-4.7823562545199e-05	0.993850509064388	0.999383083240083	0.99714009177812
Sphingomonadaceae	0.984387390037042	0.811170661474905	0.786642809639034	6.91071181243998e-07	0.994310324132051	0.999383083240083	0.99714009177812
Spirochaetaceae	0.84026878249954	0.817977169708436	0.728639807574581	-5.73697263287054e-06	0.993850509064388	0.999383083240083	0.99714009177812
Spiroplasmataceae	0.307919224460643	0.648176183008611	0.604370555036927	-4.75329404375996e-05	0.993850509064388	0.999383083240083	0.99714009177812
Spongiibacteraceae	0.288928177034688	0.907835404804556	0.929075889351965	-3.95225538463099e-05	0.993850509064388	0.999383083240083	0.99714009177812
Sporichthyaceae	0.266731116566441	0.366038950757406	0.469141314151912	-4.9553375253812e-05	0.993850509064388	0.999383083240083	0.99714009177812
Sporolactobacillaceae	0.163750550053543	0.908337034839845	0.652560120128683	-4.29381300169731e-05	0.993850509064388	0.999383083240083	0.99714009177812
Sporomusaceae	0.729646063716025	0.438586237251246	0.350478533800638	9.92306520778572e-06	0.993850509064388	0.999383083240083	0.99714009177812
Staphylococcaceae	0.152049515128597	0.443692671555255	0.391622251118831	-5.13514141876503e-05	0.993850509064388	0.999383083240083	0.99714009177812
Steroidobacteraceae	0.183582747600868	0.661121050139135	0.97998843440238	-5.068980350356e-05	0.993850509064388	0.999383083240083	0.99714009177812
Sterolibacteriaceae	0.427020425672044	0.494964833135308	0.499799513348225	-3.09007011416119e-05	0.993850509064388	0.999383083240083	0.99714009177812
Streptococcaceae	0.572281015820132	0.39034746770193	0.394219006410358	-3.59427047215414e-05	0.993850509064388	0.999383083240083	0.99714009177812
Streptomycetaceae	0.695060019127387	0.799923349861741	0.685432578475481	1.51708663527701e-05	0.993850509064388	0.999383083240083	0.99714009177812
Streptosporangiaceae	0.545646704724199	0.812075478624504	0.956479165655887	2.28018708842812e-05	0.993850509064388	0.999383083240083	0.99714009177812
Succinivibrionaceae	0.0119959149256501	0.819778326139655	0.80644719021886	-9.59037696104498e-05	0.993850509064388	0.999383083240083	0.99714009177812
Sulfolobaceae	0.166643152777608	0.955475368779897	0.630143399428782	-4.42361902649668e-05	0.993850509064388	0.999383083240083	0.99714009177812
Sutterellaceae	0.428618664386653	0.239708733212099	0.193906431229743	-4.63370373827795e-05	0.993850509064388	0.999383083240083	0.99714009177812
Symbiobacteriaceae	0.980341861368367	0.767671949768705	0.849040011439863	-1.08198473738046e-06	0.993850509064388	0.999383083240083	0.99714009177812
Synechococcaceae	0.883239061414113	0.863971205944866	0.904568739176413	-5.3081152172867e-06	0.993850509064388	0.999383083240083	0.99714009177812
Synergistaceae	0.368432993910336	0.511002337862432	0.614520699885137	-4.17253461913305e-05	0.993850509064388	0.999383083240083	0.99714009177812
Syntrophaceae	0.388357497831152	0.880990580606603	0.899244055827286	-3.18747560798574e-05	0.993850509064388	0.999383083240083	0.99714009177812
Syntrophobacteraceae	0.932496500284844	0.827905469296375	0.682395611191444	3.07039668685085e-06	0.993850509064388	0.999383083240083	0.99714009177812
Syntrophomonadaceae	0.774808199493841	0.861034790490007	0.987671549890728	-1.0687441789565e-05	0.993850509064388	0.999383083240083	0.99714009177812
Tannerellaceae	0.524819961690155	0.152452573484649	0.111172389135956	-5.00876825530832e-05	0.993850509064388	0.999383083240083	0.99714009177812
Tepidiformaceae	0.735869704817786	0.640641863441981	0.910897491643664	-1.41789202524867e-05	0.993850509064388	0.999383083240083	0.99714009177812
Thermaceae	0.536382250263042	0.817969743757677	0.596612443851728	2.19359751458717e-05	0.993850509064388	0.999383083240083	0.99714009177812
Thermoactinomycetaceae	0.962296491382709	0.525320684296408	0.489587645435262	-1.4626187989035e-06	0.993850509064388	0.999383083240083	0.99714009177812
Thermoanaerobacteraceae	0.609850021391436	0.786866872988727	0.720116595749208	-1.48995974797715e-05	0.993850509064388	0.999383083240083	0.99714009177812
Thermoanaerobacterales Family III. Incertae Sedis	0.189017761272197	0.749981838080853	0.608376861667355	-4.13275938667177e-05	0.993850509064388	0.999383083240083	0.99714009177812
Thermoanaerobacterales Family IV. Incertae Sedis	0.454124976902277	0.708906375833373	0.887621102448919	-2.11463285355551e-05	0.993850509064388	0.999383083240083	0.99714009177812
Thermococcaceae	0.906628504188207	0.833489806818339	0.910976520042917	-3.49966959586637e-06	0.993850509064388	0.999383083240083	0.99714009177812
Thermodesulfobacteriaceae	0.275936995618502	0.752024469163953	0.757560710651654	-3.47559886063375e-05	0.993850509064388	0.999383083240083	0.99714009177812
Thermodesulfobiaceae	0.889786554875342	0.568235526595032	0.889444640941576	-7.08926223459445e-06	0.993850509064388	0.999383083240083	0.99714009177812
Thermofilaceae	0.865890088235456	0.462159477807941	0.531407502893714	8.24415325625028e-06	0.993850509064388	0.999383083240083	0.99714009177812
Thermoguttaceae	0.601355656129272	0.356982299424293	0.230006325811347	2.1107052839767e-05	0.993850509064388	0.999383083240083	0.99714009177812
Thermomicrobiaceae	0.986587525498015	0.757811764906054	0.984845999997859	-7.89232257647665e-07	0.994310324132051	0.999383083240083	0.99714009177812
Thermomonosporaceae	0.979936100956437	0.646552051447618	0.633457716712763	1.07773207745086e-06	0.993850509064388	0.999383083240083	0.99714009177812
Thermoplasmataceae	0.390275140619789	0.331860815442683	0.518623427959158	-4.57243513371382e-05	0.993850509064388	0.999383083240083	0.99714009177812
Thermoproteaceae	0.809072015422363	0.536172588410051	0.615372286438601	-8.88650459615015e-06	0.993850509064388	0.999383083240083	0.99714009177812
Thermotogaceae	0.0983623858524542	0.874045500406967	0.964234332472901	-5.34385183246513e-05	0.993850509064388	0.999383083240083	0.99714009177812
Thioalkalibacteraceae	0.723541517180629	0.332145836844677	0.334280380843088	-1.5010716168872e-05	0.993850509064388	0.999383083240083	0.99714009177812
Thioalkalispiraceae	0.574564675708727	0.229733315614666	0.242256070152555	-2.1119143863505e-05	0.993850509064388	0.999383083240083	0.99714009177812
Thiobacillaceae	0.324944598618868	0.536545770122988	0.757580657565226	-4.1883456196543e-05	0.993850509064388	0.999383083240083	0.99714009177812
Thiotrichaceae	0.110655149369645	0.889768643150099	0.767768537182701	-5.8673078332388e-05	0.993850509064388	0.999383083240083	0.99714009177812
Tissierellaceae	0.572642325048346	0.819787394632774	0.757628464753765	-1.77398376021943e-05	0.993850509064388	0.999383083240083	0.99714009177812
Tolypothrichaceae	0.0732159463376191	0.991865841147235	0.847045495486651	-8.95093850707573e-05	0.993850509064388	0.999383083240083	0.99714009177812
Trichocomaceae	0.221403016478111	0.400190718157403	0.415988177599839	-4.48494518896597e-05	0.993850509064388	0.999383083240083	0.99714009177812
Trichomonascaceae	0.0534878319768168	0.479239511870163	0.488119485478961	-6.85835946375607e-05	0.993850509064388	0.999383083240083	0.99714009177812
Trueperaceae	0.81337776118207	0.774413763402401	0.97559987860155	-1.05646483872268e-05	0.993850509064388	0.999383083240083	0.99714009177812
Tsukamurellaceae	0.696938290722541	0.405807132976566	0.271449571582312	1.57375467536893e-05	0.993850509064388	0.999383083240083	0.99714009177812
Unclassified Acidobacteria Phylum	0.198871484208504	0.555429806315766	0.208005117982712	-7.54551657324782e-05	0.993850509064388	0.999383083240083	0.99714009177812
Unclassified Actinobacteria Class	0.504165217788943	0.823674812037891	0.65382108559713	2.43927824944581e-05	0.993850509064388	0.999383083240083	0.99714009177812
Unclassified Actinobacteria Phylum	0.233106989082181	0.709725302657853	0.807698207379748	5.29556435489155e-05	0.993850509064388	0.999383083240083	0.99714009177812
Unclassified Alphaproteobacteria Class	0.995345682668175	0.807402878146721	0.717267402738262	-2.13102664027368e-07	0.996500836648768	0.999383083240083	0.99714009177812
Unclassified Alteromonadales Order	0.512481845799252	0.728821540583188	0.949325207248723	-2.15452306537492e-05	0.993850509064388	0.999383083240083	0.99714009177812
Unclassified Aquificales Order	0.389078022725139	0.788118206804389	0.960926542534199	-3.90497566498511e-05	0.993850509064388	0.999383083240083	0.99714009177812
Unclassified Armatimonadetes Phylum	0.854891120721537	0.583628628671454	0.423457409301149	6.37470813814905e-06	0.993850509064388	0.999383083240083	0.99714009177812
Unclassified Ascomycota Phylum	0.310365511801652	0.0261236717904175	0.122832945747148	-5.31622379938898e-05	0.993850509064388	0.999383083240083	0.99714009177812
Unclassified Bacillales Order	0.479225147750448	0.866378632634564	0.982464575759794	-2.0874773708323e-05	0.993850509064388	0.999383083240083	0.99714009177812
Unclassified Bacilli Class	0.319799211899973	0.738894389376905	0.750899273636015	-3.1871501098812e-05	0.993850509064388	0.999383083240083	0.99714009177812
Unclassified Bacteroidales Order	0.651977170486735	0.390309416658446	0.456811226858781	-2.76770408884464e-05	0.993850509064388	0.999383083240083	0.99714009177812
Unclassified Bacteroidetes Phylum	0.262379693546994	0.198559172988186	0.292499420398936	-5.11562926915008e-05	0.993850509064388	0.999383083240083	0.99714009177812
Unclassified Bacteroidia Class	0.30289331564866	0.20471761667406	0.234095666443111	-6.50746268049122e-05	0.993850509064388	0.999383083240083	0.99714009177812
Unclassified Balneolaeota Phylum	0.203196873717361	0.297392824656379	0.391972002165432	-4.77318154896295e-05	0.993850509064388	0.999383083240083	0.99714009177812
Unclassified Betaproteobacteria Class	0.781825559646503	0.469495565328447	0.475274961454392	-1.05610743732675e-05	0.993850509064388	0.999383083240083	0.99714009177812
Unclassified Blastocatellia Class	0.285002339041362	0.678578247809781	0.805831151007112	4.41152000629807e-05	0.993850509064388	0.999383083240083	0.99714009177812
Unclassified Bradymonadales Order	0.939968634237672	0.459092463691854	0.347960574164806	-2.65891426566327e-06	0.993850509064388	0.999383083240083	0.99714009177812
Unclassified Burkholderiales Order	0.948244969281326	0.558753875052974	0.440346985548528	-2.53104173318369e-06	0.993850509064388	0.999383083240083	0.99714009177812
Unclassified Campylobacterales Order	0.464176442132442	0.870179304057056	0.967789939326054	-2.61869143288872e-05	0.993850509064388	0.999383083240083	0.99714009177812
Unclassified Candidatus Bipolaricaulota Phylum	0.979067013376732	0.382831045122891	0.578069893059487	1.12478430785801e-06	0.993850509064388	0.999383083240083	0.99714009177812
Unclassified Candidatus Cloacimonetes Phylum	0.011225642554594	0.63844901669726	0.868736077373326	-0.000117581503826504	0.993850509064388	0.999383083240083	0.99714009177812
Unclassified Candidatus Gracilibacteria Phylum	0.59170631962566	0.611123627316453	0.545691524060918	-3.06100395898415e-05	0.993850509064388	0.999383083240083	0.99714009177812
Unclassified Candidatus Saccharibacteria Phylum	0.710653205383025	0.820775424390139	0.787596402299618	-1.56587231829779e-05	0.993850509064388	0.999383083240083	0.99714009177812
Unclassified Cellvibrionales Order	0.350983389655451	0.39846248426644	0.575200785445512	-5.28092296395424e-05	0.993850509064388	0.999383083240083	0.99714009177812
Unclassified Chromatiales Order	0.978348106382344	0.556212490480742	0.491331344134877	-1.08076765037618e-06	0.993850509064388	0.999383083240083	0.99714009177812
Unclassified Chroococcales Order	0.650935271735785	0.488496168525879	0.743385449456944	-3.19382849482749e-05	0.993850509064388	0.999383083240083	0.99714009177812
Unclassified Clostridia Class	0.445910518092896	0.800717370699438	0.694466430101366	-2.43406723181196e-05	0.993850509064388	0.999383083240083	0.99714009177812
Unclassified Clostridiales Order	0.379809850335101	0.521493040106091	0.731918277532508	2.31937334256585e-05	0.993850509064388	0.999383083240083	0.99714009177812
Unclassified Coriobacteriales Order	0.478827456980278	0.444537221638799	0.415063547450544	4.148556311007e-05	0.993850509064388	0.999383083240083	0.99714009177812
Unclassified Coriobacteriia Class	0.361362033419866	0.656480919349633	0.770046227067619	5.14209094527597e-05	0.993850509064388	0.999383083240083	0.99714009177812
Unclassified Corynebacteriales Order	0.717694618432248	0.762531669126371	0.724865292868804	1.39216008687436e-05	0.993850509064388	0.999383083240083	0.99714009177812
Unclassified Cyanobacteria Phylum	0.523299958201048	0.153942426858901	0.180711610558889	-2.05039807283551e-05	0.993850509064388	0.999383083240083	0.99714009177812
Unclassified Cytophagales Order	0.14382488107891	0.42158670398707	0.692194959477862	-4.51624583204884e-05	0.993850509064388	0.999383083240083	0.99714009177812
Unclassified Dehalococcoidia Class	0.974183885270486	0.880636916021624	0.910717887938913	-1.3144563419242e-06	0.993850509064388	0.999383083240083	0.99714009177812
Unclassified Deinococci Class	0.433370325352466	0.304754790374147	0.591134653319856	4.18195646758905e-05	0.993850509064388	0.999383083240083	0.99714009177812
Unclassified Deltaproteobacteria Class	0.706611392099108	0.202626586064647	0.115888651868123	-1.50764611764794e-05	0.993850509064388	0.999383083240083	0.99714009177812
Unclassified Desulfobacterales Order	0.501845977791283	0.89976966690245	0.805311921282341	-4.46514163929196e-05	0.993850509064388	0.999383083240083	0.99714009177812
Unclassified Desulfovibrionales Order	0.265185116856717	0.630826805008653	0.45963624443757	-5.49002098912892e-05	0.993850509064388	0.999383083240083	0.99714009177812
Unclassified Desulfuromonadales Order	0.653170319744192	0.373236826098028	0.15439604025022	1.67609319618397e-05	0.993850509064388	0.999383083240083	0.99714009177812
Unclassified Elusimicrobia Phylum	0.58649308263609	0.537664518300872	0.341082111524442	-2.30091435182985e-05	0.993850509064388	0.999383083240083	0.99714009177812
Unclassified Enterobacterales Order	0.152694918864461	0.528271428329633	0.605981931288938	-5.03798985827756e-05	0.993850509064388	0.999383083240083	0.99714009177812
Unclassified Entomoplasmatales Order	0.666177764446793	0.964182604378632	0.617955738399268	2.70893830441336e-05	0.993850509064388	0.999383083240083	0.99714009177812
Unclassified Epsilonproteobacteria Class	0.0192100729140791	0.651691613756485	0.475311691013716	-7.32757117127262e-05	0.993850509064388	0.999383083240083	0.99714009177812
Unclassified Euryarchaeota Phylum	0.594514012186965	0.844649151838369	0.983529255764654	2.21320551683655e-05	0.993850509064388	0.999383083240083	0.99714009177812
Unclassified Firmicutes Phylum	0.177823007837296	0.815457606358255	0.655586755756251	-3.64340444171855e-05	0.993850509064388	0.999383083240083	0.99714009177812
Unclassified Flavobacteriales Order	0.154104310310343	0.91031284440449	0.896201008549364	-5.89362485492981e-05	0.993850509064388	0.999383083240083	0.99714009177812
Unclassified Frankiales Order	0.820844006940599	0.775926496429356	0.627264184300874	1.07063735576287e-05	0.993850509064388	0.999383083240083	0.99714009177812
Unclassified Fusobacteriales Order	0.143374980985769	0.382372837972386	0.395563541478452	-6.39422092807851e-05	0.993850509064388	0.999383083240083	0.99714009177812
Unclassified Gammaproteobacteria Class	0.55044277981696	0.644041210058909	0.708045511520336	-1.73825856771755e-05	0.993850509064388	0.999383083240083	0.99714009177812
Unclassified Halanaerobiales Order	0.415037020812687	0.862482515991138	0.7947824568643	-2.94656606966712e-05	0.993850509064388	0.999383083240083	0.99714009177812
Unclassified Halobacteria Class	0.49223420997148	0.822122512366885	0.437705161406665	2.86145469847235e-05	0.993850509064388	0.999383083240083	0.99714009177812
Unclassified Halobacteriales Order	0.226044463820887	0.671455546038628	0.688507904962865	6.49421320623389e-05	0.993850509064388	0.999383083240083	0.99714009177812
Unclassified Haloferacales Order	0.52532642954889	0.592238522698703	0.151093323095074	2.45388724437863e-05	0.993850509064388	0.999383083240083	0.99714009177812
Unclassified Ignavibacteriales Order	0.0368577881733849	0.835273720694575	0.512619864405571	-0.000171537137549895	0.993850509064388	0.999383083240083	0.99714009177812
Unclassified Kiritimatiellaeota Phylum	0.874091169643343	0.721143428995186	0.729738759141706	-5.4649136417386e-06	0.993850509064388	0.999383083240083	0.99714009177812
Unclassified Lactobacillales Order	0.450815226439436	0.947489267668544	0.933759917969411	-2.76129373149101e-05	0.993850509064388	0.999383083240083	0.99714009177812
Unclassified Methanococcales Order	0.0795065042511832	0.707767155866431	0.691292519996732	-9.13477055588953e-05	0.993850509064388	0.999383083240083	0.99714009177812
Unclassified Micrococcales Order	0.748838654492313	0.711210268710633	0.720916960480833	1.22459929912791e-05	0.993850509064388	0.999383083240083	0.99714009177812
Unclassified Mollicutes Class	0.693621320022335	0.946774649675148	0.82187453813088	2.32227309510873e-05	0.993850509064388	0.999383083240083	0.99714009177812
Unclassified Myxococcales Order	0.860384863610626	0.788930279242061	0.60623125550931	7.36707606504612e-06	0.993850509064388	0.999383083240083	0.99714009177812
Unclassified Negativicutes Class	0.724978288716684	0.591703517300563	0.508968816665836	-1.40825564709958e-05	0.993850509064388	0.999383083240083	0.99714009177812
Unclassified Neisseriales Order	0.524011087286208	0.78618920901806	0.810012111209496	-3.26881139101599e-05	0.993850509064388	0.999383083240083	0.99714009177812
Unclassified Nitrosomonadales Order	0.237630321941218	0.746950795897997	0.848533643614175	-5.35990492920494e-05	0.993850509064388	0.999383083240083	0.99714009177812
Unclassified Nostocales Order	0.288871740396053	0.853580742683561	0.688236673033375	-3.28614121799138e-05	0.993850509064388	0.999383083240083	0.99714009177812
Unclassified Oceanospirillales Order	0.543159970231139	0.0741368008921533	0.0857988837717343	-2.05199839697042e-05	0.993850509064388	0.999383083240083	0.99714009177812
Unclassified Oscillatoriales Order	0.540503949735601	0.198876684462065	0.115270002851307	-2.49443466480842e-05	0.993850509064388	0.999383083240083	0.99714009177812
Unclassified Phycisphaerae Class	0.565383090373474	0.561767857010545	0.67761469794585	-2.26858343021063e-05	0.993850509064388	0.999383083240083	0.99714009177812
Unclassified Planctomycetales Order	0.706940890431008	0.966900993667871	0.853420157653433	1.45983052156298e-05	0.993850509064388	0.999383083240083	0.99714009177812
Unclassified Planctomycetes Phylum	0.825952132242039	0.774809994759054	0.812041246351089	-7.31327461252104e-06	0.993850509064388	0.999383083240083	0.99714009177812
Unclassified Planctomycetia Class	0.947177909225506	0.583045149544578	0.71687561199695	-2.93354295774355e-06	0.993850509064388	0.999383083240083	0.99714009177812
Unclassified Propionibacteriales Order	0.511430595684363	0.554395502766023	0.746909765032018	-2.85578742630924e-05	0.993850509064388	0.999383083240083	0.99714009177812
Unclassified Proteobacteria Phylum	0.821649675388044	0.783320727508202	0.735170349198851	-7.85610646517773e-06	0.993850509064388	0.999383083240083	0.99714009177812
Unclassified Pseudomonadales Order	0.960837464524421	0.636777729560761	0.60323845504683	1.76503008225427e-06	0.993850509064388	0.999383083240083	0.99714009177812
Unclassified Rhizobiales Order	0.932554343504828	0.766686848360087	0.602968978521067	3.08624500929544e-06	0.993850509064388	0.999383083240083	0.99714009177812
Unclassified Rhodobacterales Order	0.74738054829842	0.0875436608237268	0.0750295825175019	1.79490424189278e-05	0.993850509064388	0.999383083240083	0.99714009177812
Unclassified Rhodocyclales Order	0.55381671277881	0.741529710592212	0.651236637518267	2.53958635374765e-05	0.993850509064388	0.999383083240083	0.99714009177812
Unclassified Rhodospirillales Order	0.822165952392866	0.678411680264559	0.61926732892356	-1.18524989718507e-05	0.993850509064388	0.999383083240083	0.99714009177812
Unclassified Rickettsiales Order	0.189951406377992	0.532879116299309	0.403566345715624	-7.42238439443152e-05	0.993850509064388	0.999383083240083	0.99714009177812
Unclassified Saccharomycetales Order	0.599910895276667	0.714151941076448	0.753982005240818	-3.00472184025554e-05	0.993850509064388	0.999383083240083	0.99714009177812
Unclassified Silvanigrellales Order	0.599987741101886	0.941024803257054	0.935183073175198	-1.97125225291077e-05	0.993850509064388	0.999383083240083	0.99714009177812
Unclassified Sordariomycetes Class	0.392572063592647	0.423036687111661	0.705591341641987	6.4205913450598e-05	0.993850509064388	0.999383083240083	0.99714009177812
Unclassified Sphingomonadales Order	0.900324605976335	0.85993387442423	0.766743893105219	4.53529881582684e-06	0.993850509064388	0.999383083240083	0.99714009177812
Unclassified Streptosporangiales Order	0.774440190720954	0.893535560694433	0.912556439374705	1.56063655516591e-05	0.993850509064388	0.999383083240083	0.99714009177812
Unclassified Synechococcales Order	0.621048963734487	0.670408474441515	0.85337719318093	-3.15110405687309e-05	0.993850509064388	0.999383083240083	0.99714009177812
Unclassified Tenericutes Phylum	0.348103563854505	0.979280327186834	0.900505510039385	-4.13353263850841e-05	0.993850509064388	0.999383083240083	0.99714009177812
Unclassified Thaumarchaeota Phylum	0.160112538676929	0.94208672244853	0.897000413223323	-5.8346317290986e-05	0.993850509064388	0.999383083240083	0.99714009177812
Unclassified Thermoanaerobacterales Order	0.780070766621278	0.845614712083378	0.930406082283502	-1.06384576572214e-05	0.993850509064388	0.999383083240083	0.99714009177812
Unclassified Thermoplasmata Class	0.810711747446114	0.214124458371671	0.405663993197377	-1.034921835115e-05	0.993850509064388	0.999383083240083	0.99714009177812
Unclassified Thermoplasmatales Order	0.807053693967804	0.560877380267532	0.764257180438174	1.11330826916217e-05	0.993850509064388	0.999383083240083	0.99714009177812
Unclassified Tissierellia Class	0.232100537583607	0.493048574844174	0.542349032408388	-5.03315462316752e-05	0.993850509064388	0.999383083240083	0.99714009177812
Unclassified Verrucomicrobia Phylum	0.446328401084158	0.735917008866693	0.598477579449943	-2.91678907132048e-05	0.993850509064388	0.999383083240083	0.99714009177812
Unclassified Verrucomicrobiales Order	0.663673850065219	0.77476287765019	0.937684264217789	-4.31769785344951e-05	0.993850509064388	0.999383083240083	0.99714009177812
Unclassified Victivallales Order	0.025876672116591	0.0458337257803557	0.15633701013642	-0.000146192848300489	0.993850509064388	0.999383083240083	0.99714009177812
Unclassified Xanthomonadales Order	0.696876407627357	0.576991619696687	0.293414186568878	1.73974866906365e-05	0.993850509064388	0.999383083240083	0.99714009177812
Unclassified candidate division Zixibacteria Phylum	0.290339111801988	0.262354820591449	0.269215432673558	-3.82092586623554e-05	0.993850509064388	0.999383083240083	0.99714009177812
Unikaryonidae	0.113817625330237	0.313291703942454	0.241970480114806	-6.41903361495205e-05	0.993850509064388	0.999383083240083	0.99714009177812
Ustilaginaceae	0.66422395124147	0.834574044623593	0.981277883294858	1.56709028615309e-05	0.993850509064388	0.999383083240083	0.99714009177812
Vallitaleaceae	0.396463510761248	0.755274600475684	0.663565960530762	-3.07312054080859e-05	0.993850509064388	0.999383083240083	0.99714009177812
Veillonellaceae	0.474678625082913	0.186356384259619	0.47845587772478	-3.616529882844e-05	0.993850509064388	0.999383083240083	0.99714009177812
Verrucomicrobiaceae	0.854797057412802	0.865256785417614	0.505262525094584	7.44489879478346e-06	0.993850509064388	0.999383083240083	0.99714009177812
Vibrionaceae	0.14635510179084	0.77803673257613	0.968932089261371	-4.00619725965733e-05	0.993850509064388	0.999383083240083	0.99714009177812
Vicinamibacteraceae	0.755986768322996	0.903756762938158	0.820162391731048	1.26956299205418e-05	0.993850509064388	0.999383083240083	0.99714009177812
Vulgatibacteraceae	0.416139294946984	0.93323332053655	0.808537360110663	-3.80934730356747e-05	0.993850509064388	0.999383083240083	0.99714009177812
Waddliaceae	0.426489630101155	0.455023411949646	0.287684704758	-3.86835602773441e-05	0.993850509064388	0.999383083240083	0.99714009177812
Wenzhouxiangellaceae	0.839320239113657	0.915968115293661	0.935996038543573	-9.44142770708459e-06	0.993850509064388	0.999383083240083	0.99714009177812
Woeseiaceae	0.0866236944892499	0.777610700420063	0.526202305918261	-8.08605406639286e-05	0.993850509064388	0.999383083240083	0.99714009177812
Xanthobacteraceae	0.738276569965978	0.985827084214586	0.943736904913385	-1.33401368205805e-05	0.993850509064388	0.999383083240083	0.99714009177812
Xanthomonadaceae	0.736953700161524	0.742924735954793	0.645259565649417	1.2590404082282e-05	0.993850509064388	0.999383083240083	0.99714009177812
Yersiniaceae	0.588469279192412	0.735726546691742	0.76438691117897	-1.69659205564688e-05	0.993850509064388	0.999383083240083	0.99714009177812
Zoogloeaceae	0.841648524356046	0.844580108195432	0.72323679837516	7.42617165077568e-06	0.993850509064388	0.999383083240083	0.99714009177812
