p-variable	p-treatment	p-interaction	slope	adjusted.p-variable	adjusted.p-treatment	adjusted.p-interaction
Acaryochloridaceae	0.996862027314401	0.462894530837436	0.291454243553989	5.1441272424786e-05	0.99997813867035	0.999021867340451	0.99997771167133
Acetobacteraceae	0.547894996415731	0.713659210558786	0.83661507606763	-0.00608573824327658	0.97928543513521	0.999021867340451	0.99997771167133
Acholeplasmataceae	0.479704285830006	0.775501959781878	0.692328271880001	-0.00889260600622766	0.97928543513521	0.999021867340451	0.99997771167133
Acidaminococcaceae	0.0245238177233043	0.877276091662695	0.839119789857864	-0.0686654777290404	0.910975441022151	0.999021867340451	0.99997771167133
Acidiferrobacteraceae	0.973568862466551	0.778713076478789	0.665542972246863	-0.000376181334616052	0.996920110346838	0.999021867340451	0.99997771167133
Acidilobaceae	0.998823029716158	0.519339021571221	0.712066287074398	2.02765117310361e-05	0.99997813867035	0.999021867340451	0.99997771167133
Acidimicrobiaceae	0.890307809390316	0.222898269024457	0.236133497803209	0.00217523235764237	0.979924855380498	0.999021867340451	0.99997771167133
Acidithiobacillaceae	0.387720402225476	0.919407308593654	0.963347729101256	-0.00996711757734948	0.97928543513521	0.999021867340451	0.99997771167133
Acidobacteriaceae	0.864242154952554	0.984499091536689	0.988801930236756	-0.00184358793707844	0.97928543513521	0.999021867340451	0.99997771167133
Acidothermaceae	0.66231338859341	0.99646069563989	0.772766801908554	0.00461141861156895	0.97928543513521	0.999021867340451	0.99997771167133
Actinomycetaceae	0.409413934896885	0.923243616382972	0.671743048286327	0.00989595032241972	0.97928543513521	0.999021867340451	0.99997771167133
Actinopolysporaceae	0.685572608702863	0.139494720202925	0.0947736682266561	-0.00569790374138273	0.97928543513521	0.999021867340451	0.99997771167133
Aerococcaceae	0.799911033871709	0.672152603504604	0.523967274664789	-0.0021118039271162	0.97928543513521	0.999021867340451	0.99997771167133
Aeromonadaceae	0.753525606810549	0.791282008105062	0.819894182324028	-0.00333269675478075	0.97928543513521	0.999021867340451	0.99997771167133
Akkermansiaceae	0.10647047683344	0.879836806398456	0.978003226883241	-0.0600637356574014	0.97928543513521	0.999021867340451	0.99997771167133
Alcaligenaceae	0.998453960477383	0.754337527864211	0.718038204276566	-2.04961638343683e-05	0.99997813867035	0.999021867340451	0.99997771167133
Alcanivoracaceae	0.750401411465571	0.605077759755637	0.715015671622788	-0.00317806025309511	0.97928543513521	0.999021867340451	0.99997771167133
Alicyclobacillaceae	0.973048365773597	0.904163918475621	0.833594691864293	0.000346958451555468	0.996920110346838	0.999021867340451	0.99997771167133
Alteromonadaceae	0.406693602756091	0.590467049252107	0.648519577612121	-0.00740017121250447	0.97928543513521	0.999021867340451	0.99997771167133
Amoebophilaceae	0.166329096826025	0.423379638147372	0.448292549187679	-0.0173053232315922	0.97928543513521	0.999021867340451	0.99997771167133
Anaerohalosphaeraceae	0.164996588285483	0.77622049461185	0.662065340696306	-0.0168317962606307	0.97928543513521	0.999021867340451	0.99997771167133
Anaerolineaceae	0.441118810586745	0.701193297645115	0.792450116534907	-0.0078513326594051	0.97928543513521	0.999021867340451	0.99997771167133
Anaeromyxobacteraceae	0.756908645983372	0.928828853411515	0.90421916111887	0.00376876375945248	0.97928543513521	0.999021867340451	0.99997771167133
Anaplasmataceae	0.167634801946732	0.587014196295404	0.434442843964604	-0.0149055575483633	0.97928543513521	0.999021867340451	0.99997771167133
Aphanizomenonaceae	0.0784193693267279	0.727604517788145	0.693723003788035	-0.0180698579971056	0.97928543513521	0.999021867340451	0.99997771167133
Aphanothecaceae	0.440042387136859	0.796840005880159	0.687957181577227	-0.00709598163416809	0.97928543513521	0.999021867340451	0.99997771167133
Aquificaceae	0.53014694056173	0.77359559395048	0.7181379919263	-0.00751535278999094	0.97928543513521	0.999021867340451	0.99997771167133
Archaeoglobaceae	0.743546564524425	0.621790898553623	0.454961628067392	-0.0031280052366836	0.97928543513521	0.999021867340451	0.99997771167133
Archangiaceae	0.741439672345476	0.76153637697342	0.691471996222039	0.00384019572036046	0.97928543513521	0.999021867340451	0.99997771167133
Ardenticatenaceae	0.448444051786469	0.876641560396004	0.698573125797557	0.00920785077359883	0.97928543513521	0.999021867340451	0.99997771167133
Aspergillaceae	0.675599755214567	0.879979273157022	0.852304021470054	-0.00416750080638218	0.97928543513521	0.999021867340451	0.99997771167133
Atopobiaceae	0.966984453181416	0.605901216426323	0.666980984071067	-0.000577655533738617	0.996920110346838	0.999021867340451	0.99997771167133
Aurantimonadaceae	0.678751642475278	0.597636004083959	0.632265332506896	-0.00491330355901082	0.97928543513521	0.999021867340451	0.99997771167133
Azonexaceae	0.94208558647373	0.727989603695811	0.625356963672933	-0.000711541353362004	0.996920110346838	0.999021867340451	0.99997771167133
Bacillaceae	0.379522665303997	0.903735585785614	0.836827522085065	-0.00746166244266324	0.97928543513521	0.999021867340451	0.99997771167133
Bacteriovoracaceae	0.269868703695801	0.663006305037341	0.753020876556346	-0.0138770250573522	0.97928543513521	0.999021867340451	0.99997771167133
Bacteroidaceae	0.522450431719622	0.417585087988231	0.477078965357154	-0.0126456515253255	0.97928543513521	0.999021867340451	0.99997771167133
Baekduiaceae	0.269346066604093	0.51582947410811	0.751963599175249	0.0164275236776503	0.97928543513521	0.999021867340451	0.99997771167133
Barnesiellaceae	0.0483742343126324	0.162455625099736	0.288154686759146	-0.0362359548239439	0.97928543513521	0.999021867340451	0.99997771167133
Bartonellaceae	0.087655977871561	0.98609267832179	0.857008727400206	-0.0165917236461996	0.97928543513521	0.999021867340451	0.99997771167133
Bdellovibrionaceae	0.1536897638264	0.818439633208135	0.923434086665404	-0.0127428460462945	0.97928543513521	0.999021867340451	0.99997771167133
Beijerinckiaceae	0.57766785048082	0.775781859264216	0.864854752939	-0.00661103661560684	0.97928543513521	0.999021867340451	0.99997771167133
Bernardetiaceae	0.115640703037158	0.880307954237725	0.741381273812121	-0.0225234039145687	0.97928543513521	0.999021867340451	0.99997771167133
Beutenbergiaceae	0.84865421022652	0.491084088532707	0.57348852911178	0.00237850058320401	0.97928543513521	0.999021867340451	0.99997771167133
Bifidobacteriaceae	0.184283599894281	0.398324219674018	0.479688588780185	0.0338336801648203	0.97928543513521	0.999021867340451	0.99997771167133
Blattabacteriaceae	0.37043544113638	0.393567616790086	0.283952500427216	-0.0103684046188592	0.97928543513521	0.999021867340451	0.99997771167133
Bogoriellaceae	0.121631294936918	0.548009435800575	0.343930310181066	0.019158162824687	0.97928543513521	0.999021867340451	0.99997771167133
Borreliaceae	0.246446090417313	0.468870395811017	0.401474819398836	-0.0147803868239967	0.97928543513521	0.999021867340451	0.99997771167133
Brachyspiraceae	0.286273868721334	0.49119032453281	0.422628211685718	-0.0132766761638797	0.97928543513521	0.999021867340451	0.99997771167133
Bradymonadaceae	0.682148921054343	0.254879027595727	0.149380781026601	0.00583148250846286	0.97928543513521	0.999021867340451	0.99997771167133
Bradyrhizobiaceae	0.981433972710382	0.852615812242606	0.833763889280041	-0.000245994262722033	0.996920110346838	0.999021867340451	0.99997771167133
Brevibacteriaceae	0.390938670931212	0.900571279194136	0.618479723330324	0.00886168224042899	0.97928543513521	0.999021867340451	0.99997771167133
Brucellaceae	0.662560427025908	0.901719801402539	0.910154310942995	-0.00424870518700367	0.97928543513521	0.999021867340451	0.99997771167133
Budviciaceae	0.366479532997989	0.34952894489336	0.320742473997651	-0.00836357267621381	0.97928543513521	0.999021867340451	0.99997771167133
Burkholderiaceae	0.850758788654126	0.64491461185629	0.582411008238655	0.00198385081767895	0.97928543513521	0.999021867340451	0.99997771167133
Caldilineaceae	0.79055985615676	0.885068696829678	0.981712610816895	-0.00335234036043162	0.97928543513521	0.999021867340451	0.99997771167133
Caldisphaeraceae	0.552163059964983	0.640110061314948	0.535038608494791	-0.00946508964602199	0.97928543513521	0.999021867340451	0.99997771167133
Calditrichaceae	0.517425673710218	0.797004130983859	0.767092619373828	0.00643418967503538	0.97928543513521	0.999021867340451	0.99997771167133
Calotrichaceae	0.316104362266561	0.510918178345457	0.396244375838664	-0.0092680460333693	0.97928543513521	0.999021867340451	0.99997771167133
Campylobacteraceae	0.609309706901394	0.464598776635434	0.445818787982777	0.00659194995737098	0.97928543513521	0.999021867340451	0.99997771167133
Candidatus Brocadiaceae	0.460319641485922	0.611422585532741	0.932090280875381	-0.00803111299195595	0.97928543513521	0.999021867340451	0.99997771167133
Candidatus Deianiraeaceae	0.533333668809116	0.536453854389103	0.54149659159405	-0.0109883421846006	0.97928543513521	0.999021867340451	0.99997771167133
Candidatus Methanomethylophilaceae	0.845238026796293	0.968192609058293	0.874458411614665	-0.00268622739096632	0.97928543513521	0.999021867340451	0.99997771167133
Candidatus Midichloriaceae	0.137072694913756	0.887765806732787	0.754891066728909	-0.0218400002424797	0.97928543513521	0.999021867340451	0.99997771167133
Candidatus Nanopelagicaceae	0.0787769671627075	0.892582077767964	0.869674477189688	-0.019022831451577	0.97928543513521	0.999021867340451	0.99997771167133
Candidatus Paracaedibacteraceae	0.217186004051569	0.963094419007834	0.867352641780065	-0.0206851931824191	0.97928543513521	0.999021867340451	0.99997771167133
Cardiobacteriaceae	0.252782287138629	0.7932399791639	0.584021693423873	-0.0127002305263908	0.97928543513521	0.999021867340451	0.99997771167133
Carnobacteriaceae	0.460051171678644	0.95124408099822	0.93573425776091	-0.00718719419802348	0.97928543513521	0.999021867340451	0.99997771167133
Casimicrobiaceae	0.175517861623084	0.525969487857996	0.409108161115918	-0.0186403827890284	0.97928543513521	0.999021867340451	0.99997771167133
Catenulisporaceae	0.393142334952407	0.85975729585156	0.992042923862098	0.0106858267541931	0.97928543513521	0.999021867340451	0.99997771167133
Caulobacteraceae	0.956008709907456	0.738868774655461	0.749749664340578	0.000621862404217616	0.996920110346838	0.999021867340451	0.99997771167133
Cellulomonadaceae	0.349936280329283	0.900464964301283	0.661934664870268	0.01079973091363	0.97928543513521	0.999021867340451	0.99997771167133
Cellvibrionaceae	0.330610130591905	0.487644996066852	0.631579005319394	-0.00995450812308682	0.97928543513521	0.999021867340451	0.99997771167133
Chaetomiaceae	0.506970496071075	0.973141062179192	0.955787555957203	-0.00697902331814608	0.97928543513521	0.999021867340451	0.99997771167133
Chamaesiphonaceae	0.30270302695538	0.833109974977404	0.828751069036645	-0.0125692090472828	0.97928543513521	0.999021867340451	0.99997771167133
Chelatococcaceae	0.808160522035614	0.869503349443651	0.767476784305834	0.00318171480390374	0.97928543513521	0.999021867340451	0.99997771167133
Chitinophagaceae	0.196716872755092	0.303089983403072	0.361125497638286	-0.0107203272307908	0.97928543513521	0.999021867340451	0.99997771167133
Chlamydiaceae	0.901156968114421	0.940290906451939	0.688354517221953	-0.001405138241766	0.983253895294337	0.999021867340451	0.99997771167133
Chlorobiaceae	0.45467966322117	0.656475603856296	0.757318260369664	-0.00726964397286627	0.97928543513521	0.999021867340451	0.99997771167133
Chloroflexaceae	0.573266835154171	0.524014029006303	0.696387626634222	-0.00646179676168011	0.97928543513521	0.999021867340451	0.99997771167133
Christensenellaceae	0.160658004103992	0.698992991102665	0.543488051253194	-0.0212343244650321	0.97928543513521	0.999021867340451	0.99997771167133
Chromatiaceae	0.844045254857133	0.773247088513785	0.772753022433461	-0.0019925547643603	0.97928543513521	0.999021867340451	0.99997771167133
Chromobacteriaceae	0.98062688012927	0.88465426082574	0.839768618408466	0.000275365907433979	0.996920110346838	0.999021867340451	0.99997771167133
Chroococcaceae	0.790229320804683	0.745077760548877	0.724570259364987	-0.00240237796783618	0.97928543513521	0.999021867340451	0.99997771167133
Chroococcidiopsidaceae	0.940670770419329	0.427858721575354	0.353304179655801	-0.000966665082183266	0.996920110346838	0.999021867340451	0.99997771167133
Chrysiogenaceae	0.984912971333938	0.993336134786876	0.740391117113689	-0.000217353042975357	0.998484606765705	0.999021867340451	0.99997771167133
Chthonomonadaceae	0.646509943117775	0.287664349755453	0.349208020191729	-0.00587612278045569	0.97928543513521	0.999021867340451	0.99997771167133
Clavicipitaceae	0.806011335578062	0.513225716447835	0.506996030715684	0.00241198825813758	0.97928543513521	0.999021867340451	0.99997771167133
Clostridiaceae	0.440815370078749	0.317798187533308	0.354877557825585	-0.00727968094109998	0.97928543513521	0.999021867340451	0.99997771167133
Clostridiales Family XIII. Incertae Sedis	0.87208414939095	0.764478552623607	0.937529910730347	-0.00165673067568164	0.979924855380498	0.999021867340451	0.99997771167133
Clostridiales Family XVI. Incertae Sedis	0.711239198178262	0.724472347131836	0.762250878767701	0.00355722902770022	0.97928543513521	0.999021867340451	0.99997771167133
Clostridiales Family XVII. Incertae Sedis	0.959054398099462	0.969426936379111	0.954149824643069	-0.000655694696211766	0.996920110346838	0.999021867340451	0.99997771167133
Cohaesibacteraceae	0.337908470395826	0.832895289166561	0.943129655049005	-0.0111574146737931	0.97928543513521	0.999021867340451	0.99997771167133
Coleofasciculaceae	0.382572264023358	0.748348329876631	0.990283933321585	-0.00954874115322253	0.97928543513521	0.999021867340451	0.99997771167133
Colwelliaceae	0.53658960615384	0.615897027408137	0.490474529248306	-0.00518524070712215	0.97928543513521	0.999021867340451	0.99997771167133
Comamonadaceae	0.750044893485505	0.660366901318385	0.569943624901852	0.00357834618807731	0.97928543513521	0.999021867340451	0.99997771167133
Conexibacteraceae	0.374108361231192	0.988749529515588	0.864170132368624	0.012024119554988	0.97928543513521	0.999021867340451	0.99997771167133
Coprothermobacteraceae	0.86884212211697	0.740261651892598	0.697924286274277	0.00284002875765962	0.97928543513521	0.999021867340451	0.99997771167133
Coriobacteriaceae	0.792996354573064	0.899469668185047	0.964259146481623	0.00598087935964495	0.97928543513521	0.999021867340451	0.99997771167133
Corynebacteriaceae	0.50810910588987	0.581825412201282	0.504497674841529	0.00668141358028238	0.97928543513521	0.999021867340451	0.99997771167133
Coxiellaceae	0.389476270044874	0.425518396383266	0.271744865748201	-0.00822043892662284	0.97928543513521	0.999021867340451	0.99997771167133
Crocinitomicaceae	0.0481140379330448	0.999021867340451	0.760530288553393	-0.02498696947233	0.97928543513521	0.999021867340451	0.99997771167133
Cryomorphaceae	0.161606981681307	0.0722844553620605	0.0850187714510517	-0.0193076404004297	0.97928543513521	0.999021867340451	0.99997771167133
Cryptococcaceae	0.578747872371452	0.791411744967056	0.714531344856185	-0.00594598964294558	0.97928543513521	0.999021867340451	0.99997771167133
Cuniculiplasmataceae	0.176715486356906	0.413935801013354	0.339978944658078	-0.0174100818807305	0.97928543513521	0.999021867340451	0.99997771167133
Cyanobacteriaceae	0.755614490780123	0.99629794769439	0.959226363125131	-0.00366780802659318	0.97928543513521	0.999021867340451	0.99997771167133
Cyanothecaceae	0.659402700310477	0.687838229951807	0.60709660491814	-0.00468899114333607	0.97928543513521	0.999021867340451	0.99997771167133
Cyclobacteriaceae	0.0697969388376766	0.345149863441387	0.42764519335084	-0.0153250669661098	0.97928543513521	0.999021867340451	0.99997771167133
Cytophagaceae	0.250096399975213	0.536472616091506	0.644697417078075	-0.010437964252586	0.97928543513521	0.999021867340451	0.99997771167133
Debaryomycetaceae	0.25305993231815	0.476404771524393	0.451288633921781	-0.0134562202540115	0.97928543513521	0.999021867340451	0.99997771167133
Deferribacteraceae	0.449714388063134	0.988039858457746	0.947616554779211	-0.00672160056495868	0.97928543513521	0.999021867340451	0.99997771167133
Dehalococcoidaceae	0.652370198294618	0.821784750678255	0.906743878041543	-0.00561347178806863	0.97928543513521	0.999021867340451	0.99997771167133
Deinococcaceae	0.784111483027635	0.80631506649149	0.732986583706115	0.00325153854340096	0.97928543513521	0.999021867340451	0.99997771167133
Dermabacteraceae	0.532026488641064	0.716092026034179	0.540809088781048	0.00664100225097384	0.97928543513521	0.999021867340451	0.99997771167133
Dermacoccaceae	0.56934769097566	0.891958337063808	0.839690217335372	0.00731638756984862	0.97928543513521	0.999021867340451	0.99997771167133
Dermatophilaceae	0.31589186732289	0.833512769332608	0.577765557601083	0.00951547568444796	0.97928543513521	0.999021867340451	0.99997771167133
Dermocarpellaceae	0.29885771349086	0.861785610050906	0.80643286699437	-0.012286095673868	0.97928543513521	0.999021867340451	0.99997771167133
Desulfarculaceae	0.398236654739658	0.707529307864029	0.840160777601985	-0.0110011609044881	0.97928543513521	0.999021867340451	0.99997771167133
Desulfobacteraceae	0.781359621815668	0.518323147742585	0.508555227009786	-0.002666255590575	0.97928543513521	0.999021867340451	0.99997771167133
Desulfobulbaceae	0.821272884307862	0.507559372017161	0.483024077069068	-0.0025865927165111	0.97928543513521	0.999021867340451	0.99997771167133
Desulfohalobiaceae	0.601553144176261	0.495397810678085	0.283553890199685	0.00565302111947941	0.97928543513521	0.999021867340451	0.99997771167133
Desulfomicrobiaceae	0.650028262491784	0.646709611860853	0.587591761856257	-0.00518091688647238	0.97928543513521	0.999021867340451	0.99997771167133
Desulfovibrionaceae	0.384378286380181	0.861005421037227	0.719978180490338	-0.018175432851685	0.97928543513521	0.999021867340451	0.99997771167133
Desulfurellaceae	0.0859239056988126	0.841849114155375	0.980268171649391	-0.0191235945108102	0.97928543513521	0.999021867340451	0.99997771167133
Desulfurobacteriaceae	0.621201487485673	0.867228548974994	0.740560489311127	-0.00517403822382995	0.97928543513521	0.999021867340451	0.99997771167133
Desulfurococcaceae	0.447857952513914	0.739638603414059	0.883629446417236	-0.00805214757001495	0.97928543513521	0.999021867340451	0.99997771167133
Desulfuromonadaceae	0.773597159616585	0.938581654960583	0.893143829668016	-0.00301103063243842	0.97928543513521	0.999021867340451	0.99997771167133
Dictyoglomaceae	0.368791995339672	0.83661169043356	0.842166068515854	-0.0117780920594802	0.97928543513521	0.999021867340451	0.99997771167133
Dietziaceae	0.970957913065984	0.944005470031107	0.886208771984501	0.000431442322413951	0.996920110346838	0.999021867340451	0.99997771167133
Dipodascaceae	0.0561755089514084	0.331007920046266	0.534731903978222	-0.0262041562463148	0.97928543513521	0.999021867340451	0.99997771167133
Dysgonamonadaceae	0.0249043419429371	0.150692356743001	0.238116336984428	-0.0276191791840853	0.910975441022151	0.999021867340451	0.99997771167133
Ectothiorhodospiraceae	0.728561874296587	0.924380436735311	0.893458639350455	-0.00409544386015088	0.97928543513521	0.999021867340451	0.99997771167133
Eggerthellaceae	0.350953527045112	0.910147076152664	0.973601438706136	0.0185760148052196	0.97928543513521	0.999021867340451	0.99997771167133
Egibacteraceae	0.473205654755597	0.930356853812308	0.946294553121372	-0.00963598183370484	0.97928543513521	0.999021867340451	0.99997771167133
Egicoccaceae	0.790408062941898	0.678341500271509	0.593154455490286	0.00381689092352902	0.97928543513521	0.999021867340451	0.99997771167133
Elusimicrobiaceae	0.658795501456324	0.535763684827097	0.382274425626201	-0.0047858343281714	0.97928543513521	0.999021867340451	0.99997771167133
Emcibacteraceae	0.456593493827428	0.673212235816771	0.654352441672158	-0.00806475835215909	0.97928543513521	0.999021867340451	0.99997771167133
Endomicrobiaceae	0.313183226176858	0.778198480674554	0.686457265755189	-0.0126596233082454	0.97928543513521	0.999021867340451	0.99997771167133
Endozoicomonadaceae	0.355270608162134	0.409221346372637	0.43388062916517	-0.0110450038220223	0.97928543513521	0.999021867340451	0.99997771167133
Enterobacteriaceae	0.675131896075186	0.276213106269217	0.782589214432637	0.00666663843555572	0.97928543513521	0.999021867340451	0.99997771167133
Enterococcaceae	0.888861705642563	0.766972885088271	0.623798709585001	-0.00145214028389007	0.979924855380498	0.999021867340451	0.99997771167133
Entomoplasmataceae	0.438654382053163	0.39581786643778	0.415929158947629	-0.0125167673694819	0.97928543513521	0.999021867340451	0.99997771167133
Erwiniaceae	0.573676638203148	0.684564772624306	0.573128076376287	-0.00516139801129011	0.97928543513521	0.999021867340451	0.99997771167133
Erysipelotrichaceae	0.293600842587321	0.325085284553711	0.319799052165446	-0.0153201006969916	0.97928543513521	0.999021867340451	0.99997771167133
Erythrobacteraceae	0.772675524578952	0.664008688704603	0.594265153960362	0.00318973040089876	0.97928543513521	0.999021867340451	0.99997771167133
Eubacteriaceae	0.403112209211371	0.513199544095633	0.804033864297217	0.00910411126033176	0.97928543513521	0.999021867340451	0.99997771167133
Euzebyaceae	0.775530837147848	0.334246670138896	0.280838508930392	-0.00412389908176459	0.97928543513521	0.999021867340451	0.99997771167133
Ferrimonadaceae	0.262134414203876	0.752050229839639	0.869441749013213	-0.0136571081501902	0.97928543513521	0.999021867340451	0.99997771167133
Ferroplasmaceae	0.760141985600908	0.0273675905926409	0.019101942048757	-0.00440427191334729	0.97928543513521	0.999021867340451	0.99997771167133
Fervidobacteriaceae	0.0873740380427911	0.454145891463858	0.380635917125892	-0.0192411054880649	0.97928543513521	0.999021867340451	0.99997771167133
Fibrobacteraceae	0.550811702400241	0.971488691965559	0.962250895455553	-0.00806179170999052	0.97928543513521	0.999021867340451	0.99997771167133
Fimbriimonadaceae	0.488745364742547	0.394958960949662	0.191542597804485	0.0071256793622032	0.97928543513521	0.999021867340451	0.99997771167133
Flammeovirgaceae	0.0289754281725459	0.722350021924688	0.855968140281691	-0.0190953730844708	0.910975441022151	0.999021867340451	0.99997771167133
Flavobacteriaceae	0.0570270221873603	0.81079780235625	0.976331340644608	-0.0164238892354595	0.97928543513521	0.999021867340451	0.99997771167133
Francisellaceae	0.228521906572288	0.853357609335443	0.828679824065249	-0.012660762203067	0.97928543513521	0.999021867340451	0.99997771167133
Frankiaceae	0.735429719877036	0.767434785554968	0.67481299120017	0.0037859969619233	0.97928543513521	0.999021867340451	0.99997771167133
Fusobacteriaceae	0.28988970873663	0.927403192990618	0.93417265558728	-0.0125568564742715	0.97928543513521	0.999021867340451	0.99997771167133
Gallionellaceae	0.952995873596949	0.687592286214453	0.660639347329458	0.000580150354660628	0.996920110346838	0.999021867340451	0.99997771167133
Gemmataceae	0.805019707160965	0.86529111925967	0.97747992002464	0.00291777301769558	0.97928543513521	0.999021867340451	0.99997771167133
Gemmatimonadaceae	0.95572943252766	0.929039514855259	0.946481849014601	-0.00066781491096151	0.996920110346838	0.999021867340451	0.99997771167133
Geobacteraceae	0.831027485095879	0.825934394707697	0.841467222837474	0.00239311177328307	0.97928543513521	0.999021867340451	0.99997771167133
Geodermatophilaceae	0.79075640805377	0.611386559232507	0.642464931498135	-0.00342337871902541	0.97928543513521	0.999021867340451	0.99997771167133
Gloeobacteraceae	0.534026522846269	0.808232372767357	0.869000138963416	-0.00807224250764468	0.97928543513521	0.999021867340451	0.99997771167133
Gloeomargaritaceae	0.671261857430211	0.350988413349406	0.291503800831687	-0.00489018289602542	0.97928543513521	0.999021867340451	0.99997771167133
Glomerellaceae	0.948581585940149	0.438078140253369	0.458237322122873	-0.000658007914211277	0.996920110346838	0.999021867340451	0.99997771167133
Glycomycetaceae	0.470464753036327	0.835848269673139	0.858640167471171	-0.0104337987457518	0.97928543513521	0.999021867340451	0.99997771167133
Gomontiellaceae	0.645258957229617	0.705361072757148	0.594730303552864	-0.00588857647477863	0.97928543513521	0.999021867340451	0.99997771167133
Gordoniaceae	0.663462015783338	0.601154620084802	0.48686162281353	0.00492600735350826	0.97928543513521	0.999021867340451	0.99997771167133
Gottschalkiaceae	0.257436299638609	0.260792470444269	0.153812426512507	-0.0156782092869218	0.97928543513521	0.999021867340451	0.99997771167133
Granulosicoccaceae	0.192145051888933	0.380966635124069	0.480873800089578	-0.014298521743023	0.97928543513521	0.999021867340451	0.99997771167133
Hafniaceae	0.346533046835962	0.976531612733832	0.984320403241117	-0.0090166959898679	0.97928543513521	0.999021867340451	0.99997771167133
Hahellaceae	0.410478546211156	0.559900689513223	0.588148100958389	-0.00821706410079204	0.97928543513521	0.999021867340451	0.99997771167133
Halanaerobiaceae	0.514484119077419	0.861803168889629	0.871276401928475	-0.00673178300618747	0.97928543513521	0.999021867340451	0.99997771167133
Halieaceae	0.844530686074923	0.495477874174091	0.447731922744523	-0.00200181952990185	0.97928543513521	0.999021867340451	0.99997771167133
Haliscomenobacteraceae	0.111057222532553	0.899754567730563	0.626965981526859	-0.0170410817974056	0.97928543513521	0.999021867340451	0.99997771167133
Haloarculaceae	0.980388355375337	0.780079854797875	0.782590721488726	-0.000298941734143836	0.996920110346838	0.999021867340451	0.99997771167133
Halobacteriaceae	0.671665499087933	0.865517358399352	0.74429764945879	0.00553412772675062	0.97928543513521	0.999021867340451	0.99997771167133
Halobacteriovoraceae	0.345935762920233	0.463778167702377	0.48737078047477	-0.0135982023937226	0.97928543513521	0.999021867340451	0.99997771167133
Halobacteroidaceae	0.568703445437419	0.257178383431703	0.258144607402998	-0.00655512269203097	0.97928543513521	0.999021867340451	0.99997771167133
Haloferacaceae	0.900976709943026	0.448365711076363	0.464267343155603	-0.00139511244247214	0.983253895294337	0.999021867340451	0.99997771167133
Halomonadaceae	0.99997813867035	0.983540098587339	0.980584888062024	2.87199799927746e-07	0.99997813867035	0.999021867340451	0.99997771167133
Halorubraceae	0.998981018230276	0.588167526347158	0.603453761871281	-1.55394917729577e-05	0.99997813867035	0.999021867340451	0.99997771167133
Halothiobacillaceae	0.527252955321136	0.772304971286236	0.823226744931924	-0.00908585255340811	0.97928543513521	0.999021867340451	0.99997771167133
Hapalosiphonaceae	0.356636103404191	0.930823973789625	0.997903298465527	0.0105107663984197	0.97928543513521	0.999021867340451	0.99997771167133
Helicobacteraceae	0.228543288652005	0.935421362351602	0.981232799526136	-0.0119313994230304	0.97928543513521	0.999021867340451	0.99997771167133
Heliobacteriaceae	0.989465295991891	0.62291441760826	0.680374609933134	-0.000146681395667074	0.99997813867035	0.999021867340451	0.99997771167133
Holosporaceae	0.774496601878593	0.456402271023535	0.55824706378055	-0.00363584347821272	0.97928543513521	0.999021867340451	0.99997771167133
Hungateiclostridiaceae	0.474368442050828	0.862212023941292	0.88038044673648	-0.00647632572306533	0.97928543513521	0.999021867340451	0.99997771167133
Hydrogenophilaceae	0.466486427870979	0.990410393315831	0.809819492134118	-0.0100736820217446	0.97928543513521	0.999021867340451	0.99997771167133
Hydrogenothermaceae	0.465443144917327	0.733812498083323	0.670698524553716	-0.00943670909254232	0.97928543513521	0.999021867340451	0.99997771167133
Hyellaceae	0.518002716246239	0.304959370949208	0.522071347606986	-0.00961627382897578	0.97928543513521	0.999021867340451	0.99997771167133
Hymenobacteraceae	0.243772020680866	0.446608373465361	0.565884779649414	-0.0121539742186679	0.97928543513521	0.999021867340451	0.99997771167133
Hyphomicrobiaceae	0.977742829701084	0.879007087555918	0.8174592532673	0.000303954912197181	0.996920110346838	0.999021867340451	0.99997771167133
Hyphomonadaceae	0.688888953739662	0.528828196907649	0.484710642389204	-0.00445645459950209	0.97928543513521	0.999021867340451	0.99997771167133
Iamiaceae	0.82985761266996	0.692119453419497	0.664045082844335	-0.00281532188260455	0.97928543513521	0.999021867340451	0.99997771167133
Ichthyobacteriaceae	0.380964088804826	0.681288629702163	0.735327990401432	-0.0125006336789327	0.97928543513521	0.999021867340451	0.99997771167133
Idiomarinaceae	0.0320654229607592	0.756677253821377	0.996733439734548	-0.0208841124506742	0.917427379155054	0.999021867340451	0.99997771167133
Ignavibacteriaceae	0.297542285276514	0.01948440174284	0.0342929640090235	-0.0136014664954229	0.97928543513521	0.999021867340451	0.99997771167133
Ilumatobacteraceae	0.8344982540615	0.919940675137013	0.930738350590725	-0.00335167965969054	0.97928543513521	0.999021867340451	0.99997771167133
Immundisolibacteraceae	0.954615457824194	0.468007826646403	0.465509133585196	-0.000691643418240815	0.996920110346838	0.999021867340451	0.99997771167133
Intrasporangiaceae	0.456564791731948	0.835156144931478	0.645229402303858	0.00880571981986568	0.97928543513521	0.999021867340451	0.99997771167133
Isosphaeraceae	0.493693008882902	0.840715348158677	0.638573580158893	0.00830114116154857	0.97928543513521	0.999021867340451	0.99997771167133
Jiangellaceae	0.140070674750102	0.960812898801792	0.65854556149646	0.0191883177962822	0.97928543513521	0.999021867340451	0.99997771167133
Jonesiaceae	0.564456376138396	0.78033416368554	0.564535347554596	-0.0075520058548485	0.97928543513521	0.999021867340451	0.99997771167133
Kangiellaceae	0.406418332767251	0.27506000497613	0.246769354115898	-0.00970441456492701	0.97928543513521	0.999021867340451	0.99997771167133
Kineosporiaceae	0.937845557216343	0.212975600339138	0.193945433086634	0.00117071317824268	0.996920110346838	0.999021867340451	0.99997771167133
Kiritimatiellaceae	0.915974636246381	0.202079854206872	0.144403862046561	-0.00148767863927539	0.986950254272519	0.999021867340451	0.99997771167133
Kofleriaceae	0.912570044682279	0.722017456005123	0.62291789230706	-0.00144036956698334	0.986950254272519	0.999021867340451	0.99997771167133
Kosmotogaceae	0.249831804879263	0.658280645070507	0.588208921449531	-0.0107258901984762	0.97928543513521	0.999021867340451	0.99997771167133
Ktedonosporobacteraceae	0.640988096239031	0.611480830766095	0.679924834447901	-0.0058313731582132	0.97928543513521	0.999021867340451	0.99997771167133
Labilitrichaceae	0.526122072827591	0.797688266507591	0.723313239876201	-0.00771734695055365	0.97928543513521	0.999021867340451	0.99997771167133
Lachnospiraceae	0.738701352781338	0.937309605569587	0.697502108544121	-0.00335273492446982	0.97928543513521	0.999021867340451	0.99997771167133
Lacipirellulaceae	0.821310478510028	0.180598093273179	0.188988966937447	-0.00266170315437065	0.97928543513521	0.999021867340451	0.99997771167133
Lactobacillaceae	0.489723459886302	0.472876489558386	0.377587245296201	-0.00859708689583885	0.97928543513521	0.999021867340451	0.99997771167133
Legionellaceae	0.490614726848632	0.491064483678474	0.399013362956802	-0.00596558713195402	0.97928543513521	0.999021867340451	0.99997771167133
Leptolyngbyaceae	0.470981717808049	0.927512150789866	0.993564431520992	-0.00739237568457769	0.97928543513521	0.999021867340451	0.99997771167133
Leptospiraceae	0.296483919734598	0.618709859948934	0.78521954173716	-0.00995240889319517	0.97928543513521	0.999021867340451	0.99997771167133
Leptotrichiaceae	0.279980695926044	0.907744048514052	0.806632546324736	-0.012298399900169	0.97928543513521	0.999021867340451	0.99997771167133
Leuconostocaceae	0.0401337350744702	0.222962935026508	0.173373081439356	-0.0281088421687387	0.97928543513521	0.999021867340451	0.99997771167133
Lichenihabitantaceae	0.204897606265878	0.988088837310686	0.734200269640907	0.0160659622325485	0.97928543513521	0.999021867340451	0.99997771167133
Limnochordaceae	0.796667402176811	0.847150355356695	0.825698450755978	-0.00327987225307102	0.97928543513521	0.999021867340451	0.99997771167133
Listeriaceae	0.354007615680845	0.850656830352691	0.846847452646007	-0.0089051860193211	0.97928543513521	0.999021867340451	0.99997771167133
Litoricolaceae	0.428016875563988	0.0214491487372048	0.0126863456076535	-0.00945652376433625	0.97928543513521	0.999021867340451	0.99997771167133
Magnetococcaceae	0.757588545771401	0.384435740237965	0.326452849200308	-0.00358025993679861	0.97928543513521	0.999021867340451	0.99997771167133
Malasseziaceae	0.892114468472042	0.478633299688719	0.535188404425071	0.00192275122076736	0.979924855380498	0.999021867340451	0.99997771167133
Marinifilaceae	0.0572990202094658	0.603702738767765	0.728325481949279	-0.0225703751043253	0.97928543513521	0.999021867340451	0.99997771167133
Marinilabiliaceae	0.00483339559298546	0.365394559128869	0.409304152098486	-0.0308328099634385	0.82973291012917	0.999021867340451	0.99997771167133
Mariprofundaceae	0.79751973283715	0.231769154977017	0.273636738784066	-0.0026543630796961	0.97928543513521	0.999021867340451	0.99997771167133
Melioribacteraceae	0.10793868733358	0.325431488593241	0.408780952884123	-0.0211128534372628	0.97928543513521	0.999021867340451	0.99997771167133
Merismopediaceae	0.740936786696907	0.840008540158967	0.560848127613318	-0.00324460294189224	0.97928543513521	0.999021867340451	0.99997771167133
Mesoaciditogaceae	0.192360006677413	0.177105354443556	0.236070775443348	-0.0171506269189846	0.97928543513521	0.999021867340451	0.99997771167133
Methanobacteriaceae	0.765612933576755	0.730160564958672	0.928038308773042	0.00935259491174944	0.97928543513521	0.999021867340451	0.99997771167133
Methanocaldococcaceae	0.166804625884177	0.961008291899772	0.944162051563476	-0.0215631526694675	0.97928543513521	0.999021867340451	0.99997771167133
Methanocellaceae	0.465134311606923	0.49120746113419	0.604546955779307	-0.00891037518433299	0.97928543513521	0.999021867340451	0.99997771167133
Methanococcaceae	0.456034328900186	0.613475517975227	0.503183920475592	-0.00822893312216165	0.97928543513521	0.999021867340451	0.99997771167133
Methanocorpusculaceae	0.575662294227401	0.827479184385814	0.7052347221376	-0.00595886814852423	0.97928543513521	0.999021867340451	0.99997771167133
Methanomassiliicoccaceae	0.617892629574973	0.485567630044059	0.528114666960094	-0.00549652249510276	0.97928543513521	0.999021867340451	0.99997771167133
Methanomicrobiaceae	0.523498442266899	0.708623810280419	0.710039529988134	-0.00621631663999038	0.97928543513521	0.999021867340451	0.99997771167133
Methanopyraceae	0.20390194527726	0.76839402766348	0.763621266989721	-0.018905140450709	0.97928543513521	0.999021867340451	0.99997771167133
Methanoregulaceae	0.638837335551469	0.730671026531816	0.723096593984045	-0.00591750380746487	0.97928543513521	0.999021867340451	0.99997771167133
Methanosarcinaceae	0.563407437720723	0.891822572398395	0.968234398480506	-0.00471569570214849	0.97928543513521	0.999021867340451	0.99997771167133
Methanospirillaceae	0.320518773157141	0.342881183824458	0.799719704810843	-0.0103793820896217	0.97928543513521	0.999021867340451	0.99997771167133
Methanothermaceae	0.499044448625565	0.10638792574532	0.248789056131317	-0.0107887241212998	0.97928543513521	0.999021867340451	0.99997771167133
Methanotrichaceae	0.75221986430065	0.332137008222089	0.361311305582489	-0.00442452186890016	0.97928543513521	0.999021867340451	0.99997771167133
Methylacidiphilaceae	0.838972257858454	0.697728718403492	0.759232337293787	-0.0024104391358476	0.97928543513521	0.999021867340451	0.99997771167133
Methylobacteriaceae	0.863751721519996	0.550414806805785	0.465823719556362	0.00203461732252893	0.97928543513521	0.999021867340451	0.99997771167133
Methylococcaceae	0.567345783712445	0.909690736095884	0.878236262191811	-0.00519120466710747	0.97928543513521	0.999021867340451	0.99997771167133
Methylocystaceae	0.405516209558571	0.960935621277019	0.981648648691924	-0.00922757614685314	0.97928543513521	0.999021867340451	0.99997771167133
Methylophilaceae	0.810223425509503	0.791061212069977	0.634332792829585	-0.00217612288244732	0.97928543513521	0.999021867340451	0.99997771167133
Microbacteriaceae	0.545873527844956	0.818210675007045	0.67113135305248	0.00687830329926038	0.97928543513521	0.999021867340451	0.99997771167133
Microbulbiferaceae	0.690692640288045	0.657691625017817	0.60036106763005	-0.00397881564499983	0.97928543513521	0.999021867340451	0.99997771167133
Micrococcaceae	0.706568261246334	0.393807802639301	0.471052400394292	-0.00428688020056131	0.97928543513521	0.999021867340451	0.99997771167133
Microcoleaceae	0.183839234062626	0.614456698091688	0.558719188436964	-0.0112594851953402	0.97928543513521	0.999021867340451	0.99997771167133
Microcystaceae	0.0972527383882116	0.777759270120788	0.705479855292518	-0.0151080292655838	0.97928543513521	0.999021867340451	0.99997771167133
Micromonosporaceae	0.746309960562381	0.626429471471744	0.551158493988712	0.00398716574458805	0.97928543513521	0.999021867340451	0.99997771167133
Moraxellaceae	0.352324903746542	0.935179966667855	0.99997771167133	-0.00794861254306118	0.97928543513521	0.999021867340451	0.99997771167133
Morganellaceae	0.203466980711184	0.969461308704416	0.836109859483699	-0.0107807526167469	0.97928543513521	0.999021867340451	0.99997771167133
Moritellaceae	0.811266059607863	0.429031780740804	0.359980046394453	-0.00284239795168281	0.97928543513521	0.999021867340451	0.99997771167133
Muribaculaceae	0.0785507938520263	0.190062977280771	0.28381316618035	-0.0235113932800701	0.97928543513521	0.999021867340451	0.99997771167133
Mycobacteriaceae	0.779548192458279	0.773907530868895	0.71184378558746	0.00313803693243248	0.97928543513521	0.999021867340451	0.99997771167133
Mycoplasmataceae	0.338611492175661	0.27983936578387	0.28812248689814	-0.0110409174917779	0.97928543513521	0.999021867340451	0.99997771167133
Mycosphaerellaceae	0.67092104466745	0.248009605120128	0.223409646793985	-0.00430366242999098	0.97928543513521	0.999021867340451	0.99997771167133
Myxococcaceae	0.951608387544365	0.773656870632528	0.722383506549799	0.000761690859852298	0.996920110346838	0.999021867340451	0.99997771167133
Nakamurellaceae	0.735719069613166	0.49109511917532	0.509538740154691	-0.00423038412018235	0.97928543513521	0.999021867340451	0.99997771167133
Natranaerobiaceae	0.720113370943229	0.66458755657065	0.613484414313536	-0.00422700177378283	0.97928543513521	0.999021867340451	0.99997771167133
Natrialbaceae	0.567879881809359	0.665743648697368	0.58222657533587	0.00598219020384448	0.97928543513521	0.999021867340451	0.99997771167133
Nautiliaceae	0.308859519896904	0.76115483600126	0.758390431885309	-0.0131032541413935	0.97928543513521	0.999021867340451	0.99997771167133
Nectriaceae	0.218968048223225	0.615453822836676	0.799739500260359	-0.0107074861051563	0.97928543513521	0.999021867340451	0.99997771167133
Neisseriaceae	0.677647990556457	0.891405403681571	0.981014226304624	-0.00399819352824527	0.97928543513521	0.999021867340451	0.99997771167133
Nitrosomonadaceae	0.277417694023592	0.715836855834829	0.866568407452073	-0.0103840598140466	0.97928543513521	0.999021867340451	0.99997771167133
Nitrosopumilaceae	0.23153261445874	0.791649293432007	0.833503148783222	-0.0166743419440396	0.97928543513521	0.999021867340451	0.99997771167133
Nitrososphaeraceae	0.657847331800628	0.955325270191516	0.847613747199576	0.00493562410221831	0.97928543513521	0.999021867340451	0.99997771167133
Nitrospiraceae	0.340532977337831	0.413175394307069	0.483466898637099	-0.00933922960752872	0.97928543513521	0.999021867340451	0.99997771167133
Nocardiaceae	0.75968330963358	0.767799750043806	0.755109025396583	0.00349003404507984	0.97928543513521	0.999021867340451	0.99997771167133
Nocardioidaceae	0.539707055878882	0.789575873617953	0.677287519528956	0.00748550484292377	0.97928543513521	0.999021867340451	0.99997771167133
Nocardiopsaceae	0.782215016970742	0.534509774599497	0.405640858458598	0.00313606056754095	0.97928543513521	0.999021867340451	0.99997771167133
Nostocaceae	0.499342568417939	0.689993729408656	0.545160450238238	-0.0051284278968637	0.97928543513521	0.999021867340451	0.99997771167133
Oceanospirillaceae	0.330906024148834	0.499058222176897	0.678354167010778	-0.00902804911076218	0.97928543513521	0.999021867340451	0.99997771167133
Odoribacteraceae	0.368890698064835	0.322044452876217	0.352823115231761	-0.0177047495832936	0.97928543513521	0.999021867340451	0.99997771167133
Oleiphilaceae	0.0823817403601483	0.0593084132243077	0.0759758471560898	-0.0200267449534349	0.97928543513521	0.999021867340451	0.99997771167133
Opitutaceae	0.87713247980345	0.839449622547487	0.710583027607906	0.00168458091590557	0.979924855380498	0.999021867340451	0.99997771167133
Orbaceae	0.218343905879776	0.768144823248373	0.930032971052202	-0.0141042987695495	0.97928543513521	0.999021867340451	0.99997771167133
Oscillatoriaceae	0.401826790805425	0.461101539330199	0.410458665291344	-0.00885056691289366	0.97928543513521	0.999021867340451	0.99997771167133
Oscillospiraceae	0.106390206094556	0.290204633624261	0.221274124078897	-0.018128763481733	0.97928543513521	0.999021867340451	0.99997771167133
Oxalobacteraceae	0.453223026045734	0.967867026455911	0.967659592860947	-0.00978966923789834	0.97928543513521	0.999021867340451	0.99997771167133
Paenibacillaceae	0.606018207591107	0.746677993418904	0.841864326973056	-0.00445799291612066	0.97928543513521	0.999021867340451	0.99997771167133
Paludibacteraceae	0.0154102422498167	0.277142384300975	0.4526125404861	-0.0345077085154989	0.910975441022151	0.999021867340451	0.99997771167133
Parachlamydiaceae	0.428791611238667	0.834231846071672	0.955078760148433	-0.00964524157776417	0.97928543513521	0.999021867340451	0.99997771167133
Parvularculaceae	0.766895843940458	0.941285773458604	0.581113639033557	0.00411108282953004	0.97928543513521	0.999021867340451	0.99997771167133
Pasteurellaceae	0.0819188025682971	0.953557038299758	0.803904118559887	-0.0185528971193317	0.97928543513521	0.999021867340451	0.99997771167133
Pectobacteriaceae	0.532235977851586	0.712028349145559	0.793925809730889	-0.00571094421183831	0.97928543513521	0.999021867340451	0.99997771167133
Pelagibacteraceae	0.259201674226675	0.348794827918988	0.270252308478761	-0.0174911526583974	0.97928543513521	0.999021867340451	0.99997771167133
Peptococcaceae	0.660523324163996	0.728514047339951	0.774247885986705	-0.00384881752035811	0.97928543513521	0.999021867340451	0.99997771167133
Peptoniphilaceae	0.358165512203175	0.377844654383428	0.377416728950273	-0.00869661076722657	0.97928543513521	0.999021867340451	0.99997771167133
Peptostreptococcaceae	0.885088874460072	0.955930780876925	0.981861078845705	0.00127959276988099	0.979924855380498	0.999021867340451	0.99997771167133
Petrotogaceae	0.361420652303049	0.452057401100843	0.352883528625507	-0.0123775542505254	0.97928543513521	0.999021867340451	0.99997771167133
Phaffomycetaceae	0.0299843882931609	0.399111513120219	0.351226476569707	-0.0249390241364407	0.910975441022151	0.999021867340451	0.99997771167133
Phycisphaeraceae	0.466127973062965	0.981061007486174	0.746660802806788	0.0113178930434159	0.97928543513521	0.999021867340451	0.99997771167133
Phyllobacteriaceae	0.795438480509553	0.804717194536523	0.770590022905198	-0.00269557402205515	0.97928543513521	0.999021867340451	0.99997771167133
Pichiaceae	0.0769281277002617	0.312922030446193	0.214829018094584	-0.0185199976092334	0.97928543513521	0.999021867340451	0.99997771167133
Picrophilaceae	0.622894056787145	0.940026757743584	0.969715163827739	-0.00966849564059188	0.97928543513521	0.999021867340451	0.99997771167133
Pirellulaceae	0.855358317185117	0.450169863243691	0.449040199512346	-0.00175285208506896	0.97928543513521	0.999021867340451	0.99997771167133
Piscirickettsiaceae	0.233074917656954	0.347572145187632	0.418968962812806	-0.0105814216034497	0.97928543513521	0.999021867340451	0.99997771167133
Planctomycetaceae	0.823871738607694	0.835441175584429	0.876422518248266	-0.00229815796595433	0.97928543513521	0.999021867340451	0.99997771167133
Planococcaceae	0.293540551856659	0.833034028724419	0.911754664375046	-0.00934778921160527	0.97928543513521	0.999021867340451	0.99997771167133
Polyangiaceae	0.648688549451099	0.891570142521272	0.746067026893147	0.00530846257734141	0.97928543513521	0.999021867340451	0.99997771167133
Porphyromonadaceae	0.0237021814459037	0.0434496098260675	0.0796329544637897	-0.0285757562175981	0.910975441022151	0.999021867340451	0.99997771167133
Prevotellaceae	0.00401452390751812	0.0659184887393689	0.274443762042909	-0.0477926243404359	0.82973291012917	0.999021867340451	0.99997771167133
Prochloraceae	0.0854497504375133	0.668229954703668	0.765356596424928	-0.0211288336742254	0.97928543513521	0.999021867340451	0.99997771167133
Prochlorotrichaceae	0.555557901320157	0.0835328761736991	0.102632030501823	-0.00633588679073284	0.97928543513521	0.999021867340451	0.99997771167133
Prolixibacteraceae	0.0225878612463919	0.253445773597051	0.350959656247272	-0.0235030695943755	0.910975441022151	0.999021867340451	0.99997771167133
Promicromonosporaceae	0.167576729118217	0.846901906229046	0.581001407275624	0.0163704411950956	0.97928543513521	0.999021867340451	0.99997771167133
Propionibacteriaceae	0.645546278940013	0.958514311287953	0.92385615986485	0.00511224622920232	0.97928543513521	0.999021867340451	0.99997771167133
Pseudanabaenaceae	0.664557803755798	0.645328870951674	0.429651375700816	-0.00452312623876554	0.97928543513521	0.999021867340451	0.99997771167133
Pseudoalteromonadaceae	0.185670844001242	0.743650587577937	0.902633111463824	-0.0121229803289164	0.97928543513521	0.999021867340451	0.99997771167133
Pseudomonadaceae	0.813902412094704	0.865501313680517	0.910247890454832	-0.0026229973807726	0.97928543513521	0.999021867340451	0.99997771167133
Pseudonocardiaceae	0.741951108676671	0.78363290432462	0.713502731743602	0.00389246558311804	0.97928543513521	0.999021867340451	0.99997771167133
Psychromonadaceae	0.658958982039558	0.921849402311834	0.991522998332815	0.00546894809489506	0.97928543513521	0.999021867340451	0.99997771167133
Puniceicoccaceae	0.560451073383599	0.0894106681775142	0.103264578370707	-0.00860154609789192	0.97928543513521	0.999021867340451	0.99997771167133
Pyriculariaceae	0.666290395187574	0.767827106963309	0.681770298832089	-0.00362287921529794	0.97928543513521	0.999021867340451	0.99997771167133
Pyrodictiaceae	0.352580980377654	0.90560820055292	0.819341758769073	-0.0111609403096999	0.97928543513521	0.999021867340451	0.99997771167133
Rhizobiaceae	0.833724344434439	0.73494096772829	0.749495309417263	-0.00214927923990993	0.97928543513521	0.999021867340451	0.99997771167133
Rhodanobacteraceae	0.764624376870495	0.650358566216826	0.644551653645037	-0.00342136604315648	0.97928543513521	0.999021867340451	0.99997771167133
Rhodobacteraceae	0.878476222158783	0.779221077508591	0.780423221782944	-0.00166939999940045	0.979924855380498	0.999021867340451	0.99997771167133
Rhodobiaceae	0.409471458226292	0.598254496850217	0.617098867424721	-0.00971166827260783	0.97928543513521	0.999021867340451	0.99997771167133
Rhodocyclaceae	0.65856159797571	0.994762683801996	0.722168035964496	0.00485154878731609	0.97928543513521	0.999021867340451	0.99997771167133
Rhodospirillaceae	0.805712806729024	0.629169077331376	0.63951819693605	-0.00275368572009461	0.97928543513521	0.999021867340451	0.99997771167133
Rhodothermaceae	0.546045433850172	0.996850615539911	0.897493918392954	-0.00719373521886979	0.97928543513521	0.999021867340451	0.99997771167133
Rickettsiaceae	0.122051462803042	0.416936308344993	0.433887863076087	-0.0190544973045594	0.97928543513521	0.999021867340451	0.99997771167133
Rikenellaceae	0.172209974303868	0.631121932066413	0.626786603361502	-0.0385664294117852	0.97928543513521	0.999021867340451	0.99997771167133
Rivulariaceae	0.575906873774391	0.713603024567991	0.737915134266366	-0.00649815500150781	0.97928543513521	0.999021867340451	0.99997771167133
Roseiflexaceae	0.418918233062482	0.723415784399905	0.568669471244638	-0.00893633886425066	0.97928543513521	0.999021867340451	0.99997771167133
Ruaniaceae	0.704962805107546	0.594403612494412	0.530921929312218	0.00481963509013149	0.97928543513521	0.999021867340451	0.99997771167133
Rubrobacteraceae	0.510640460784864	0.921163806509059	0.729832659996194	0.00752933164894295	0.97928543513521	0.999021867340451	0.99997771167133
Ruminococcaceae	0.61239033460424	0.618446013958531	0.503183244683731	0.00447734474862829	0.97928543513521	0.999021867340451	0.99997771167133
Saccharomycetaceae	0.604844777671696	0.232792807531701	0.118680008115537	-0.0055458637097163	0.97928543513521	0.999021867340451	0.99997771167133
Saccharospirillaceae	0.766675850166884	0.597830032768122	0.641029889086611	-0.0029314823324577	0.97928543513521	0.999021867340451	0.99997771167133
Salinisphaeraceae	0.193834140474676	0.549203203816434	0.326396310243873	-0.018824564632802	0.97928543513521	0.999021867340451	0.99997771167133
Salinivirgaceae	0.00175151854196226	0.785846617629573	0.492125952880553	-0.0416394234312943	0.82973291012917	0.999021867340451	0.99997771167133
Sandaracinaceae	0.811265401625853	0.768510299186554	0.691041950417297	0.00307061214003536	0.97928543513521	0.999021867340451	0.99997771167133
Sanguibacteraceae	0.853932603908169	0.92325068449938	0.955427944074922	0.00230237596678114	0.97928543513521	0.999021867340451	0.99997771167133
Saprospiraceae	0.153545818666071	0.595468888790099	0.415913949247264	-0.020785172018624	0.97928543513521	0.999021867340451	0.99997771167133
Schizosaccharomycetaceae	0.251996815902458	0.809101899209458	0.764233188664139	-0.0144403274498532	0.97928543513521	0.999021867340451	0.99997771167133
Sclerotiniaceae	0.359805626381799	0.856892627424768	0.928062727350974	-0.00975644661155771	0.97928543513521	0.999021867340451	0.99997771167133
Scytonemataceae	0.0552801555181613	0.452944799468132	0.671034365084496	-0.0229864536425504	0.97928543513521	0.999021867340451	0.99997771167133
Sedimentisphaeraceae	0.406825639693193	0.548973059693186	0.584971575213816	-0.00793326517805763	0.97928543513521	0.999021867340451	0.99997771167133
Segniliparaceae	0.820060926489244	0.492247339103122	0.538838809485382	0.00328366447960951	0.97928543513521	0.999021867340451	0.99997771167133
Selenomonadaceae	0.919875965147202	0.943337572207527	0.938892240874934	0.00128269552454148	0.986950254272519	0.999021867340451	0.99997771167133
Shewanellaceae	0.342890464599608	0.939680537970776	0.762341078960426	-0.00820153001499076	0.97928543513521	0.999021867340451	0.99997771167133
Silvanigrellaceae	0.284485681749599	0.429924961795644	0.484864994782143	-0.0154071283674764	0.97928543513521	0.999021867340451	0.99997771167133
Simkaniaceae	0.89239758674457	0.311231794077487	0.320672381830607	0.00207490541967218	0.979924855380498	0.999021867340451	0.99997771167133
Sinobacteraceae	0.939542925483078	0.831995449112395	0.734654748369361	0.000931599072230816	0.996920110346838	0.999021867340451	0.99997771167133
Solibacteraceae	0.662515934045902	0.352591192482603	0.487473332963857	-0.00503799690619349	0.97928543513521	0.999021867340451	0.99997771167133
Sordariaceae	0.704408246471312	0.731047031805343	0.609804805278225	-0.00382527577140289	0.97928543513521	0.999021867340451	0.99997771167133
Sphaerobacteraceae	0.503367747946482	0.859325209159809	0.68623171030827	0.00839211302035486	0.97928543513521	0.999021867340451	0.99997771167133
Sphingobacteriaceae	0.0293527950800208	0.319692547925396	0.506956012590269	-0.016471000825416	0.910975441022151	0.999021867340451	0.99997771167133
Sphingomonadaceae	0.905724058070344	0.770885856361685	0.770454628708565	-0.00126507534296612	0.986147758786949	0.999021867340451	0.99997771167133
Spirochaetaceae	0.819289288069959	0.937231540517276	0.871994799988832	-0.00196255464718371	0.97928543513521	0.999021867340451	0.99997771167133
Spiroplasmataceae	0.348053162833128	0.718081153443307	0.713156850686966	-0.0130904424196326	0.97928543513521	0.999021867340451	0.99997771167133
Spongiibacteraceae	0.311478920891944	0.998981184876541	0.952380158400744	-0.0113358589628752	0.97928543513521	0.999021867340451	0.99997771167133
Sporichthyaceae	0.222246376397169	0.434389246314822	0.523282846470942	-0.016267982112075	0.97928543513521	0.999021867340451	0.99997771167133
Sporolactobacillaceae	0.146915105299114	0.95295263592132	0.866556819454924	-0.0134488172392644	0.97928543513521	0.999021867340451	0.99997771167133
Sporomusaceae	0.614641610863145	0.639848555137933	0.555013786261261	0.00438123192786442	0.97928543513521	0.999021867340451	0.99997771167133
Staphylococcaceae	0.24759352085191	0.489236821872367	0.493713487315581	-0.012434388216886	0.97928543513521	0.999021867340451	0.99997771167133
Steroidobacteraceae	0.190639045932891	0.873715492156426	0.885075357150787	-0.0149958703450195	0.97928543513521	0.999021867340451	0.99997771167133
Sterolibacteriaceae	0.304885656809734	0.456236761138202	0.472380466941317	-0.0120235294103721	0.97928543513521	0.999021867340451	0.99997771167133
Streptococcaceae	0.859919768580264	0.548731023415524	0.608430031115622	-0.00335172169109945	0.97928543513521	0.999021867340451	0.99997771167133
Streptomycetaceae	0.738374502569814	0.746663819565059	0.67303028788584	0.00390380056201731	0.97928543513521	0.999021867340451	0.99997771167133
Streptosporangiaceae	0.621211065873027	0.97004738464115	0.871979562906252	0.00563330621909912	0.97928543513521	0.999021867340451	0.99997771167133
Succinivibrionaceae	0.0448033642899155	0.941125358880957	0.863193776382159	-0.0229179651629105	0.97928543513521	0.999021867340451	0.99997771167133
Sulfolobaceae	0.300085356285525	0.879045404938287	0.863207675305493	-0.00996269399859597	0.97928543513521	0.999021867340451	0.99997771167133
Sutterellaceae	0.386142059870281	0.369879962516224	0.329642988967897	-0.015222663228046	0.97928543513521	0.999021867340451	0.99997771167133
Symbiobacteriaceae	0.844942290631688	0.965490072559426	0.979949997877442	-0.00259702012129264	0.97928543513521	0.999021867340451	0.99997771167133
Synechococcaceae	0.727821264607869	0.835502713423411	0.889915746400121	-0.00379896537962992	0.97928543513521	0.999021867340451	0.99997771167133
Synergistaceae	0.316439975237473	0.539585287165209	0.630978106473163	-0.0139656267201365	0.97928543513521	0.999021867340451	0.99997771167133
Syntrophaceae	0.270053582637697	0.802505547485223	0.826642146288644	-0.0122479369690488	0.97928543513521	0.999021867340451	0.99997771167133
Syntrophobacteraceae	0.949142675175205	0.977736291978396	0.918453612410671	0.000696078945764518	0.996920110346838	0.999021867340451	0.99997771167133
Syntrophomonadaceae	0.916835768996349	0.947125542102562	0.867458416242311	-0.00117480455071257	0.986950254272519	0.999021867340451	0.99997771167133
Tannerellaceae	0.196165980439621	0.12819931599744	0.122287095103627	-0.0308050444747876	0.97928543513521	0.999021867340451	0.99997771167133
Tepidiformaceae	0.610790601104286	0.620894965607258	0.846184701634337	-0.00646380049180669	0.97928543513521	0.999021867340451	0.99997771167133
Thermaceae	0.53341615022973	0.78855241046938	0.626678955379403	0.0066685426700744	0.97928543513521	0.999021867340451	0.99997771167133
Thermoactinomycetaceae	0.868429834202605	0.590569273503938	0.579196870548628	-0.00153986480798886	0.97928543513521	0.999021867340451	0.99997771167133
Thermoanaerobacteraceae	0.570372665136965	0.769640264056964	0.721611242552021	-0.00498615060442742	0.97928543513521	0.999021867340451	0.99997771167133
Thermoanaerobacterales Family III. Incertae Sedis	0.239743712150042	0.746024740999219	0.673244636468827	-0.0110776955866304	0.97928543513521	0.999021867340451	0.99997771167133
Thermoanaerobacterales Family IV. Incertae Sedis	0.504382380284778	0.401696395756548	0.480179257093164	-0.00564208946660727	0.97928543513521	0.999021867340451	0.99997771167133
Thermococcaceae	0.720421397576465	0.899298540521795	0.935912829069154	-0.003217619686107	0.97928543513521	0.999021867340451	0.99997771167133
Thermodesulfobacteriaceae	0.255950629588758	0.982757224404114	0.984348895166445	-0.0108371318142088	0.97928543513521	0.999021867340451	0.99997771167133
Thermodesulfobiaceae	0.961854492538453	0.815509022094211	0.888758798215116	-0.000732147795688977	0.996920110346838	0.999021867340451	0.99997771167133
Thermofilaceae	0.909582578078572	0.959264260179522	0.866893903354858	0.00167016759491904	0.986950254272519	0.999021867340451	0.99997771167133
Thermoguttaceae	0.743994422595904	0.212462334527074	0.1551036900764	0.00396795998004303	0.97928543513521	0.999021867340451	0.99997771167133
Thermomicrobiaceae	0.628965144426184	0.684350595588019	0.816700873348873	-0.00685802678786185	0.97928543513521	0.999021867340451	0.99997771167133
Thermomonosporaceae	0.996302540977458	0.545926008472449	0.538676037054999	-5.98665317815595e-05	0.99997813867035	0.999021867340451	0.99997771167133
Thermoplasmataceae	0.567987943909231	0.163803215008318	0.273698352470779	-0.00905014591566865	0.97928543513521	0.999021867340451	0.99997771167133
Thermoproteaceae	0.805379076042	0.723381255650199	0.810182798775171	-0.00271694690830644	0.97928543513521	0.999021867340451	0.99997771167133
Thermotogaceae	0.105352265087273	0.878304232850528	0.914081314321952	-0.0156758903343476	0.97928543513521	0.999021867340451	0.99997771167133
Thioalkalibacteraceae	0.748855730024651	0.298905700183528	0.296601616752527	-0.00409329427516294	0.97928543513521	0.999021867340451	0.99997771167133
Thioalkalispiraceae	0.59684751482864	0.337830285122922	0.351983023191972	-0.00605067934132848	0.97928543513521	0.999021867340451	0.99997771167133
Thiobacillaceae	0.187833530247987	0.507262799376607	0.695708344930697	-0.0168702340359275	0.97928543513521	0.999021867340451	0.99997771167133
Thiotrichaceae	0.204246602906751	0.859716693332318	0.663914669208667	-0.0139834025079044	0.97928543513521	0.999021867340451	0.99997771167133
Tissierellaceae	0.652310700403575	0.772274588015397	0.70138030210266	-0.0042483546118248	0.97928543513521	0.999021867340451	0.99997771167133
Tolypothrichaceae	0.02669765846246	0.692201298825397	0.806470211327129	-0.0332642822048631	0.910975441022151	0.999021867340451	0.99997771167133
Trichocomaceae	0.211797181299048	0.548196242786886	0.591410078052542	-0.0137144327795649	0.97928543513521	0.999021867340451	0.99997771167133
Trichomonascaceae	0.046883681515073	0.466709518768634	0.455706881161752	-0.0209624063525972	0.97928543513521	0.999021867340451	0.99997771167133
Trueperaceae	0.435622954281816	0.765557229905144	0.62893442348425	-0.0106149053192263	0.97928543513521	0.999021867340451	0.99997771167133
Tsukamurellaceae	0.667217651376827	0.53687998143277	0.419024135605062	0.00528652613516125	0.97928543513521	0.999021867340451	0.99997771167133
Unclassified Acidobacteria Phylum	0.201272147832971	0.493954533022589	0.241070531614873	-0.0227136336464563	0.97928543513521	0.999021867340451	0.99997771167133
Unclassified Actinobacteria Class	0.450227041963608	0.708346300612004	0.579916314681498	0.00829830241316723	0.97928543513521	0.999021867340451	0.99997771167133
Unclassified Actinobacteria Phylum	0.101836746754839	0.738881068867361	0.857511699027455	0.0218697945338415	0.97928543513521	0.999021867340451	0.99997771167133
Unclassified Alphaproteobacteria Class	0.91697722942692	0.790528197127236	0.734355379419452	-0.00115244089868535	0.986950254272519	0.999021867340451	0.99997771167133
Unclassified Alteromonadales Order	0.381139125581007	0.658610911242828	0.837260864535378	-0.0086194940853875	0.97928543513521	0.999021867340451	0.99997771167133
Unclassified Aquificales Order	0.202590270604487	0.833209064893899	0.661104790473216	-0.0173204714541147	0.97928543513521	0.999021867340451	0.99997771167133
Unclassified Armatimonadetes Phylum	0.765327298487831	0.781742799371435	0.636872101712064	0.00314736380208792	0.97928543513521	0.999021867340451	0.99997771167133
Unclassified Ascomycota Phylum	0.339683263523972	0.151085674321977	0.386696328768752	-0.0150730826966287	0.97928543513521	0.999021867340451	0.99997771167133
Unclassified Bacillales Order	0.641677472903967	0.612761617466802	0.646213102167208	-0.00411224955666082	0.97928543513521	0.999021867340451	0.99997771167133
Unclassified Bacilli Class	0.395950014025368	0.898041034235519	0.951262861346501	-0.00815196509770624	0.97928543513521	0.999021867340451	0.99997771167133
Unclassified Bacteroidales Order	0.315777680033674	0.387838436805118	0.487489664801778	-0.0184541491135813	0.97928543513521	0.999021867340451	0.99997771167133
Unclassified Bacteroidetes Phylum	0.0614245839658244	0.212707579943258	0.333343302929606	-0.0255088104936872	0.97928543513521	0.999021867340451	0.99997771167133
Unclassified Bacteroidia Class	0.0815590568146818	0.207360173056979	0.267514521782072	-0.0328249183686512	0.97928543513521	0.999021867340451	0.99997771167133
Unclassified Balneolaeota Phylum	0.140037012124392	0.188814512494135	0.239797076503206	-0.016544279501735	0.97928543513521	0.999021867340451	0.99997771167133
Unclassified Betaproteobacteria Class	0.634750493733528	0.452842284569257	0.476490046666396	-0.00547236606661194	0.97928543513521	0.999021867340451	0.99997771167133
Unclassified Blastocatellia Class	0.366652341399979	0.956239322104581	0.671772178002665	0.0112371318732302	0.97928543513521	0.999021867340451	0.99997771167133
Unclassified Bradymonadales Order	0.859263360782985	0.450684137656773	0.375202997174047	-0.00189117035046034	0.97928543513521	0.999021867340451	0.99997771167133
Unclassified Burkholderiales Order	0.794700023006941	0.451768360413563	0.385362024264026	-0.00306083541578838	0.97928543513521	0.999021867340451	0.99997771167133
Unclassified Campylobacterales Order	0.455924871075296	0.768426902458633	0.826459862092924	-0.00802617392923303	0.97928543513521	0.999021867340451	0.99997771167133
Unclassified Candidatus Bipolaricaulota Phylum	0.886930590548691	0.328950909613492	0.449716075689554	-0.00183164516962884	0.979924855380498	0.999021867340451	0.99997771167133
Unclassified Candidatus Cloacimonetes Phylum	0.00704666888660378	0.505378546528361	0.638850636800482	-0.0371251952981536	0.907258619150237	0.999021867340451	0.99997771167133
Unclassified Candidatus Gracilibacteria Phylum	0.946446713028394	0.691246136039551	0.562156159871876	0.00115287505594181	0.996920110346838	0.999021867340451	0.99997771167133
Unclassified Candidatus Saccharibacteria Phylum	0.857217705078661	0.273924119973794	0.23058380407088	-0.00225332485114766	0.97928543513521	0.999021867340451	0.99997771167133
Unclassified Cellvibrionales Order	0.227584662034309	0.44567603387317	0.613496166787443	-0.020778094029621	0.97928543513521	0.999021867340451	0.99997771167133
Unclassified Chromatiales Order	0.863287127094963	0.49447776313909	0.462111653030625	-0.00207359697494992	0.97928543513521	0.999021867340451	0.99997771167133
Unclassified Chroococcales Order	0.844453044188767	0.914322950461028	0.871067161862204	-0.00414556554283682	0.97928543513521	0.999021867340451	0.99997771167133
Unclassified Clostridia Class	0.447364223037927	0.873467729127356	0.808151699673535	-0.00729799641202346	0.97928543513521	0.999021867340451	0.99997771167133
Unclassified Clostridiales Order	0.547546890213286	0.557652986388444	0.678062553202326	0.00478640084165562	0.97928543513521	0.999021867340451	0.99997771167133
Unclassified Coriobacteriales Order	0.505998723316439	0.670104982483998	0.640795676041998	0.0118423632053734	0.97928543513521	0.999021867340451	0.99997771167133
Unclassified Coriobacteriia Class	0.290439234078738	0.785930621823957	0.890817583258013	0.0179382527530583	0.97928543513521	0.999021867340451	0.99997771167133
Unclassified Corynebacteriales Order	0.867952386355015	0.757183378003923	0.761383020848925	0.00193613065865421	0.97928543513521	0.999021867340451	0.99997771167133
Unclassified Cyanobacteria Phylum	0.390784474187154	0.218414287180964	0.247303007487034	-0.00832707815731227	0.97928543513521	0.999021867340451	0.99997771167133
Unclassified Cytophagales Order	0.027517236583804	0.367399443060152	0.61556799584148	-0.0204755847021587	0.910975441022151	0.999021867340451	0.99997771167133
Unclassified Dehalococcoidia Class	0.88740135378901	0.739110877261323	0.743997177986464	-0.00172807529786136	0.979924855380498	0.999021867340451	0.99997771167133
Unclassified Deinococci Class	0.610556739345217	0.404112050942279	0.616117559625151	0.00821832783071876	0.97928543513521	0.999021867340451	0.99997771167133
Unclassified Deltaproteobacteria Class	0.696436061236255	0.257437715830393	0.17580686408402	-0.00475752015856524	0.97928543513521	0.999021867340451	0.99997771167133
Unclassified Desulfobacterales Order	0.498420656687303	0.601364707179242	0.656106720005532	-0.0134725405691113	0.97928543513521	0.999021867340451	0.99997771167133
Unclassified Desulfovibrionales Order	0.220251473487639	0.525482512188743	0.39730151456686	-0.0181068730636099	0.97928543513521	0.999021867340451	0.99997771167133
Unclassified Desulfuromonadales Order	0.888081756253843	0.459828376896002	0.281684278973944	0.00160228081207943	0.979924855380498	0.999021867340451	0.99997771167133
Unclassified Elusimicrobia Phylum	0.714946207968838	0.461331936819326	0.337630318161749	-0.00462364068980255	0.97928543513521	0.999021867340451	0.99997771167133
Unclassified Enterobacterales Order	0.201445395142356	0.697128234995138	0.819534861769494	-0.0134819998895118	0.97928543513521	0.999021867340451	0.99997771167133
Unclassified Entomoplasmatales Order	0.725936741116513	0.656639744092621	0.430180038817367	0.00653639031888774	0.97928543513521	0.999021867340451	0.99997771167133
Unclassified Epsilonproteobacteria Class	0.0131457488069101	0.766996134203322	0.648158717572416	-0.0232857564450737	0.910975441022151	0.999021867340451	0.99997771167133
Unclassified Euryarchaeota Phylum	0.592045298482573	0.806505321774313	0.928513439983713	0.00673927692203907	0.97928543513521	0.999021867340451	0.99997771167133
Unclassified Firmicutes Phylum	0.275506557688207	0.856752885413351	0.783217380747032	-0.00883488270287973	0.97928543513521	0.999021867340451	0.99997771167133
Unclassified Flavobacteriales Order	0.0865445697663426	0.787835324502766	0.766519887614883	-0.0211205965329899	0.97928543513521	0.999021867340451	0.99997771167133
Unclassified Frankiales Order	0.830901453475742	0.703846292921229	0.595848104212741	0.00303801595571325	0.97928543513521	0.999021867340451	0.99997771167133
Unclassified Fusobacteriales Order	0.146116227236222	0.746134816736999	0.813205058281007	-0.0191501071922095	0.97928543513521	0.999021867340451	0.99997771167133
Unclassified Gammaproteobacteria Class	0.5021578026209	0.619446661095517	0.667858525181402	-0.00587628320851295	0.97928543513521	0.999021867340451	0.99997771167133
Unclassified Halanaerobiales Order	0.454535435723897	0.957033503086901	0.978086852282164	-0.008105862586609	0.97928543513521	0.999021867340451	0.99997771167133
Unclassified Halobacteria Class	0.573911689928851	0.766522343755006	0.491596919734801	0.00707158709106521	0.97928543513521	0.999021867340451	0.99997771167133
Unclassified Halobacteriales Order	0.187879912999999	0.960468363131082	0.475643203117346	0.0211884571614795	0.97928543513521	0.999021867340451	0.99997771167133
Unclassified Haloferacales Order	0.671546754706722	0.496889627703488	0.18526546859145	0.0049890304128826	0.97928543513521	0.999021867340451	0.99997771167133
Unclassified Ignavibacteriales Order	0.0300710339754885	0.831101500971401	0.939273791388657	-0.0538423143874692	0.910975441022151	0.999021867340451	0.99997771167133
Unclassified Kiritimatiellaeota Phylum	0.781122019460931	0.792362649089573	0.793767936587384	-0.00288351289402733	0.97928543513521	0.999021867340451	0.99997771167133
Unclassified Lactobacillales Order	0.486299550203717	0.953737164350202	0.8379949223885	-0.00762045855414814	0.97928543513521	0.999021867340451	0.99997771167133
Unclassified Methanococcales Order	0.097507919555852	0.704790432422121	0.734349861604156	-0.025795076661396	0.97928543513521	0.999021867340451	0.99997771167133
Unclassified Micrococcales Order	0.695612501393105	0.78222424851392	0.793335892974065	0.00451884375300592	0.97928543513521	0.999021867340451	0.99997771167133
Unclassified Mollicutes Class	0.654812852784401	0.994074878988259	0.911692362777684	0.00790477940201548	0.97928543513521	0.999021867340451	0.99997771167133
Unclassified Myxococcales Order	0.971891047394886	0.613638891915718	0.506317340202293	-0.000445927578880733	0.996920110346838	0.999021867340451	0.99997771167133
Unclassified Negativicutes Class	0.354522772758715	0.250589542599014	0.236577348643536	-0.0110597323457116	0.97928543513521	0.999021867340451	0.99997771167133
Unclassified Neisseriales Order	0.177604532606799	0.978594326256233	0.927878355803677	-0.0209554099053021	0.97928543513521	0.999021867340451	0.99997771167133
Unclassified Nitrosomonadales Order	0.322838158482562	0.584163661100787	0.614222138556574	-0.0134102186253375	0.97928543513521	0.999021867340451	0.99997771167133
Unclassified Nostocales Order	0.279944610289004	0.658546859092623	0.549534173009614	-0.0100092552222939	0.97928543513521	0.999021867340451	0.99997771167133
Unclassified Oceanospirillales Order	0.485110763664606	0.0940595317816488	0.109031467072778	-0.00715946686464705	0.97928543513521	0.999021867340451	0.99997771167133
Unclassified Oscillatoriales Order	0.388583797083584	0.241103394633079	0.175265604224293	-0.0106566222948073	0.97928543513521	0.999021867340451	0.99997771167133
Unclassified Phycisphaerae Class	0.539688467315327	0.58725979008869	0.677451989799777	-0.00730310023934134	0.97928543513521	0.999021867340451	0.99997771167133
Unclassified Planctomycetales Order	0.831373542176399	0.985168953056327	0.871884079496996	0.00248900524506077	0.97928543513521	0.999021867340451	0.99997771167133
Unclassified Planctomycetes Phylum	0.677451643420243	0.726766880254207	0.77545707388521	-0.0041798179452214	0.97928543513521	0.999021867340451	0.99997771167133
Unclassified Planctomycetia Class	0.797595883756532	0.917815356712033	0.916566489777105	-0.00344069562593393	0.97928543513521	0.999021867340451	0.99997771167133
Unclassified Propionibacteriales Order	0.551066284997847	0.647032633270601	0.794014550863098	-0.00776918843418202	0.97928543513521	0.999021867340451	0.99997771167133
Unclassified Proteobacteria Phylum	0.71760607087067	0.769313241271971	0.746275038865809	-0.00380627386721411	0.97928543513521	0.999021867340451	0.99997771167133
Unclassified Pseudomonadales Order	0.807286527056623	0.976445788473749	0.999316548385484	-0.0026268061802514	0.97928543513521	0.999021867340451	0.99997771167133
Unclassified Rhizobiales Order	0.970547196618799	0.694942530741627	0.586313890745674	-0.000407305638350833	0.996920110346838	0.999021867340451	0.99997771167133
Unclassified Rhodobacterales Order	0.856317988441027	0.231005254781051	0.235815305989445	0.00310694806091964	0.97928543513521	0.999021867340451	0.99997771167133
Unclassified Rhodocyclales Order	0.919643658187642	0.439915933657749	0.43056211358597	0.00130064676979386	0.986950254272519	0.999021867340451	0.99997771167133
Unclassified Rhodospirillales Order	0.774602675064675	0.565601954905899	0.524136276173756	-0.0045347731564755	0.97928543513521	0.999021867340451	0.99997771167133
Unclassified Rickettsiales Order	0.364387187826621	0.327248270749949	0.28805102452916	-0.0153328880233092	0.97928543513521	0.999021867340451	0.99997771167133
Unclassified Saccharomycetales Order	0.767390675301356	0.96042300487468	0.655569544685231	-0.00510519189059778	0.97928543513521	0.999021867340451	0.99997771167133
Unclassified Silvanigrellales Order	0.483270574968943	0.941425191528144	0.951512763610281	-0.00794249354892109	0.97928543513521	0.999021867340451	0.99997771167133
Unclassified Sordariomycetes Class	0.628493692189522	0.377998129941603	0.530731811125738	0.0108618186867063	0.97928543513521	0.999021867340451	0.99997771167133
Unclassified Sphingomonadales Order	0.980280316374997	0.98052837266514	0.971641828487928	0.000271945362648211	0.996920110346838	0.999021867340451	0.99997771167133
Unclassified Streptosporangiales Order	0.841196447751014	0.923317153904101	0.916315799341382	0.00330341448197986	0.97928543513521	0.999021867340451	0.99997771167133
Unclassified Synechococcales Order	0.531772426633608	0.638510343847876	0.78695722037374	-0.0120177888408602	0.97928543513521	0.999021867340451	0.99997771167133
Unclassified Tenericutes Phylum	0.294709590665168	0.8152487475152	0.745186036261933	-0.0138108625003277	0.97928543513521	0.999021867340451	0.99997771167133
Unclassified Thaumarchaeota Phylum	0.0533878959505252	0.794720709345084	0.953441457929874	-0.0240931401888746	0.97928543513521	0.999021867340451	0.99997771167133
Unclassified Thermoanaerobacterales Order	0.616302487411019	0.795883025230551	0.591646322873236	-0.00574310373423321	0.97928543513521	0.999021867340451	0.99997771167133
Unclassified Thermoplasmata Class	0.59774026590566	0.213126623648683	0.384485236390148	-0.00691331976620047	0.97928543513521	0.999021867340451	0.99997771167133
Unclassified Thermoplasmatales Order	0.773888244897144	0.513812102542247	0.667418827748767	0.00394915258874678	0.97928543513521	0.999021867340451	0.99997771167133
Unclassified Tissierellia Class	0.333007953763163	0.68061351924847	0.784633581652067	-0.0122462908298436	0.97928543513521	0.999021867340451	0.99997771167133
Unclassified Verrucomicrobia Phylum	0.368659276348703	0.752658365957614	0.649795727082996	-0.0103331913416323	0.97928543513521	0.999021867340451	0.99997771167133
Unclassified Verrucomicrobiales Order	0.875665027029194	0.703300768780374	0.865030536753448	-0.00464607950104631	0.979924855380498	0.999021867340451	0.99997771167133
Unclassified Victivallales Order	0.0153543843975717	0.0168573208711619	0.0485223832866429	-0.0472060776236709	0.910975441022151	0.999021867340451	0.99997771167133
Unclassified Xanthomonadales Order	0.671322460449187	0.479623837287059	0.275792047520369	0.00571205678953349	0.97928543513521	0.999021867340451	0.99997771167133
Unclassified candidate division Zixibacteria Phylum	0.256970498959694	0.419701555084522	0.435438361532011	-0.0125680777196889	0.97928543513521	0.999021867340451	0.99997771167133
Unikaryonidae	0.112385101772582	0.297603293105846	0.232366534883759	-0.0193439529157475	0.97928543513521	0.999021867340451	0.99997771167133
Ustilaginaceae	0.930672951867765	0.941890365629737	0.992314279040759	0.0009499170861966	0.996458565929104	0.999021867340451	0.99997771167133
Vallitaleaceae	0.537106836249328	0.503575162281838	0.404125196279109	-0.00668216698733303	0.97928543513521	0.999021867340451	0.99997771167133
Veillonellaceae	0.490620591277458	0.249088391229169	0.500871085614832	-0.0104834637506752	0.97928543513521	0.999021867340451	0.99997771167133
Verrucomicrobiaceae	0.896099526645486	0.80064457671679	0.560167774699197	-0.00160183244036476	0.981896289834948	0.999021867340451	0.99997771167133
Vibrionaceae	0.175940986131546	0.807810770318316	0.969674589340967	-0.0111814383146972	0.97928543513521	0.999021867340451	0.99997771167133
Vicinamibacteraceae	0.978817746745709	0.958203251456792	0.844728316712633	-0.00032874337362827	0.996920110346838	0.999021867340451	0.99997771167133
Vulgatibacteraceae	0.505174379041766	0.917454289201771	0.916061911434583	-0.009399831690212	0.97928543513521	0.999021867340451	0.99997771167133
Waddliaceae	0.859026924162207	0.186848936194524	0.142136136413897	-0.00256640539057328	0.97928543513521	0.999021867340451	0.99997771167133
Wenzhouxiangellaceae	0.817831031157642	0.950413112587504	0.828276228405472	-0.00324424722585219	0.97928543513521	0.999021867340451	0.99997771167133
Woeseiaceae	0.0553115579178649	0.793142530067113	0.602116031824139	-0.0272962314571137	0.97928543513521	0.999021867340451	0.99997771167133
Xanthobacteraceae	0.591704769604566	0.824696147744443	0.782204824773191	-0.00645710129597364	0.97928543513521	0.999021867340451	0.99997771167133
Xanthomonadaceae	0.79352533034336	0.666271524965807	0.60670510213489	0.00295990605067642	0.97928543513521	0.999021867340451	0.99997771167133
Yersiniaceae	0.559726232871088	0.728870731438789	0.747911884013085	-0.0054929165343651	0.97928543513521	0.999021867340451	0.99997771167133
Zoogloeaceae	0.868996978362701	0.835219608122191	0.749853267398895	0.00185201036513889	0.97928543513521	0.999021867340451	0.99997771167133
