p-variable	p-treatment	p-interaction	slope	adjusted.p-variable	adjusted.p-treatment	adjusted.p-interaction
Acholeplasmatales	0.760211464451097	0.445883478867793	0.355227392626624	-0.0024763530558012	0.999086012344818	0.997873080079109	0.997164305363868
Acidaminococcales	0.434359204453446	0.116397819219	0.0910191302555705	-0.0151750994027665	0.999086012344818	0.997873080079109	0.997164305363868
Acidiferrobacterales	0.619394199707669	0.876688517484062	0.844283608394239	0.00352771322971592	0.999086012344818	0.997873080079109	0.997164305363868
Acidilobales	0.904034425453345	0.360562502264165	0.146002825627489	-0.0010407451477389	0.999086012344818	0.997873080079109	0.997164305363868
Acidimicrobiales	0.939233590304957	0.945785858180447	0.877388157560392	0.000600904406349306	0.999086012344818	0.997873080079109	0.997164305363868
Acidithiobacillales	0.995855539019875	0.794860588408671	0.6603174193754	3.51194012379431e-05	0.999086012344818	0.997873080079109	0.997164305363868
Acidobacteriales	0.962849916428327	0.943880588770165	0.757149862856737	-0.000312420410677447	0.999086012344818	0.997873080079109	0.997164305363868
Acidothermales	0.802699566192265	0.322557736402735	0.695774625587136	-0.00162575910941471	0.999086012344818	0.997873080079109	0.997164305363868
Actinomycetales	0.939225664626558	0.0619148757940884	0.0595146623555993	0.000552193149764837	0.999086012344818	0.997873080079109	0.997164305363868
Actinopolysporales	0.167765469469201	0.525828328601661	0.588888189278442	-0.0124352805036372	0.999086012344818	0.997873080079109	0.997164305363868
Aeromonadales	0.768439897398213	0.618021707018567	0.814365382216158	-0.00188279723662126	0.999086012344818	0.997873080079109	0.997164305363868
Alteromonadales	0.738043255217076	0.885529329449465	0.891205614945567	-0.00181346738185164	0.999086012344818	0.997873080079109	0.997164305363868
Anaerolineales	0.873804985453353	0.586776418973492	0.800459347976172	-0.00096516625074241	0.999086012344818	0.997873080079109	0.997164305363868
Aquificales	0.68099368981766	0.580255966697741	0.593172049418608	-0.00297608601444964	0.999086012344818	0.997873080079109	0.997164305363868
Archaeoglobales	0.597643670147217	0.869381552351625	0.709633762183426	-0.00346049011059798	0.999086012344818	0.997873080079109	0.997164305363868
Ardenticatenales	0.430770169573979	0.972607620900386	0.976797886741928	0.00590070808930222	0.999086012344818	0.997873080079109	0.997164305363868
Bacillales	0.907343359178167	0.893046622852895	0.748675063757011	-0.000614314402630269	0.999086012344818	0.997873080079109	0.997164305363868
Bacteriovoracales	0.401086385341058	0.885300342513455	0.997164305363868	-0.00665347394878809	0.999086012344818	0.997873080079109	0.997164305363868
Bacteroidales	0.353559210001979	0.385845280266777	0.364657139540591	-0.0104712405185812	0.999086012344818	0.997873080079109	0.997164305363868
Bacteroidetes Order II. Incertae sedis	0.931428098672762	0.53016076810712	0.718473642274297	0.000630827720259219	0.999086012344818	0.997873080079109	0.997164305363868
Bdellovibrionales	0.468703546616436	0.785262888350079	0.957852704224632	-0.00415072943768553	0.999086012344818	0.997873080079109	0.997164305363868
Bifidobacteriales	0.688804933432734	0.153414661687225	0.284278950240061	-0.00652105109867094	0.999086012344818	0.997873080079109	0.997164305363868
Brachyspirales	0.386045749990776	0.51418429723815	0.473513969501608	-0.00701275229290822	0.999086012344818	0.997873080079109	0.997164305363868
Bradymonadales	0.982810648343566	0.809908244224294	0.859214431102071	-0.00014054255132023	0.999086012344818	0.997873080079109	0.997164305363868
Bryobacterales	0.879499470448153	0.232848961253104	0.430329541033794	-0.00109112540308222	0.999086012344818	0.997873080079109	0.997164305363868
Bunyavirales	0.812999337531135	0.82665153505558	0.835641915034588	0.00217771781179603	0.999086012344818	0.997873080079109	0.997164305363868
Burkholderiales	0.87128814023178	0.997871002919232	0.894911252003821	-0.00107947499146117	0.999086012344818	0.997873080079109	0.997164305363868
Caldilineales	0.781913863926995	0.62092147350734	0.566086203943572	0.0020141804881989	0.999086012344818	0.997873080079109	0.997164305363868
Calditrichales	0.654162494646207	0.456697506926078	0.521332516062434	0.00284941391485943	0.999086012344818	0.997873080079109	0.997164305363868
Campylobacterales	0.300637213921739	0.285475644544282	0.226540771498144	0.00839018047139546	0.999086012344818	0.997873080079109	0.997164305363868
Candidatus Brocadiales	0.896108080129882	0.538317888020726	0.924521032929412	-0.000904016968567498	0.999086012344818	0.997873080079109	0.997164305363868
Candidatus Nanopelagicales	0.215384381723005	0.615221447830833	0.423817696603528	-0.00871485350718304	0.999086012344818	0.997873080079109	0.997164305363868
Cardiobacteriales	0.556561412334873	0.633449941976937	0.873006873116793	-0.00435233823642508	0.999086012344818	0.997873080079109	0.997164305363868
Catenulisporales	0.93338473276258	0.916354150674198	0.945599198007203	0.000660221768104529	0.999086012344818	0.997873080079109	0.997164305363868
Caulobacterales	0.972980171679948	0.948952192668842	0.816508168805871	0.000234871657358364	0.999086012344818	0.997873080079109	0.997164305363868
Cellvibrionales	0.783273805205664	0.296703380718484	0.340298859854608	-0.00169530175157871	0.999086012344818	0.997873080079109	0.997164305363868
Chitinophagales	0.980639485219037	0.195088307403409	0.214863994751724	0.000124741458081296	0.999086012344818	0.997873080079109	0.997164305363868
Chlamydiales	0.700677059352772	0.440968768076641	0.667182743951513	0.00285814541854975	0.999086012344818	0.997873080079109	0.997164305363868
Chlorobiales	0.943356929099781	0.301010131154428	0.427170324369083	-0.000422783212776414	0.999086012344818	0.997873080079109	0.997164305363868
Chloroflexales	0.942195477533587	0.867703904670207	0.874563644447858	0.000500341160377239	0.999086012344818	0.997873080079109	0.997164305363868
Chromatiales	0.883293844872724	0.767951331856903	0.950477297349384	-0.000967519378135803	0.999086012344818	0.997873080079109	0.997164305363868
Chroococcales	0.461200843746847	0.997873080079109	0.876490718903002	-0.00415203786396907	0.999086012344818	0.997873080079109	0.997164305363868
Chroococcidiopsidales	0.541084761088315	0.988447102356629	0.966623869219343	-0.004966416012948	0.999086012344818	0.997873080079109	0.997164305363868
Chrysiogenales	0.896313532308388	0.820878093857433	0.997005413378664	0.000912971680041637	0.999086012344818	0.997873080079109	0.997164305363868
Chthonomonadales	0.16686402430712	0.697508948194279	0.816159005955981	0.0108808930780425	0.999086012344818	0.997873080079109	0.997164305363868
Clostridiales	0.759080850817486	0.705056418180624	0.335751004670642	0.00105745537683659	0.999086012344818	0.997873080079109	0.997164305363868
Coprothermobacterales	0.94198013141116	0.770452053659382	0.909860065532423	-0.000802801238242621	0.999086012344818	0.997873080079109	0.997164305363868
Coriobacteriales	0.575791106714642	0.417952595075702	0.214196771587389	-0.00763262711416224	0.999086012344818	0.997873080079109	0.997164305363868
Corynebacteriales	0.727209560519463	0.796786953071116	0.978257675841767	0.00231373376583524	0.999086012344818	0.997873080079109	0.997164305363868
Cytophagales	0.99174261854266	0.237325128074116	0.333719435890095	5.70546538640169e-05	0.999086012344818	0.997873080079109	0.997164305363868
Deferribacterales	0.557257909666968	0.55333282530997	0.480190206662905	-0.00336399308613839	0.999086012344818	0.997873080079109	0.997164305363868
Dehalococcoidales	0.234210092278433	0.839282661445867	0.660455811595042	0.00946724832352874	0.999086012344818	0.997873080079109	0.997164305363868
Deinococcales	0.800019914584219	0.75419778265614	0.892275525964201	0.00182275301147683	0.999086012344818	0.997873080079109	0.997164305363868
Desulfarculales	0.349864619131652	0.65353282724683	0.906212106486039	-0.00778923053721972	0.999086012344818	0.997873080079109	0.997164305363868
Desulfobacterales	0.98130500766839	0.612175033773961	0.729320305124526	0.000140217987081381	0.999086012344818	0.997873080079109	0.997164305363868
Desulfovibrionales	0.0651767383455501	0.845930210720166	0.732238607047817	-0.0245248209848859	0.999086012344818	0.997873080079109	0.997164305363868
Desulfurellales	0.200772301780264	0.864279259370365	0.970172446899393	-0.00895907683805706	0.999086012344818	0.997873080079109	0.997164305363868
Desulfurobacteriales	0.868615939588127	0.494302243383921	0.335163276917846	-0.00115108711022827	0.999086012344818	0.997873080079109	0.997164305363868
Desulfurococcales	0.804911894293458	0.564015873377778	0.757803963549939	-0.00154690817841673	0.999086012344818	0.997873080079109	0.997164305363868
Desulfuromonadales	0.72231450640272	0.784842913285473	0.962507484072153	0.00238438925005006	0.999086012344818	0.997873080079109	0.997164305363868
Dictyoglomales	0.309154238599535	0.759012262292077	0.806303568251083	-0.00863230481983618	0.999086012344818	0.997873080079109	0.997164305363868
Eggerthellales	0.770466203652549	0.00874932660901486	0.00664978474608973	0.00328907437822006	0.999086012344818	0.997873080079109	0.997164305363868
Egibacterales	0.820372965892161	0.843608232220844	0.78556309813569	0.00182564438890117	0.999086012344818	0.997873080079109	0.997164305363868
Egicoccales	0.557909590072893	0.916219720643789	0.984726512253332	0.0051854214780887	0.999086012344818	0.997873080079109	0.997164305363868
Elusimicrobiales	0.177337065112402	0.936899243857756	0.847645969382419	-0.00957009946327718	0.999086012344818	0.997873080079109	0.997164305363868
Emcibacterales	0.955812265458236	0.68168397675091	0.576908258083285	0.000351978872480466	0.999086012344818	0.997873080079109	0.997164305363868
Endomicrobiales	0.835565806023747	0.578455047873882	0.404534676614146	0.00169424369882731	0.999086012344818	0.997873080079109	0.997164305363868
Enterobacterales	0.829850554818154	0.503503458604523	0.87527037948558	-0.00179486540662457	0.999086012344818	0.997873080079109	0.997164305363868
Entomoplasmatales	0.554044736608142	0.49417379942845	0.537183204859138	-0.00543634577320837	0.999086012344818	0.997873080079109	0.997164305363868
Erysipelotrichales	0.657704696612816	0.158438765533189	0.202812384879036	0.00430993720934188	0.999086012344818	0.997873080079109	0.997164305363868
Eurotiales	0.868103434019309	0.99552982672398	0.991444206476002	0.000992716924810226	0.999086012344818	0.997873080079109	0.997164305363868
Euzebyales	0.558472105371218	0.361865023594521	0.401065739163575	-0.00532406989624344	0.999086012344818	0.997873080079109	0.997164305363868
Fibrobacterales	0.861397374563975	0.497800391915205	0.61460832019122	-0.00146225515260847	0.999086012344818	0.997873080079109	0.997164305363868
Fimbriimonadales	0.557287631647796	0.6893538547985	0.624778217532655	-0.00362938237429408	0.999086012344818	0.997873080079109	0.997164305363868
Flavobacteriales	0.688568062726516	0.541775312623295	0.594167873720936	-0.00225067785743082	0.999086012344818	0.997873080079109	0.997164305363868
Frankiales	0.975623378357232	0.896479814234631	0.728627426980924	-0.000208965399248663	0.999086012344818	0.997873080079109	0.997164305363868
Fusobacteriales	0.39751431874216	0.474613735662128	0.441583266100127	-0.00625180057084953	0.999086012344818	0.997873080079109	0.997164305363868
Gemmatales	0.43993760949008	0.957719811886313	0.900126111080969	0.00553261237101344	0.999086012344818	0.997873080079109	0.997164305363868
Gemmatimonadales	0.789816787955346	0.83750070753584	0.962570468514523	0.00192957088927315	0.999086012344818	0.997873080079109	0.997164305363868
Geodermatophilales	0.872940728620594	0.871214530106491	0.904594907799671	-0.00129615294941723	0.999086012344818	0.997873080079109	0.997164305363868
Gloeobacterales	0.79875215455055	0.774354061298704	0.948651315028392	-0.00208411984588062	0.999086012344818	0.997873080079109	0.997164305363868
Gloeoemargaritales	0.89351685379063	0.900936991582053	0.951018639649768	-0.000974342508879407	0.999086012344818	0.997873080079109	0.997164305363868
Glomerellales	0.853466177982724	0.297767486407077	0.479798359811618	-0.00112773950716463	0.999086012344818	0.997873080079109	0.997164305363868
Glycomycetales	0.622117085402284	0.974139977690717	0.891072553696952	-0.00445673324296275	0.999086012344818	0.997873080079109	0.997164305363868
Halanaerobiales	0.70886560925659	0.690310792446467	0.645250709082187	-0.00246794691276591	0.999086012344818	0.997873080079109	0.997164305363868
Halobacteriales	0.541987827250091	0.652922590398656	0.761560526647731	0.00454361092662419	0.999086012344818	0.997873080079109	0.997164305363868
Haloferacales	0.865546026737527	0.595257477043975	0.737261246545262	0.00118936735455864	0.999086012344818	0.997873080079109	0.997164305363868
Helotiales	0.300111739329344	0.792315205306972	0.828655347268493	-0.00725738045019278	0.999086012344818	0.997873080079109	0.997164305363868
Holosporales	0.886915293552082	0.0485242278777873	0.0596781109634797	-0.00110494211161378	0.999086012344818	0.997873080079109	0.997164305363868
Hydrogenophilales	0.256651818370829	0.309444091163399	0.219361478719135	-0.00962610966366627	0.999086012344818	0.997873080079109	0.997164305363868
Hypocreales	0.712885700588164	0.673788472586464	0.928072796281066	-0.00197717664465349	0.999086012344818	0.997873080079109	0.997164305363868
Ignavibacteriales	0.252613382626261	0.377907645755917	0.460059876500034	-0.0086357246496039	0.999086012344818	0.997873080079109	0.997164305363868
Immundisolibacterales	0.992375874174803	0.745715286520048	0.636926498199473	-7.80185748410151e-05	0.999086012344818	0.997873080079109	0.997164305363868
Isosphaerales	0.847831940924021	0.888036020496901	0.952928852288521	0.00140896041120022	0.999086012344818	0.997873080079109	0.997164305363868
Jiangellales	0.381298147392374	0.626198775013197	0.617414511855191	0.007207960650373	0.999086012344818	0.997873080079109	0.997164305363868
Kineosporiales	0.673158698938312	0.596242456387212	0.781909083242723	-0.00407981404457874	0.999086012344818	0.997873080079109	0.997164305363868
Kiritimatiellales	0.474788570767947	0.794292535122328	0.728187217568206	0.00640240809820847	0.999086012344818	0.997873080079109	0.997164305363868
Kosmotogales	0.685738339080997	0.854396974971033	0.780189296328047	-0.00233249705463079	0.999086012344818	0.997873080079109	0.997164305363868
Ktedonobacterales	0.639788904316696	0.88495089498859	0.832173995907854	0.00324398056949575	0.999086012344818	0.997873080079109	0.997164305363868
Lactobacillales	0.700550199594471	0.111709900609847	0.154268479436264	0.00381356878520341	0.999086012344818	0.997873080079109	0.997164305363868
Legionellales	0.774226593721521	0.579812744295867	0.454124796924211	0.00157559452883395	0.999086012344818	0.997873080079109	0.997164305363868
Leptospirales	0.506081957805086	0.687944406560204	0.86765977995653	-0.00401685732574555	0.999086012344818	0.997873080079109	0.997164305363868
Limnochordales	0.984207634002928	0.476458780734458	0.525495243457859	0.000158339178631936	0.999086012344818	0.997873080079109	0.997164305363868
Magnaporthales	0.936453273882774	0.898938724617834	0.713310663034084	0.000430392164318312	0.999086012344818	0.997873080079109	0.997164305363868
Magnetococcales	0.330993713467599	0.333480524961603	0.402630200282712	-0.00675043689966266	0.999086012344818	0.997873080079109	0.997164305363868
Malasseziales	0.5109096400327	0.48714507836361	0.490828547688316	0.00616875403268065	0.999086012344818	0.997873080079109	0.997164305363868
Marinilabiliales	0.754899670504619	0.0535436436101245	0.0375292709632327	-0.00194870570541234	0.999086012344818	0.997873080079109	0.997164305363868
Mariprofundales	0.51366159302117	0.780717430393502	0.940439225590723	-0.00442957075775589	0.999086012344818	0.997873080079109	0.997164305363868
Mesoaciditogales	0.213401919144691	0.720537040184851	0.585393338900435	-0.0103651771676108	0.999086012344818	0.997873080079109	0.997164305363868
Methanobacteriales	0.958448247209917	0.785902682119715	0.931976912228169	0.000887963832019136	0.999086012344818	0.997873080079109	0.997164305363868
Methanocellales	0.562775942632463	0.201013284147032	0.315193518325313	-0.00454403336418401	0.999086012344818	0.997873080079109	0.997164305363868
Methanococcales	0.452855533581334	0.523277891973525	0.448775912081218	-0.00576087993573786	0.999086012344818	0.997873080079109	0.997164305363868
Methanomassiliicoccales	0.489608468339892	0.533571320420552	0.70890157551574	0.00440086549535811	0.999086012344818	0.997873080079109	0.997164305363868
Methanomicrobiales	0.700392769829984	0.495294227003389	0.651299505108455	-0.00231433431243959	0.999086012344818	0.997873080079109	0.997164305363868
Methanopyrales	0.277880400675014	0.135036242717375	0.0913868284169153	-0.00958069425511339	0.999086012344818	0.997873080079109	0.997164305363868
Methanosarcinales	0.52502733766167	0.844845904150207	0.63480881902113	-0.00337670135112203	0.999086012344818	0.997873080079109	0.997164305363868
Methylacidiphilales	0.305661373238137	0.962757082553996	0.823366729448862	-0.00775106341292338	0.999086012344818	0.997873080079109	0.997164305363868
Methylococcales	0.664252578514807	0.718135408804066	0.649873654883128	0.00243978607600518	0.999086012344818	0.997873080079109	0.997164305363868
Micrococcales	0.828036806783172	0.971823386010092	0.973535816914183	0.00149837482611734	0.999086012344818	0.997873080079109	0.997164305363868
Micromonosporales	0.824864862181477	0.713242089477741	0.860958296938284	0.00166002857488614	0.999086012344818	0.997873080079109	0.997164305363868
Mycoplasmatales	0.689018782224499	0.206389137199256	0.246421417228816	-0.00297116545594808	0.999086012344818	0.997873080079109	0.997164305363868
Mycosphaerellales	0.855721088482573	0.163429676944802	0.177423529224391	-0.00116417127904194	0.999086012344818	0.997873080079109	0.997164305363868
Myxococcales	0.855369803226962	0.725844684588923	0.842887118619799	0.0013256325064296	0.999086012344818	0.997873080079109	0.997164305363868
Nakamurellales	0.562000780057941	0.469468867418809	0.642947031898242	-0.00450375994349986	0.999086012344818	0.997873080079109	0.997164305363868
Natranaerobiales	0.095782202826832	0.382968410068618	0.376703524951695	-0.0124677190741253	0.999086012344818	0.997873080079109	0.997164305363868
Natrialbales	0.384628590799297	0.977987204365195	0.922296345690007	0.00573545122217536	0.999086012344818	0.997873080079109	0.997164305363868
Nautiliales	0.401322148996757	0.539507729583615	0.54275348575593	-0.00705917301229194	0.999086012344818	0.997873080079109	0.997164305363868
Neisseriales	0.866412773979537	0.98014700242756	0.797846908162303	0.00105930221797749	0.999086012344818	0.997873080079109	0.997164305363868
Nevskiales	0.653104402886103	0.588495438997205	0.777735090774577	-0.0031619570136414	0.999086012344818	0.997873080079109	0.997164305363868
Nitrosomonadales	0.596321898054665	0.685917687942156	0.835335230926182	-0.00320792614908234	0.999086012344818	0.997873080079109	0.997164305363868
Nitrosopumilales	0.435446820958246	0.623892736802046	0.736321159111695	-0.00715377214224655	0.999086012344818	0.997873080079109	0.997164305363868
Nitrososphaerales	0.794233243307746	0.878340083520232	0.871317821333283	0.00187717826959302	0.999086012344818	0.997873080079109	0.997164305363868
Nitrospirales	0.450943737797114	0.327921534175389	0.442012517152339	-0.00463234299537214	0.999086012344818	0.997873080079109	0.997164305363868
Nostocales	0.886095642223795	0.907055080759141	0.796119351587972	0.000760244225768689	0.999086012344818	0.997873080079109	0.997164305363868
Oceanospirillales	0.923744940360077	0.751363318735675	0.950464122961939	-0.00058163991140092	0.999086012344818	0.997873080079109	0.997164305363868
Opitutales	0.959948368742543	0.648040178594254	0.673300999750857	0.000347268343707321	0.999086012344818	0.997873080079109	0.997164305363868
Orbales	0.509306870211524	0.762233105562733	0.494866800341111	-0.00490941754758214	0.999086012344818	0.997873080079109	0.997164305363868
Oscillatoriales	0.744974242334005	0.915798108814502	0.876491320619523	0.00174756286233681	0.999086012344818	0.997873080079109	0.997164305363868
Parachlamydiales	0.752095699203944	0.658135969679576	0.643474360228891	0.00200037340549389	0.999086012344818	0.997873080079109	0.997164305363868
Parvularculales	0.20380209602793	0.926788256087784	0.539570861912035	0.0113413903762295	0.999086012344818	0.997873080079109	0.997164305363868
Pasteurellales	0.595838518678094	0.649834135458495	0.700524651799104	-0.0035714846793316	0.999086012344818	0.997873080079109	0.997164305363868
Pelagibacterales	0.523983737943621	0.420359512311676	0.372097305609205	-0.00655234283397484	0.999086012344818	0.997873080079109	0.997164305363868
Petrotogales	0.762771224054064	0.681665487913269	0.595526803551358	-0.00259435783558824	0.999086012344818	0.997873080079109	0.997164305363868
Phycisphaerales	0.692935788487448	0.389679535401242	0.383274273392395	-0.00378647412778529	0.999086012344818	0.997873080079109	0.997164305363868
Pirellulales	0.521439259554549	0.681636933899454	0.765883051750546	0.00376277753401721	0.999086012344818	0.997873080079109	0.997164305363868
Planctomycetales	0.976659375371162	0.527228059036805	0.673911362533286	-0.000185894404963964	0.999086012344818	0.997873080079109	0.997164305363868
Pleurocapsales	0.656631004893509	0.716902207314931	0.397142513351754	-0.0033886295355017	0.999086012344818	0.997873080079109	0.997164305363868
Propionibacteriales	0.804816016991413	0.607211582119492	0.484249341754755	0.0017460916569931	0.999086012344818	0.997873080079109	0.997164305363868
Pseudomonadales	0.997235787816912	0.97602198311454	0.735569679162962	2.24037429178607e-05	0.999086012344818	0.997873080079109	0.997164305363868
Pseudonocardiales	0.849154884666334	0.993409077429487	0.815512480415715	0.00136900980707289	0.999086012344818	0.997873080079109	0.997164305363868
Puniceicoccales	0.758568609748394	0.781183664565403	0.947630307695956	0.00291090324225005	0.999086012344818	0.997873080079109	0.997164305363868
Rhizobiales	0.987878604745542	0.730807765926038	0.874067483339524	-9.83704947434853e-05	0.999086012344818	0.997873080079109	0.997164305363868
Rhodobacterales	0.873580402207558	0.83265239442548	0.965619162142751	-0.00105602763682226	0.999086012344818	0.997873080079109	0.997164305363868
Rhodocyclales	0.953384627548345	0.864487498152629	0.94266564642578	-0.000396519938673588	0.999086012344818	0.997873080079109	0.997164305363868
Rhodospirillales	0.799022729172314	0.721017629462846	0.963185570092685	-0.00167354124235217	0.999086012344818	0.997873080079109	0.997164305363868
Rickettsiales	0.614214509897602	0.312949040766116	0.262074483493231	-0.00357358003104052	0.999086012344818	0.997873080079109	0.997164305363868
Rubrobacterales	0.452537384850285	0.688909033994791	0.671156939825029	0.00549550095213786	0.999086012344818	0.997873080079109	0.997164305363868
Saccharomycetales	0.840530564736865	0.952377014207948	0.719529149602645	-0.00133027382149087	0.999086012344818	0.997873080079109	0.997164305363868
Salinisphaerales	0.61357638027813	0.604501334537156	0.303351422923693	-0.00439431099633544	0.999086012344818	0.997873080079109	0.997164305363868
Saprospirales	0.661051019718053	0.0762816336887828	0.098459737651782	0.00277999959016937	0.999086012344818	0.997873080079109	0.997164305363868
Schizosaccharomycetales	0.518938139984684	0.661357044532374	0.681527625289714	-0.00524385447134599	0.999086012344818	0.997873080079109	0.997164305363868
Sedimentisphaerales	0.582242268205757	0.756402349427871	0.88038013588615	-0.00337988685247984	0.999086012344818	0.997873080079109	0.997164305363868
Selenomonadales	0.486035708875318	0.982128139804095	0.783338853419178	0.00547752202322088	0.999086012344818	0.997873080079109	0.997164305363868
Silvanigrellales	0.755239086407617	0.760025480613166	0.815261875820493	-0.00235270097502513	0.999086012344818	0.997873080079109	0.997164305363868
Solirubrobacterales	0.471642190374935	0.696815736577116	0.830078658580206	0.00611866062225877	0.999086012344818	0.997873080079109	0.997164305363868
Sordariales	0.999086012344818	0.613283756938369	0.71227677349586	-6.87054074141853e-06	0.999086012344818	0.997873080079109	0.997164305363868
Sphaerobacterales	0.197452715595533	0.967557636144162	0.902206076936623	0.0104740617725684	0.999086012344818	0.997873080079109	0.997164305363868
Sphingobacteriales	0.925254296289578	0.135354609452024	0.164963330747005	-0.000444991313642497	0.999086012344818	0.997873080079109	0.997164305363868
Sphingomonadales	0.995894957117766	0.634991844120259	0.795014915096431	-3.38627502642303e-05	0.999086012344818	0.997873080079109	0.997164305363868
Spirochaetales	0.920561861466617	0.767036535236432	0.786780644862802	-0.000555841808014031	0.999086012344818	0.997873080079109	0.997164305363868
Sporichthyales	0.946184139148254	0.0883489528611321	0.11999002600023	-0.000547741660242169	0.999086012344818	0.997873080079109	0.997164305363868
Streptomycetales	0.910868066889747	0.694163808578077	0.839226709901283	0.000806544786333832	0.999086012344818	0.997873080079109	0.997164305363868
Streptosporangiales	0.938710859551573	0.969587029190535	0.823169258523973	0.000554603463310442	0.999086012344818	0.997873080079109	0.997164305363868
Sulfolobales	0.22409569814378	0.610306118006769	0.387686610390876	-0.00782284618220045	0.999086012344818	0.997873080079109	0.997164305363868
Synechococcales	0.977874180284841	0.827350893383687	0.8952443824961	0.000170977530159881	0.999086012344818	0.997873080079109	0.997164305363868
Synergistales	0.635894993139968	0.805256090071578	0.665642575670801	-0.00425406075502873	0.999086012344818	0.997873080079109	0.997164305363868
Syntrophobacterales	0.7337675886382	0.514272964181666	0.587438899292184	-0.00223798215392374	0.999086012344818	0.997873080079109	0.997164305363868
Tepidiformales	0.86835212603649	0.898532893192539	0.44072165677956	0.00126254706552963	0.999086012344818	0.997873080079109	0.997164305363868
Thermales	0.575200224136628	0.763236392362139	0.805279754295522	0.00366860222575626	0.999086012344818	0.997873080079109	0.997164305363868
Thermoanaerobacterales	0.896025407981011	0.733520570320724	0.623794103861588	-0.000741835389938011	0.999086012344818	0.997873080079109	0.997164305363868
Thermococcales	0.669322568213872	0.869750859730141	0.844575230642308	0.0024129259814529	0.999086012344818	0.997873080079109	0.997164305363868
Thermodesulfobacteriales	0.532543505984957	0.572557404886321	0.58285241539081	-0.00370962166030116	0.999086012344818	0.997873080079109	0.997164305363868
Thermomicrobiales	0.140728272107912	0.311993776074383	0.438385270510982	0.0129057660672431	0.999086012344818	0.997873080079109	0.997164305363868
Thermoplasmatales	0.971265538486037	0.811216048988418	0.765481706887374	0.000281798192328394	0.999086012344818	0.997873080079109	0.997164305363868
Thermoproteales	0.943231955466105	0.406624281838189	0.391619677741413	-0.000483736931082101	0.999086012344818	0.997873080079109	0.997164305363868
Thermotogales	0.303145261750775	0.636293538243498	0.615766736384657	-0.00648592190334183	0.999086012344818	0.997873080079109	0.997164305363868
Thiotrichales	0.240262459098789	0.892444837860178	0.938124152915196	-0.0067129790726504	0.999086012344818	0.997873080079109	0.997164305363868
Tissierellales	0.43312700892776	0.679350388369438	0.611472899242926	-0.00466107678353062	0.999086012344818	0.997873080079109	0.997164305363868
Tremellales	0.957057189617474	0.742860920387628	0.699396503151026	0.000375531826078544	0.999086012344818	0.997873080079109	0.997164305363868
Unclassified Acidobacteria Phylum	0.279305884416456	0.743046368488287	0.419501186339817	-0.0128476409777125	0.999086012344818	0.997873080079109	0.997164305363868
Unclassified Actinobacteria Class	0.987115217335171	0.923173332018036	0.914784638206292	-0.000111320114886672	0.999086012344818	0.997873080079109	0.997164305363868
Unclassified Actinobacteria Phylum	0.829519762581687	0.0504801667460346	0.0248424992892012	0.00171157813024831	0.999086012344818	0.997873080079109	0.997164305363868
Unclassified Alphaproteobacteria Class	0.704418240111945	0.689916962445462	0.811776673479776	-0.00261259917088097	0.999086012344818	0.997873080079109	0.997164305363868
Unclassified Armatimonadetes Phylum	0.269721865832638	0.383821029263264	0.425757293998647	-0.0073388245955795	0.999086012344818	0.997873080079109	0.997164305363868
Unclassified Ascomycota Phylum	0.928630977906128	0.0529512774716461	0.152349621796425	0.000920629488418317	0.999086012344818	0.997873080079109	0.997164305363868
Unclassified Bacilli Class	0.949604989685639	0.365988338010715	0.424160740541804	0.000395819882198471	0.999086012344818	0.997873080079109	0.997164305363868
Unclassified Bacteroidetes Phylum	0.768103072520097	0.184626906279815	0.179252705188264	-0.00246779381748317	0.999086012344818	0.997873080079109	0.997164305363868
Unclassified Bacteroidia Class	0.61832648165649	0.0872770819013889	0.0663064544459396	-0.00588951495746812	0.999086012344818	0.997873080079109	0.997164305363868
Unclassified Balneolaeota Phylum	0.562092734351912	0.59759249959793	0.718086029193651	-0.00412413225329069	0.999086012344818	0.997873080079109	0.997164305363868
Unclassified Betaproteobacteria Class	0.687827066157559	0.73106841216247	0.924843804488393	-0.00286964542104964	0.999086012344818	0.997873080079109	0.997164305363868
Unclassified Blastocatellia Class	0.272566818309156	0.731238421740514	0.933139578908914	0.00812552477010452	0.999086012344818	0.997873080079109	0.997164305363868
Unclassified Candidatus Bipolaricaulota Phylum	0.728348826727733	0.944282817018256	0.77562994610912	0.00288511555633159	0.999086012344818	0.997873080079109	0.997164305363868
Unclassified Candidatus Cloacimonetes Phylum	0.0525048745337987	0.568462104117506	0.503573829184989	-0.0171364010190172	0.999086012344818	0.997873080079109	0.997164305363868
Unclassified Candidatus Gracilibacteria Phylum	0.100144875751675	0.668014790427351	0.648966087558866	-0.0188544487231903	0.999086012344818	0.997873080079109	0.997164305363868
Unclassified Candidatus Saccharibacteria Phylum	0.344291524216955	0.213758799539517	0.130897235226002	-0.00712061610856161	0.999086012344818	0.997873080079109	0.997164305363868
Unclassified Clostridia Class	0.902131763457244	0.590784672627817	0.511858615871483	-0.000759441293837147	0.999086012344818	0.997873080079109	0.997164305363868
Unclassified Coriobacteriia Class	0.684044420415749	0.0253689360228255	0.0137831889881996	0.00416459153356506	0.999086012344818	0.997873080079109	0.997164305363868
Unclassified Cyanobacteria Phylum	0.956605892606444	0.24788064330092	0.302725476565478	0.000332941130286202	0.999086012344818	0.997873080079109	0.997164305363868
Unclassified Dehalococcoidia Class	0.506368228350197	0.744739058593909	0.639787303780454	0.00502919530674408	0.999086012344818	0.997873080079109	0.997164305363868
Unclassified Deinococci Class	0.81440831624551	0.0583231439498824	0.0787839251238323	0.0023506763754286	0.999086012344818	0.997873080079109	0.997164305363868
Unclassified Deltaproteobacteria Class	0.683276229175625	0.413618625687287	0.341153334959568	-0.00312202686030733	0.999086012344818	0.997873080079109	0.997164305363868
Unclassified Elusimicrobia Phylum	0.532013318204848	0.202335627804839	0.106826926334726	-0.00507692632873349	0.999086012344818	0.997873080079109	0.997164305363868
Unclassified Epsilonproteobacteria Class	0.664501901120475	0.738452919654331	0.785908809067322	-0.00258464927080351	0.999086012344818	0.997873080079109	0.997164305363868
Unclassified Euryarchaeota Phylum	0.379854717219682	0.628963424260699	0.692728736048551	0.0073604600237055	0.999086012344818	0.997873080079109	0.997164305363868
Unclassified Firmicutes Phylum	0.564608723150498	0.555957040036344	0.48083857866035	-0.00302921355512283	0.999086012344818	0.997873080079109	0.997164305363868
Unclassified Gammaproteobacteria Class	0.72603339617117	0.706555880123266	0.859223946980843	-0.00192493794428708	0.999086012344818	0.997873080079109	0.997164305363868
Unclassified Halobacteria Class	0.695117501679465	0.601868128132039	0.475075156607529	0.00315832123205546	0.999086012344818	0.997873080079109	0.997164305363868
Unclassified Kiritimatiellaeota Phylum	0.696104116250659	0.934431658637029	0.902399275796472	0.00256375602084227	0.999086012344818	0.997873080079109	0.997164305363868
Unclassified Microsporidia Phylum	0.338193686637808	0.820501256763188	0.979127890022911	-0.00719665946576763	0.999086012344818	0.997873080079109	0.997164305363868
Unclassified Mollicutes Class	0.881913534411996	0.389830620756648	0.393100073303503	0.00167623806405983	0.999086012344818	0.997873080079109	0.997164305363868
Unclassified Negativicutes Class	0.646229430729185	0.249638855803675	0.240934079781731	0.00340220815007967	0.999086012344818	0.997873080079109	0.997164305363868
Unclassified Phycisphaerae Class	0.737531580910343	0.217613869883819	0.33112185698911	-0.00246469809149185	0.999086012344818	0.997873080079109	0.997164305363868
Unclassified Planctomycetes Phylum	0.78356761782133	0.860292633702418	0.958301402762319	0.00169975549803619	0.999086012344818	0.997873080079109	0.997164305363868
Unclassified Planctomycetia Class	0.89671674449907	0.98268164833109	0.740686080299965	-0.00119366863764737	0.999086012344818	0.997873080079109	0.997164305363868
Unclassified Proteobacteria Phylum	0.800519094389596	0.729444367519879	0.849775574970977	-0.00162691792730779	0.999086012344818	0.997873080079109	0.997164305363868
Unclassified Sordariomycetes Class	0.387007069873322	0.481955173389304	0.580246416357594	0.0128027391237595	0.999086012344818	0.997873080079109	0.997164305363868
Unclassified Tenericutes Phylum	0.937296919000077	0.396082729634278	0.464165888930337	-0.000660813956316823	0.999086012344818	0.997873080079109	0.997164305363868
Unclassified Thaumarchaeota Phylum	0.685962292457973	0.821561126684176	0.836467133723475	0.00320820914745411	0.999086012344818	0.997873080079109	0.997164305363868
Unclassified Thermoplasmata Class	0.640425730046435	0.746280560298454	0.707174396406392	0.00371035921778595	0.999086012344818	0.997873080079109	0.997164305363868
Unclassified Tissierellia Class	0.926693502301616	0.102421350052956	0.129941065360263	-0.000693477882125832	0.999086012344818	0.997873080079109	0.997164305363868
Unclassified Verrucomicrobia Phylum	0.697007135762966	0.831334959612494	0.872133689615967	-0.00272999311803004	0.999086012344818	0.997873080079109	0.997164305363868
Unclassified Vicinamibacteria Class	0.33345600916661	0.623397344427733	0.425990345740724	0.00753377557342877	0.999086012344818	0.997873080079109	0.997164305363868
Unclassified candidate division Zixibacteria Phylum	0.235168034778719	0.934090792713012	0.949045978164847	-0.00878210647792452	0.999086012344818	0.997873080079109	0.997164305363868
Ustilaginales	0.1835738735536	0.760608694671153	0.665861325033493	0.00817751253664479	0.999086012344818	0.997873080079109	0.997164305363868
Veillonellales	0.580481372288716	0.422427788730883	0.238520662671536	0.00514567602474159	0.999086012344818	0.997873080079109	0.997164305363868
Verrucomicrobiales	0.333036949331605	0.585225731962888	0.64293671841858	-0.0222486834607996	0.999086012344818	0.997873080079109	0.997164305363868
Vibrionales	0.639581238442125	0.808825681032102	0.963779511909246	-0.00249648108577507	0.999086012344818	0.997873080079109	0.997164305363868
Victivallales	0.0139889970599806	0.0174561163568215	0.0547474393633979	-0.0309237161325174	0.999086012344818	0.997873080079109	0.997164305363868
Xanthomonadales	0.845707426283977	0.832723743532318	0.994913511349934	0.00133276077449812	0.999086012344818	0.997873080079109	0.997164305363868
