p-variable	p-treatment	p-interaction	slope	adjusted.p-variable	adjusted.p-treatment	adjusted.p-interaction
Acholeplasmatales	0.832992849160484	0.690952099321458	0.733503800684421	0.00637493716746082	0.949973673910465	0.96872834087471	0.94437376908818
Acidaminococcales	0.00265698066848898	0.301542521347647	0.381808457412666	-0.249604460610123	0.635018379768866	0.96872834087471	0.94179665748115
Acidiferrobacterales	0.495806039789817	0.446267873400029	0.362622055513744	-0.0232196402016722	0.858628291906573	0.96872834087471	0.94179665748115
Acidilobales	0.317563312240666	0.16832424358501	0.16958438387462	0.0384152663388624	0.858628291906573	0.96872834087471	0.94179665748115
Acidimicrobiales	0.444701679922442	0.908971942827172	0.816725737059534	-0.0312967708907854	0.858628291906573	0.983468181278173	0.94659445253961
Acidithiobacillales	0.962802792562152	0.74329778154459	0.681232292664434	0.00147862210245394	0.988066266336936	0.96872834087471	0.94179665748115
Acidobacteriales	0.173763965705689	0.972766244826685	0.874877761246207	-0.0406067128271162	0.858628291906573	0.987912323849858	0.96966024582729
Acidothermales	0.912911731774823	0.916339166037626	0.86419342216158	0.00440340811461945	0.972069724947843	0.983468181278173	0.96966024582729
Actinomycetales	0.686854152876366	0.506114154096071	0.481750546030318	0.0196647553094772	0.949973673910465	0.96872834087471	0.94179665748115
Actinopolysporales	0.233539409931949	0.997388156957531	0.908802908223067	-0.0536276172052409	0.858628291906573	0.999381747580226	0.96966024582729
Aeromonadales	0.560415945549191	0.574286463764741	0.482604682807471	-0.0175201142498662	0.868638676677723	0.96872834087471	0.94179665748115
Alteromonadales	0.906443884162143	0.54459056745625	0.517262901618259	-0.00267882709484806	0.972069724947843	0.96872834087471	0.94179665748115
Anaerolineales	0.117430229341893	0.922949900276846	0.778862140976214	-0.0487038683549358	0.858628291906573	0.983468181278173	0.94437376908818
Aquificales	0.492959697876885	0.317601115435775	0.324892445330239	0.0186720359240594	0.858628291906573	0.96872834087471	0.94179665748115
Archaeoglobales	0.602255303885236	0.779996273136773	0.754195972893558	0.0153101762091316	0.877676936759581	0.96872834087471	0.94437376908818
Ardenticatenales	0.466653754199188	0.566246025322246	0.488436528659488	-0.03627590982651	0.858628291906573	0.96872834087471	0.94179665748115
Bacillales	0.668218525093569	0.499851245178476	0.478956339973293	0.0100491448986217	0.933942850861772	0.96872834087471	0.94179665748115
Bacteriovoracales	0.49097464628453	0.332841120805173	0.349361127617567	0.0219348442160638	0.858628291906573	0.96872834087471	0.94179665748115
Bacteroidales	0.163320046811706	0.850101944641503	0.755448242585818	-0.0788994314215862	0.858628291906573	0.96872834087471	0.94437376908818
Bacteroidetes Order II. Incertae sedis	0.268037248766274	0.682843799647317	0.578783031590329	-0.0403071229981907	0.858628291906573	0.96872834087471	0.94179665748115
Bdellovibrionales	0.758679744083989	0.512606397292059	0.463125460923158	-0.00802604208038945	0.949973673910465	0.96872834087471	0.94179665748115
Bifidobacteriales	0.106766166350954	0.547693577490012	0.444062253193674	0.133789078584772	0.858628291906573	0.96872834087471	0.94179665748115
Brachyspirales	0.827172478083903	0.682646175019985	0.718329846619689	-0.00689442442854971	0.949973673910465	0.96872834087471	0.94437376908818
Bradymonadales	0.227849944178446	0.801586451282273	0.667122051140713	-0.0447442524530925	0.858628291906573	0.96872834087471	0.94179665748115
Bryobacterales	0.731852681640495	0.975511750747141	0.887635072145419	-0.0117066854774952	0.949973673910465	0.987912323849858	0.96966024582729
Bunyavirales	0.392707789389001	0.561906425869001	0.700685906781898	0.0398954629828674	0.858628291906573	0.96872834087471	0.94437376908818
Burkholderiales	0.346184956812867	0.58099175811718	0.478133233921318	-0.0295926282380629	0.858628291906573	0.96872834087471	0.94179665748115
Caldilineales	0.66666167801568	0.433727018448035	0.348765649057119	-0.0173529469121047	0.933942850861772	0.96872834087471	0.94179665748115
Calditrichales	0.465677598367147	0.601503281635803	0.56543077444	-0.0263151574864511	0.858628291906573	0.96872834087471	0.94179665748115
Campylobacterales	0.55756795726409	0.82161315092901	0.850830340741706	0.02013054619419	0.868638676677723	0.96872834087471	0.968325959225084
Candidatus Brocadiales	0.1613705128704	0.0790162572527843	0.076110767629065	-0.0466299623249802	0.858628291906573	0.96872834087471	0.94179665748115
Candidatus Nanopelagicales	0.515427516058344	0.777064963248049	0.732296593039793	-0.0205662627356088	0.858628291906573	0.96872834087471	0.94437376908818
Cardiobacteriales	0.0868504012259868	0.648202867446219	0.800032348039119	-0.0606368045130591	0.858628291906573	0.96872834087471	0.94437376908818
Catenulisporales	0.326976151106349	0.273967623926702	0.183910932572919	-0.044435335507465	0.858628291906573	0.96872834087471	0.94179665748115
Caulobacterales	0.397522332035239	0.495870366689796	0.404876991363232	-0.0273116546140237	0.858628291906573	0.96872834087471	0.94179665748115
Cellvibrionales	0.571317655663767	0.719269584873384	0.660212437570058	-0.0146130448125369	0.868638676677723	0.96872834087471	0.94179665748115
Chitinophagales	0.627406096880168	0.634411542758307	0.662334030200967	0.0107516481032496	0.903313597315422	0.96872834087471	0.94179665748115
Chlamydiales	0.203525723252155	0.690539940784471	0.755834473792944	0.0404418924725754	0.858628291906573	0.96872834087471	0.94437376908818
Chlorobiales	0.565521105890751	0.578135645072228	0.507728740289728	-0.0165209779386829	0.868638676677723	0.96872834087471	0.94179665748115
Chloroflexales	0.192588713073245	0.848398189926526	0.935410567190807	-0.0430528327980038	0.858628291906573	0.96872834087471	0.974278463821061
Chromatiales	0.463089404373539	0.649150051063986	0.560297900513292	-0.023312485872834	0.858628291906573	0.96872834087471	0.94179665748115
Chroococcales	0.315601996531774	0.244383348013482	0.233926971775983	0.027634069805507	0.858628291906573	0.96872834087471	0.94179665748115
Chroococcidiopsidales	0.768952879087562	0.772455060769866	0.812650156024431	-0.0106651216007314	0.949973673910465	0.96872834087471	0.94659445253961
Chrysiogenales	0.82656447665943	0.32627295157484	0.280222539576743	0.00748216478371932	0.949973673910465	0.96872834087471	0.94179665748115
Chthonomonadales	0.912009249119439	0.460046617270743	0.409338149171861	-0.00400994707079211	0.972069724947843	0.96872834087471	0.94179665748115
Clostridiales	0.358228421134545	0.926624447206578	0.928792398474939	0.0162227223570414	0.858628291906573	0.983468181278173	0.974278463821061
Coprothermobacterales	0.442397683164458	0.394893109635304	0.335981525612102	-0.0362095814463373	0.858628291906573	0.96872834087471	0.94179665748115
Coriobacteriales	0.741077021117606	0.934669989563445	0.905246602679733	-0.0227986954396628	0.949973673910465	0.983468181278173	0.96966024582729
Corynebacteriales	0.512221464681449	0.774974189540915	0.679804253523276	-0.0224126838838389	0.858628291906573	0.96872834087471	0.94179665748115
Cytophagales	0.325609950548541	0.7198095897654	0.671744263790471	-0.0231639428419849	0.858628291906573	0.96872834087471	0.94179665748115
Deferribacterales	0.797654963505556	0.415596959184238	0.382063667760271	-0.00741419580777915	0.949973673910465	0.96872834087471	0.94179665748115
Dehalococcoidales	0.569365956459507	0.666327985798464	0.5830344501443	-0.0195488624299929	0.868638676677723	0.96872834087471	0.94179665748115
Deinococcales	0.322457023392441	0.437524967025738	0.343086742604519	-0.0352792596189718	0.858628291906573	0.96872834087471	0.94179665748115
Desulfarculales	0.394027395449724	0.720642622467293	0.62702910108462	-0.0354909196474709	0.858628291906573	0.96872834087471	0.94179665748115
Desulfobacterales	0.537506574788915	0.530868327061909	0.454953896083886	-0.0176727962671628	0.858628291906573	0.96872834087471	0.94179665748115
Desulfovibrionales	0.508914473289253	0.855237154496083	0.800719892806856	-0.0311232006528158	0.858628291906573	0.96872834087471	0.94437376908818
Desulfurellales	0.309322586008103	0.733569424417163	0.73193557766129	0.0377822073828245	0.858628291906573	0.96872834087471	0.94437376908818
Desulfurobacteriales	0.987185640553349	0.38238621195057	0.351745541142851	0.000501396611725686	0.996315552757841	0.96872834087471	0.94179665748115
Desulfurococcales	0.940103746632659	0.506724227086423	0.504492032519909	0.00235802675708497	0.981156311987797	0.96872834087471	0.94179665748115
Desulfuromonadales	0.457568945707678	0.71316059945663	0.621611253840922	-0.0240648262727852	0.858628291906573	0.96872834087471	0.94179665748115
Dictyoglomales	0.914454494605576	0.563800742653156	0.612162950219546	0.00397117207407714	0.972069724947843	0.96872834087471	0.94179665748115
Eggerthellales	0.110257152207877	0.427137996884451	0.501657388382587	-0.104373705948933	0.858628291906573	0.96872834087471	0.94179665748115
Egibacterales	0.0915861183873096	0.624396364711582	0.721149524534481	-0.0681473954094505	0.858628291906573	0.96872834087471	0.94437376908818
Egicoccales	0.250175101872768	0.588805610837852	0.467944739845696	-0.0539835779614624	0.858628291906573	0.96872834087471	0.94179665748115
Elusimicrobiales	0.489011290143447	0.528331627090791	0.535581527628738	-0.0254310798006057	0.858628291906573	0.96872834087471	0.94179665748115
Emcibacterales	0.211074110638076	0.903600262928961	0.802125000522597	-0.0455558729418947	0.858628291906573	0.983468181278173	0.94437376908818
Endomicrobiales	0.507366312816122	0.76645529983657	0.776094350708177	-0.0220697053751741	0.858628291906573	0.96872834087471	0.94437376908818
Enterobacterales	0.872617185504194	0.747604758719107	0.869099079695526	-0.0073221115822116	0.96313950833426	0.96872834087471	0.96966024582729
Entomoplasmatales	0.385068671702728	0.315346783003639	0.351886405242555	0.0309328921458593	0.858628291906573	0.96872834087471	0.94179665748115
Erysipelotrichales	0.0980212605286949	0.0651967088873508	0.0645916262325112	0.0516355065136119	0.858628291906573	0.96872834087471	0.94179665748115
Eurotiales	0.366379933710344	0.49459558116713	0.44864508717043	-0.023131890537391	0.858628291906573	0.96872834087471	0.94179665748115
Euzebyales	0.198897407151733	0.56500355687243	0.488453828934712	-0.0573619824566246	0.858628291906573	0.96872834087471	0.94179665748115
Fibrobacterales	0.19322781146137	0.498758304857407	0.387730819087997	-0.0436312021348624	0.858628291906573	0.96872834087471	0.94179665748115
Fimbriimonadales	0.490537004407646	0.808847889045758	0.663064684071457	-0.02846813192312	0.858628291906573	0.96872834087471	0.94179665748115
Flavobacteriales	0.597592916357426	0.501009259371395	0.558175536478703	0.0125176394277921	0.876225196376839	0.96872834087471	0.94179665748115
Frankiales	0.817560613084349	0.538303212746616	0.490296576738785	-0.00849629554087367	0.949973673910465	0.96872834087471	0.94179665748115
Fusobacteriales	0.122496259662574	0.589788570880645	0.770353452544048	0.0528998566040434	0.858628291906573	0.96872834087471	0.94437376908818
Gemmatales	0.270429477985889	0.731619565177231	0.639894131368849	-0.0405844582447325	0.858628291906573	0.96872834087471	0.94179665748115
Gemmatimonadales	0.229325774101244	0.66101901960543	0.531464857742262	-0.0439738970738387	0.858628291906573	0.96872834087471	0.94179665748115
Geodermatophilales	0.444595104527725	0.67489642732879	0.554169789662637	-0.0360331297666675	0.858628291906573	0.96872834087471	0.94179665748115
Gloeobacterales	0.267987186610075	0.731223757701592	0.635302772275369	-0.0404360688374429	0.858628291906573	0.96872834087471	0.94179665748115
Gloeoemargaritales	0.107821354413839	0.555166408074325	0.62416179242992	-0.0609380602738697	0.858628291906573	0.96872834087471	0.94179665748115
Glomerellales	0.106183282444798	0.794314403808227	0.669179007640239	-0.0592796694757354	0.858628291906573	0.96872834087471	0.94179665748115
Glycomycetales	0.0635653202027738	0.384104517935153	0.273197041908972	-0.082048661224364	0.858628291906573	0.96872834087471	0.94179665748115
Halanaerobiales	0.747838662321476	0.396960273141036	0.400710265546802	0.00914200062455992	0.949973673910465	0.96872834087471	0.94179665748115
Halobacteriales	0.150200113053208	0.647207866964134	0.504434265125311	-0.0531081623027957	0.858628291906573	0.96872834087471	0.94179665748115
Haloferacales	0.535777896216501	0.718398338824645	0.629255613510393	-0.0212207334615506	0.858628291906573	0.96872834087471	0.94179665748115
Helotiales	0.434559181868656	0.687783021269896	0.634366039019363	-0.0228339967122931	0.858628291906573	0.96872834087471	0.94179665748115
Holosporales	0.180125911378013	0.815068758867069	0.82648272438171	-0.0407368791432144	0.858628291906573	0.96872834087471	0.947952588990683
Hydrogenophilales	0.461840376234105	0.33826470133592	0.405180102504794	-0.0294227776811884	0.858628291906573	0.96872834087471	0.94179665748115
Hypocreales	0.719440616977381	0.332572533013172	0.323315489350183	0.00907469731848777	0.949973673910465	0.96872834087471	0.94179665748115
Ignavibacteriales	0.762621122925033	0.509591249366325	0.476133599363405	-0.0101422471872633	0.949973673910465	0.96872834087471	0.94179665748115
Immundisolibacterales	0.255647814419796	0.896279761427112	0.757412580781641	-0.0524833838105607	0.858628291906573	0.983468181278173	0.94437376908818
Isosphaerales	0.138253809257617	0.98353891870148	0.883660994582185	-0.0578981580873015	0.858628291906573	0.991838825188412	0.96966024582729
Jiangellales	0.326485625739707	0.497212692001592	0.384902558043407	-0.041915954735583	0.858628291906573	0.96872834087471	0.94179665748115
Kineosporiales	0.516171940669676	0.783692917639332	0.654425234600971	-0.0296225034194943	0.858628291906573	0.96872834087471	0.94179665748115
Kiritimatiellales	0.0447453886049604	0.834773931404661	0.663803781480093	-0.076875150259769	0.858628291906573	0.96872834087471	0.94179665748115
Kosmotogales	0.0569999910709287	0.28063520217732	0.322593889500721	-0.0559195963438674	0.858628291906573	0.96872834087471	0.94179665748115
Ktedonobacterales	0.537203683815663	0.424652831734977	0.341106363751207	-0.0237137794697629	0.858628291906573	0.96872834087471	0.94179665748115
Lactobacillales	0.0416962512774619	0.227993670309711	0.288838351840564	0.0875441868884252	0.858628291906573	0.96872834087471	0.94179665748115
Legionellales	0.637967365367176	0.336596609253643	0.346177855878161	0.0119801804776978	0.907584525730685	0.96872834087471	0.94179665748115
Leptospirales	0.44409752498378	0.293779678480095	0.322516000065429	0.0188178231639584	0.858628291906573	0.96872834087471	0.94179665748115
Limnochordales	0.926680796966773	0.311891230106346	0.263251278314624	-0.00344906637188613	0.975668328083959	0.96872834087471	0.94179665748115
Magnaporthales	0.532482207072042	0.487087930288869	0.379587804353871	-0.0182229564374304	0.858628291906573	0.96872834087471	0.94179665748115
Magnetococcales	0.127372757584195	0.410846491419285	0.430949150495549	0.0572587620076649	0.858628291906573	0.96872834087471	0.94179665748115
Malasseziales	0.193185884143554	0.756123636144815	0.736590211183051	-0.0577249821692756	0.858628291906573	0.96872834087471	0.94437376908818
Marinilabiliales	0.200048865611799	0.396251668382643	0.48180258345159	0.0325300403242559	0.858628291906573	0.96872834087471	0.94179665748115
Mariprofundales	0.810888733180812	0.59248666760702	0.666275030467658	-0.00872245526999736	0.949973673910465	0.96872834087471	0.94179665748115
Mesoaciditogales	0.37376943259029	0.714176477327736	0.740774986786114	0.0307207832296136	0.858628291906573	0.96872834087471	0.94437376908818
Methanobacteriales	0.721733818481166	0.315089536754464	0.35556314833117	0.0253582324756721	0.949973673910465	0.96872834087471	0.94179665748115
Methanocellales	0.982474390418196	0.838969068418336	0.783874248359797	-0.000878463493337078	0.996315552757841	0.96872834087471	0.94437376908818
Methanococcales	0.527289341669375	0.320276080538917	0.338737113314322	0.0185961402288788	0.858628291906573	0.96872834087471	0.94179665748115
Methanomassiliicoccales	0.789823215994775	0.522182540848248	0.511761309154538	0.00977189018487706	0.949973673910465	0.96872834087471	0.94179665748115
Methanomicrobiales	0.583086031143236	0.336635465607944	0.30702160554821	0.0154821626453223	0.868638676677723	0.96872834087471	0.94179665748115
Methanopyrales	0.538888049313749	0.202425417134282	0.256012032928709	0.0312000165233174	0.858628291906573	0.96872834087471	0.94179665748115
Methanosarcinales	0.458505710921571	0.182357594225087	0.189130704509966	0.0182229559835083	0.858628291906573	0.96872834087471	0.94179665748115
Methylacidiphilales	0.561217017753105	0.357072650053755	0.282228198926078	-0.0221850279015229	0.868638676677723	0.96872834087471	0.94179665748115
Methylococcales	0.587492152306162	0.815197994128477	0.732884725869288	-0.0142922698639618	0.868638676677723	0.96872834087471	0.94437376908818
Micrococcales	0.858169717701013	0.347980820493488	0.300936216283977	-0.00595018485684031	0.958423189395057	0.96872834087471	0.94179665748115
Micromonosporales	0.337233006927177	0.610492286196948	0.504403759011674	-0.0359550986247132	0.858628291906573	0.96872834087471	0.94179665748115
Mycoplasmatales	0.400620061341165	0.264219681713703	0.284566365889804	0.0261361605424143	0.858628291906573	0.96872834087471	0.94179665748115
Mycosphaerellales	0.147638855940827	0.421184458401393	0.491305270889334	-0.0428150214049557	0.858628291906573	0.96872834087471	0.94179665748115
Myxococcales	0.427354727942928	0.57633993585769	0.485256804973686	-0.029651124468746	0.858628291906573	0.96872834087471	0.94179665748115
Nakamurellales	0.726779317524835	0.514918120495423	0.394257592877421	-0.0118100050314441	0.949973673910465	0.96872834087471	0.94179665748115
Natranaerobiales	0.113757731651218	0.11907557997161	0.140347536691992	0.0533435056822457	0.858628291906573	0.96872834087471	0.94179665748115
Natrialbales	0.21203359942335	0.717384643690198	0.580782824407666	-0.0420975757171801	0.858628291906573	0.96872834087471	0.94179665748115
Nautiliales	0.733277179393393	0.315782601773332	0.328935049408276	0.010575627446792	0.949973673910465	0.96872834087471	0.94179665748115
Neisseriales	0.429967639268937	0.591396128678725	0.515473526534972	-0.022762376620629	0.858628291906573	0.96872834087471	0.94179665748115
Nevskiales	0.530117298445116	0.62410025041155	0.571968629706213	-0.0242575267026876	0.858628291906573	0.96872834087471	0.94179665748115
Nitrosomonadales	0.479463574356946	0.806508994167642	0.693540634797834	-0.0183448079913414	0.858628291906573	0.96872834087471	0.94179665748115
Nitrosopumilales	0.278671397005062	0.854985509158409	0.918801912607873	0.0369090298318916	0.858628291906573	0.96872834087471	0.971653350058768
Nitrososphaerales	0.916149238566446	0.88896160214309	0.906770307375838	0.00316370292032538	0.972069724947843	0.983468181278173	0.96966024582729
Nitrospirales	0.78269454752788	0.306385485850765	0.275258001964134	0.00734506192653807	0.949973673910465	0.96872834087471	0.94179665748115
Nostocales	0.892409364447178	0.495131923154328	0.497884305436562	-0.00330667129186517	0.969481082285798	0.96872834087471	0.94179665748115
Oceanospirillales	0.45004041677124	0.474622216675381	0.395401860762781	-0.0204277484078343	0.858628291906573	0.96872834087471	0.94179665748115
Opitutales	0.127992940865806	0.921824722533579	0.957319360806087	-0.0569401832862884	0.858628291906573	0.983468181278173	0.974278463821061
Orbales	0.254965927853221	0.187038577094925	0.209641560286988	0.0369944423877824	0.858628291906573	0.96872834087471	0.94179665748115
Oscillatoriales	0.37637826752747	0.435522432355659	0.37065306906265	-0.0211780478014238	0.858628291906573	0.96872834087471	0.94179665748115
Parachlamydiales	0.576149955791991	0.960639910616938	0.941642349686407	-0.0150420256148012	0.868638676677723	0.983468181278173	0.974278463821061
Parvularculales	0.156129500603673	0.364953468512927	0.270057453229394	-0.0557996939980288	0.858628291906573	0.96872834087471	0.94179665748115
Pasteurellales	0.289535979280051	0.246462564900025	0.27059102368466	0.0368108129695046	0.858628291906573	0.96872834087471	0.94179665748115
Pelagibacterales	0.717222469933775	0.495134246775411	0.550977773291471	0.0155461835005873	0.949973673910465	0.96872834087471	0.94179665748115
Petrotogales	0.801529698348933	0.672598947620549	0.690538387675517	0.0081213274946332	0.949973673910465	0.96872834087471	0.94179665748115
Phycisphaerales	0.192231525221615	0.852800403831368	0.943141268460906	-0.0608233023920429	0.858628291906573	0.96872834087471	0.974278463821061
Pirellulales	0.936539888754915	0.330286531698848	0.292447458226637	0.00231000066051604	0.981156311987797	0.96872834087471	0.94179665748115
Planctomycetales	0.835100910286318	0.720456343700774	0.669429526217163	-0.00643710189979747	0.949973673910465	0.96872834087471	0.94179665748115
Pleurocapsales	0.166923121712536	0.232717233209503	0.250484171222722	0.0449553718901982	0.858628291906573	0.96872834087471	0.94179665748115
Propionibacteriales	0.49756881683131	0.781231806732629	0.598557195386676	-0.0244640434676891	0.858628291906573	0.96872834087471	0.94179665748115
Pseudomonadales	0.399711226989547	0.548907542893265	0.447319317892519	-0.0228352427524693	0.858628291906573	0.96872834087471	0.94179665748115
Pseudonocardiales	0.271946870282773	0.770375652936959	0.652986192778449	-0.041183435659879	0.858628291906573	0.96872834087471	0.94179665748115
Puniceicoccales	0.72082782515134	0.273829901336983	0.223075995681695	-0.0136614570040008	0.949973673910465	0.96872834087471	0.94179665748115
Rhizobiales	0.389486098226166	0.70073295668636	0.599510755567001	-0.0268265794645089	0.858628291906573	0.96872834087471	0.94179665748115
Rhodobacterales	0.274800314530029	0.758851581133801	0.634641337265037	-0.0339232335629934	0.858628291906573	0.96872834087471	0.94179665748115
Rhodocyclales	0.425252898626605	0.583244643040042	0.488536341572952	-0.0260580558532492	0.858628291906573	0.96872834087471	0.94179665748115
Rhodospirillales	0.425740375679904	0.452126358694752	0.367401120075052	-0.0244569863502674	0.858628291906573	0.96872834087471	0.94179665748115
Rickettsiales	0.796126181884247	0.216436542371347	0.212955556652483	0.00824347659456048	0.949973673910465	0.96872834087471	0.94179665748115
Rubrobacterales	0.385979399597159	0.526209424432766	0.430692693663207	-0.0341138948460089	0.858628291906573	0.96872834087471	0.94179665748115
Saccharomycetales	0.0666626772459036	0.048441084339942	0.0545407718874141	0.0572029949235578	0.858628291906573	0.96872834087471	0.94179665748115
Salinisphaerales	0.135011359759834	0.948010297151278	0.828962724263819	-0.0679892728975662	0.858628291906573	0.983468181278173	0.947952588990683
Saprospirales	0.45675152617749	0.727170517193535	0.661358779501026	-0.027167937331466	0.858628291906573	0.96872834087471	0.94179665748115
Schizosaccharomycetales	0.0427469780158735	0.239685035943683	0.261017926229728	0.0698673197096801	0.858628291906573	0.96872834087471	0.94179665748115
Sedimentisphaerales	0.95561069686413	0.55528926225484	0.474137091230926	0.00155653801489169	0.988066266336936	0.96872834087471	0.94179665748115
Selenomonadales	0.919195639490429	0.417321806872223	0.362542957423937	0.00266051739014371	0.972069724947843	0.96872834087471	0.94179665748115
Silvanigrellales	0.787654844393345	0.999381747580226	0.967548169251789	-0.008636918171157	0.949973673910465	0.999381747580226	0.974278463821061
Solirubrobacterales	0.12941296982352	0.813634161277837	0.95265524309729	-0.0661951588880306	0.858628291906573	0.96872834087471	0.974278463821061
Sordariales	0.395583490331998	0.724060770264964	0.655084058913612	-0.0231387899510675	0.858628291906573	0.96872834087471	0.94179665748115
Sphaerobacterales	0.178198723790228	0.527249802181095	0.426756882073663	-0.0653439904405667	0.858628291906573	0.96872834087471	0.94179665748115
Sphingobacteriales	0.667949836234394	0.434924651836531	0.471670544066883	0.0093717970257905	0.933942850861772	0.96872834087471	0.94179665748115
Sphingomonadales	0.287779991461592	0.791789054900378	0.684481847916399	-0.0346275318935791	0.858628291906573	0.96872834087471	0.94179665748115
Spirochaetales	0.993232273723094	0.598597434072893	0.554735542746394	0.000219313605050992	0.996315552757841	0.96872834087471	0.94179665748115
Sporichthyales	0.282207842139542	0.719712539209692	0.640070473533823	-0.0455207403075091	0.858628291906573	0.96872834087471	0.94179665748115
Streptomycetales	0.385712561167658	0.611851542419321	0.509327192728216	-0.0317702025022901	0.858628291906573	0.96872834087471	0.94179665748115
Streptosporangiales	0.259472103067182	0.459107662174016	0.342219542417992	-0.0399983618476739	0.858628291906573	0.96872834087471	0.94179665748115
Sulfolobales	0.2284045794338	0.127696128303047	0.139624912793619	0.0376408016147876	0.858628291906573	0.96872834087471	0.94179665748115
Synechococcales	0.738746636745156	0.551228206862385	0.472736136372642	-0.00857792480214999	0.949973673910465	0.96872834087471	0.94179665748115
Synergistales	0.635783537309808	0.65552897817661	0.604934031161533	-0.0168381662483221	0.907584525730685	0.96872834087471	0.94179665748115
Syntrophobacterales	0.588784374986574	0.851669437205336	0.914981396803593	-0.0174621577287186	0.868638676677723	0.96872834087471	0.971653350058768
Tepidiformales	0.112175527548092	0.952630589932246	0.786561548637969	-0.0623504933352478	0.858628291906573	0.983468181278173	0.94437376908818
Thermales	0.820140240710027	0.386289972928983	0.332121942526775	-0.00861079398969495	0.949973673910465	0.96872834087471	0.94179665748115
Thermoanaerobacterales	0.762280273415223	0.482723097199001	0.457459829065306	0.00765548782410704	0.949973673910465	0.96872834087471	0.94179665748115
Thermococcales	0.47242591944537	0.907357680506028	0.814847047502082	-0.0212650499449134	0.858628291906573	0.983468181278173	0.94659445253961
Thermodesulfobacteriales	0.741768221158464	0.679605822876392	0.626636770628415	0.00981378356507984	0.949973673910465	0.96872834087471	0.94179665748115
Thermomicrobiales	0.167584416915614	0.742792111704558	0.643169521558905	-0.0594805006690927	0.858628291906573	0.96872834087471	0.94179665748115
Thermoplasmatales	0.0928610609568143	0.678694188557706	0.50999352023647	-0.0590930703793592	0.858628291906573	0.96872834087471	0.94179665748115
Thermoproteales	0.304914586815852	0.82145767301739	0.735206340885694	-0.0312651949251108	0.858628291906573	0.96872834087471	0.94437376908818
Thermotogales	0.722248963301695	0.87955712584978	0.903420187629125	0.00916999648185952	0.949973673910465	0.982309126533165	0.96966024582729
Thiotrichales	0.84107266841742	0.309328181410538	0.301163777080134	0.00530241709627066	0.949973673910465	0.96872834087471	0.94179665748115
Tissierellales	0.402700353248506	0.419062727316953	0.432428725096758	0.0235712586762995	0.858628291906573	0.96872834087471	0.94179665748115
Tremellales	0.946957096837306	0.787787824336765	0.77924118540114	-0.00211909893832048	0.984011939757026	0.96872834087471	0.94437376908818
Unclassified Acidobacteria Phylum	0.173237137521356	0.798232505376171	0.87324736045853	-0.071734687185165	0.858628291906573	0.96872834087471	0.96966024582729
Unclassified Actinobacteria Class	0.787931460254495	0.672502051511903	0.599316875907262	-0.00975003332545203	0.949973673910465	0.96872834087471	0.94179665748115
Unclassified Actinobacteria Phylum	0.744891272858599	0.962893533134278	0.966782501670014	-0.0147315465145959	0.949973673910465	0.983468181278173	0.974278463821061
Unclassified Alphaproteobacteria Class	0.301848987681522	0.67594868444621	0.575906583028697	-0.0362430604564617	0.858628291906573	0.96872834087471	0.94179665748115
Unclassified Armatimonadetes Phylum	0.384880146077097	0.408592749971816	0.31666271373706	-0.0302098299250111	0.858628291906573	0.96872834087471	0.94179665748115
Unclassified Ascomycota Phylum	0.339684598431366	0.0909509188390313	0.0665567518444942	-0.0373410268242584	0.858628291906573	0.96872834087471	0.94179665748115
Unclassified Bacilli Class	0.137117738886645	0.358800003073793	0.405396585068359	0.037821048960151	0.858628291906573	0.96872834087471	0.94179665748115
Unclassified Bacteroidetes Phylum	0.281416903448703	0.468586448330993	0.401752353541179	-0.0430870340206813	0.858628291906573	0.96872834087471	0.94179665748115
Unclassified Bacteroidia Class	0.996171081599828	0.875921687900404	0.932308571205475	-0.000246757066496256	0.996315552757841	0.982309126533165	0.974278463821061
Unclassified Balneolaeota Phylum	0.885093230614106	0.948165563790012	0.90575166141805	-0.00564844803311858	0.967826456815186	0.983468181278173	0.96966024582729
Unclassified Betaproteobacteria Class	0.469032180105951	0.62024388051665	0.530328815547534	-0.0217102104530528	0.858628291906573	0.96872834087471	0.94179665748115
Unclassified Blastocatellia Class	0.807780787572955	0.705791794606607	0.693230881359321	-0.0100505938759422	0.949973673910465	0.96872834087471	0.94179665748115
Unclassified Candidatus Bipolaricaulota Phylum	0.965820028320503	0.281045272304871	0.226990157718936	-0.00201813760710673	0.988066266336936	0.96872834087471	0.94179665748115
Unclassified Candidatus Cloacimonetes Phylum	0.886836795157012	0.468847382388963	0.478367651878476	0.00561813561633185	0.967826456815186	0.96872834087471	0.94179665748115
Unclassified Candidatus Gracilibacteria Phylum	0.364856592578231	0.472792496135999	0.529301090844238	0.0442875671253367	0.858628291906573	0.96872834087471	0.94179665748115
Unclassified Candidatus Saccharibacteria Phylum	0.789768859592417	0.799148636962069	0.781587971444679	0.0093703801479884	0.949973673910465	0.96872834087471	0.94437376908818
Unclassified Clostridia Class	0.707487790586067	0.476710033990252	0.444007185415227	0.00995023715096072	0.949973673910465	0.96872834087471	0.94179665748115
Unclassified Coriobacteriia Class	0.281114623368459	0.70759631565857	0.777228296252419	-0.0735602979762531	0.858628291906573	0.96872834087471	0.94437376908818
Unclassified Cyanobacteria Phylum	0.87448231509847	0.913840693880035	0.897622632596122	-0.00459030015625733	0.96313950833426	0.983468181278173	0.96966024582729
Unclassified Dehalococcoidia Class	0.365799583894418	0.641654607531147	0.543187757669247	-0.0371647562918705	0.858628291906573	0.96872834087471	0.94179665748115
Unclassified Deinococci Class	0.272398012145155	0.736082625491645	0.768592604833213	-0.0513863142872062	0.858628291906573	0.96872834087471	0.94437376908818
Unclassified Deltaproteobacteria Class	0.704206658386651	0.331755448683763	0.290890423785855	-0.015975461938407	0.949973673910465	0.96872834087471	0.94179665748115
Unclassified Elusimicrobia Phylum	0.152206099500769	0.331761600036529	0.340927441991358	0.0452787087725651	0.858628291906573	0.96872834087471	0.94179665748115
Unclassified Epsilonproteobacteria Class	0.4632304982464	0.151897341312833	0.144333536479848	0.0250110939046337	0.858628291906573	0.96872834087471	0.94179665748115
Unclassified Euryarchaeota Phylum	0.466076271488852	0.619065096135067	0.56473766467201	-0.0261313265836301	0.858628291906573	0.96872834087471	0.94179665748115
Unclassified Firmicutes Phylum	0.51070360338794	0.712478020269517	0.692219680374965	0.0138974472620799	0.858628291906573	0.96872834087471	0.94179665748115
Unclassified Gammaproteobacteria Class	0.514667240616976	0.482134397740399	0.438434161521696	-0.01560386912074	0.858628291906573	0.96872834087471	0.94179665748115
Unclassified Halobacteria Class	0.226065422394343	0.282021831783074	0.195196182251678	-0.0467570982330095	0.858628291906573	0.96872834087471	0.94179665748115
Unclassified Kiritimatiellaeota Phylum	0.122213765392269	0.535313019199717	0.384256988146155	-0.0527550877449683	0.858628291906573	0.96872834087471	0.94179665748115
Unclassified Microsporidia Phylum	0.996315552757841	0.89886469674228	0.970201984892939	-0.000171560480553303	0.996315552757841	0.983468181278173	0.974278463821061
Unclassified Mollicutes Class	0.768317554541159	0.957860528402848	0.998218031395358	0.0116310997251506	0.949973673910465	0.983468181278173	0.998218031395358
Unclassified Negativicutes Class	0.305967323961589	0.859775760205771	0.964478938954983	-0.0299530905407117	0.858628291906573	0.969275503250846	0.974278463821061
Unclassified Phycisphaerae Class	0.581137415414154	0.452106404398383	0.338023212014058	-0.02166934703329	0.868638676677723	0.96872834087471	0.94179665748115
Unclassified Planctomycetes Phylum	0.57398779702591	0.647373146948516	0.582949930709719	-0.016144327889689	0.868638676677723	0.96872834087471	0.94179665748115
Unclassified Planctomycetia Class	0.26864037977121	0.722451520827133	0.794207848893497	-0.0524868721116621	0.858628291906573	0.96872834087471	0.94437376908818
Unclassified Proteobacteria Phylum	0.359616683824529	0.646662419459452	0.564398294065553	-0.0275758948071832	0.858628291906573	0.96872834087471	0.94179665748115
Unclassified Sordariomycetes Class	0.96739542394495	0.1626402008373	0.193558844411645	-0.00228897417596138	0.988066266336936	0.96872834087471	0.94179665748115
Unclassified Tenericutes Phylum	0.840125771622814	0.941183416153722	0.871292082610588	0.00703105507524817	0.949973673910465	0.983468181278173	0.96966024582729
Unclassified Thaumarchaeota Phylum	0.337679119330428	0.8146276565174	0.819853772701671	-0.0322735342669945	0.858628291906573	0.96872834087471	0.94659445253961
Unclassified Thermoplasmata Class	0.803989104740057	0.355975307133797	0.302989831603735	0.0101004685250606	0.949973673910465	0.96872834087471	0.94179665748115
Unclassified Tissierellia Class	0.614064640049104	0.849339753001936	0.94980677255063	0.0168390613185295	0.88946332710143	0.96872834087471	0.974278463821061
Unclassified Verrucomicrobia Phylum	0.212771979573629	0.696487130271703	0.6050470598787	-0.0470690025773644	0.858628291906573	0.96872834087471	0.94179665748115
Unclassified Vicinamibacteria Class	0.100128671913592	0.937041349606297	0.877742897889366	-0.0638232192454346	0.858628291906573	0.983468181278173	0.96966024582729
Unclassified candidate division Zixibacteria Phylum	0.842654472255308	0.486758528511886	0.467786834874591	-0.00810152054228389	0.949973673910465	0.96872834087471	0.94179665748115
Ustilaginales	0.851464960404798	0.686810236162706	0.637611350068905	-0.00605627368093277	0.955399650407262	0.96872834087471	0.94179665748115
Veillonellales	0.0564219062863186	0.277941717296027	0.347062849015678	0.0935080140083361	0.858628291906573	0.96872834087471	0.94179665748115
Verrucomicrobiales	0.174623374553935	0.537086750251262	0.572502568768929	-0.114843283378541	0.858628291906573	0.96872834087471	0.94179665748115
Vibrionales	0.865255260326431	0.644921439390595	0.615544161420678	0.00386691327991124	0.961841894037289	0.96872834087471	0.94179665748115
Victivallales	0.184552941540648	0.601959193687768	0.514736162770511	-0.062484564679029	0.858628291906573	0.96872834087471	0.94179665748115
Xanthomonadales	0.418624266885537	0.730700026021739	0.629934221615638	-0.0269449492381677	0.858628291906573	0.96872834087471	0.94179665748115
