p-variable	p-treatment	p-interaction	slope	adjusted.p-variable	adjusted.p-treatment	adjusted.p-interaction
Acholeplasmatales	0.42126949774395	0.687513151404466	0.685033512587548	-0.138797903657031	0.620758955004415	0.869394937490304	0.864273277084617
Acidaminococcales	0.115730743474904	0.819989776394053	0.814422889872218	-0.687191074172401	0.616956243733741	0.911523518875249	0.909565750838598
Acidiferrobacterales	0.77208826584437	0.549219977542574	0.554763426810731	-0.0457461955410243	0.863348161784228	0.869394937490304	0.864273277084617
Acidilobales	0.181854956404659	0.862682699906063	0.885436023795862	-0.244821534639295	0.616956243733741	0.924579216491251	0.933456174538146
Acidimicrobiales	0.294821466286178	0.396350416222526	0.394935864639099	-0.190986306690684	0.616956243733741	0.869394937490304	0.864273277084617
Acidithiobacillales	0.104441894661917	0.728691401579066	0.725185951926683	-0.262901433664493	0.616956243733741	0.870786224886983	0.871011740028557
Acidobacteriales	0.267842923554184	0.854290658245428	0.848530412095603	-0.169596269232828	0.616956243733741	0.920952542516889	0.916934544677154
Acidothermales	0.617558665527473	0.844182870916179	0.864247387098956	-0.0724644429138238	0.746680224582502	0.920952542516889	0.922121096056475
Actinomycetales	0.458883876737489	0.851303527526692	0.845883551014791	-0.121577339535533	0.620758955004415	0.920952542516889	0.916934544677154
Actinopolysporales	0.939127014692417	0.55832455472088	0.567791460685538	0.0150767929168869	0.962341649974718	0.869394937490304	0.864273277084617
Aeromonadales	0.22813989763719	0.551308241633782	0.547077792654846	-0.172353697566622	0.616956243733741	0.869394937490304	0.864273277084617
Alteromonadales	0.251792608757052	0.464908485386983	0.459489561276354	-0.134664837663215	0.616956243733741	0.869394937490304	0.864273277084617
Anaerolineales	0.253411222570311	0.552505011637408	0.547898180332104	-0.160108306183979	0.616956243733741	0.869394937490304	0.864273277084617
Aquificales	0.371109564715073	0.534203533774372	0.538072838552306	-0.139595187330144	0.616956243733741	0.869394937490304	0.864273277084617
Archaeoglobales	0.718706650778427	0.364355725778761	0.376059485903532	0.0485439357141224	0.821870284861455	0.869394937490304	0.864273277084617
Ardenticatenales	0.424809304342178	0.955800952937236	0.955544397526175	-0.143141534205931	0.620758955004415	0.984639774793101	0.98652964741719
Bacillales	0.277198765123576	0.444764718173674	0.441959373148971	-0.123694548395477	0.616956243733741	0.869394937490304	0.864273277084617
Bacteriovoracales	0.942208979473155	0.628888464837615	0.628119877443315	-0.0120117910852673	0.962341649974718	0.869394937490304	0.864273277084617
Bacteroidales	0.349096147581996	0.437943366916563	0.437102333636501	0.239136621624452	0.616956243733741	0.869394937490304	0.864273277084617
Bacteroidetes Order II. Incertae sedis	0.176308480604231	0.252676600222954	0.249336138213854	-0.221024925409629	0.616956243733741	0.869394937490304	0.864273277084617
Bdellovibrionales	0.209056833546238	0.602565064748566	0.592473478753684	-0.153597375154033	0.616956243733741	0.869394937490304	0.864273277084617
Bifidobacteriales	0.38927847904747	0.519983765281381	0.533839089763058	0.303135921154702	0.616956243733741	0.869394937490304	0.864273277084617
Brachyspirales	0.453536003192161	0.427432552268265	0.428590555036577	-0.128929175592227	0.620758955004415	0.869394937490304	0.864273277084617
Bradymonadales	0.451211018310515	0.271515506223451	0.274297393296064	-0.117565189599767	0.620758955004415	0.869394937490304	0.864273277084617
Bryobacterales	0.350080038448318	0.336617848714571	0.327952121909411	-0.154431356952829	0.616956243733741	0.869394937490304	0.864273277084617
Bunyavirales	0.8712435351888	0.399276971727108	0.401182189535382	0.0318301048578501	0.93301444679904	0.869394937490304	0.864273277084617
Burkholderiales	0.45197674756141	0.991484389124629	0.99304306053336	-0.11512996162686	0.620758955004415	0.995650289919271	0.996979421496857
Caldilineales	0.236809337928926	0.389675675171988	0.392364204026164	-0.208113052551121	0.616956243733741	0.869394937490304	0.864273277084617
Calditrichales	0.586683124307737	0.912745684204273	0.903950272584208	-0.074103196747724	0.726889199594495	0.948461819673136	0.939322239772286
Campylobacterales	0.337171577461948	0.742995614153876	0.752212985403416	-0.162583569451771	0.616956243733741	0.879088870211764	0.885199212177398
Candidatus Brocadiales	0.981617233802355	0.887071258457947	0.858562948399552	-0.00344517463734632	0.985741675961188	0.933964893266296	0.920163877432703
Candidatus Nanopelagicales	0.323267919888011	0.267050344138741	0.264277923951726	-0.147315168087053	0.616956243733741	0.869394937490304	0.864273277084617
Cardiobacteriales	0.21989382245099	0.693641449621497	0.684082342375549	-0.187029399834324	0.616956243733741	0.870786224886983	0.864273277084617
Catenulisporales	0.626105212966301	0.200311298582228	0.200999304928428	-0.0854361879096566	0.750694999726292	0.869394937490304	0.864273277084617
Caulobacterales	0.338677545086462	0.493240858307211	0.488607234857516	-0.152071544429955	0.616956243733741	0.869394937490304	0.864273277084617
Cellvibrionales	0.31028648991622	0.487103404025259	0.485858171309943	-0.139910105287235	0.616956243733741	0.869394937490304	0.864273277084617
Chitinophagales	0.349163420754895	0.533444139831439	0.532020356205736	-0.106792368678968	0.616956243733741	0.869394937490304	0.864273277084617
Chlamydiales	0.926939311626976	0.534898629637602	0.522350610582013	-0.0141337740809388	0.962341649974718	0.869394937490304	0.864273277084617
Chlorobiales	0.192784814971449	0.302351742391542	0.298567280628627	-0.173452977840884	0.616956243733741	0.869394937490304	0.864273277084617
Chloroflexales	0.185054835474122	0.672835018515517	0.662616001715771	-0.198164044575197	0.616956243733741	0.869394937490304	0.864273277084617
Chromatiales	0.309378117826751	0.613542512986573	0.610837494470508	-0.152476777766156	0.616956243733741	0.869394937490304	0.864273277084617
Chroococcales	0.263265541349571	0.48226873270441	0.479434346585003	-0.130458122758158	0.616956243733741	0.869394937490304	0.864273277084617
Chroococcidiopsidales	0.773039776660354	0.417469625915057	0.421212842527885	-0.0528521991444156	0.863348161784228	0.869394937490304	0.864273277084617
Chrysiogenales	0.44895236533728	0.303050373792176	0.311744522817446	-0.120355534237612	0.620758955004415	0.869394937490304	0.864273277084617
Chthonomonadales	0.338780422769361	0.23635173013055	0.232246768875579	-0.172384734912645	0.616956243733741	0.869394937490304	0.864273277084617
Clostridiales	0.264406723412749	0.726442132907321	0.754052087064246	-0.0796574543572594	0.616956243733741	0.870786224886983	0.885199212177398
Coprothermobacterales	0.252852489663395	0.42903371273469	0.433834583956761	-0.272736858366527	0.616956243733741	0.869394937490304	0.864273277084617
Coriobacteriales	0.806896030677109	0.69792838862824	0.705305592908123	-0.0766624411719159	0.890659831717198	0.870786224886983	0.871011740028557
Corynebacteriales	0.427074019418031	0.592546573453982	0.58927728602113	-0.122553831787063	0.620758955004415	0.869394937490304	0.864273277084617
Cytophagales	0.24689516954662	0.277037394174992	0.273606239558077	-0.143642609450136	0.616956243733741	0.869394937490304	0.864273277084617
Deferribacterales	0.505085516067019	0.737818721809186	0.738514394439774	-0.081097835181372	0.657202477396006	0.877306838370127	0.88252470135553
Dehalococcoidales	0.0261975012335773	0.0816908821249011	0.0820671357223093	-0.37777440687916	0.616956243733741	0.869394937490304	0.864273277084617
Deinococcales	0.301200241056492	0.455031793012729	0.453454324043585	-0.174951578422148	0.616956243733741	0.869394937490304	0.864273277084617
Desulfarculales	0.427670787283498	0.426894260195529	0.422982745448172	-0.147644333980808	0.620758955004415	0.869394937490304	0.864273277084617
Desulfobacterales	0.284817899712025	0.6253372891184	0.622503361892985	-0.14527430997709	0.616956243733741	0.869394937490304	0.864273277084617
Desulfovibrionales	0.505963413560105	0.529540403335133	0.545983646509306	0.184343156101882	0.657202477396006	0.869394937490304	0.864273277084617
Desulfurellales	0.142031325931688	0.975487514256585	0.981647162817416	-0.224670987162243	0.616956243733741	0.995295155912257	0.996979421496857
Desulfurobacteriales	0.31572931248466	0.457937596064078	0.452396200341652	-0.146215089006209	0.616956243733741	0.869394937490304	0.864273277084617
Desulfurococcales	0.225014070524141	0.295549886843675	0.303489299928834	-0.163508402185303	0.616956243733741	0.869394937490304	0.864273277084617
Desulfuromonadales	0.288803327456135	0.509199629025542	0.504941266768968	-0.162084586331934	0.616956243733741	0.869394937490304	0.864273277084617
Dictyoglomales	0.44638167878477	0.548231601187058	0.551048225356045	-0.137199659587156	0.620758955004415	0.869394937490304	0.864273277084617
Eggerthellales	0.750925306018038	0.775920822776216	0.773998712770187	0.0901849639259855	0.850574161792944	0.89586993547592	0.893650687691183
Egibacterales	0.228892832708128	0.594000894335091	0.593589058549186	-0.225231466716568	0.616956243733741	0.869394937490304	0.864273277084617
Egicoccales	0.248854140207051	0.0685226064017632	0.0686207184061145	-0.22373981775731	0.616956243733741	0.869394937490304	0.864273277084617
Elusimicrobiales	0.63259002810791	0.67911571334543	0.667942464882064	-0.073654852325271	0.752184162775077	0.869394937490304	0.864273277084617
Emcibacterales	0.178203650237477	0.687223020523201	0.687439645088014	-0.205861672902441	0.616956243733741	0.869394937490304	0.864273277084617
Endomicrobiales	0.152313791916674	0.138611743311774	0.141622526215659	-0.244385823802097	0.616956243733741	0.869394937490304	0.864273277084617
Enterobacterales	0.439516351347217	0.706923817623158	0.67509894914749	-0.144992807151653	0.620758955004415	0.870786224886983	0.864273277084617
Entomoplasmatales	0.658135142965073	0.355099696155276	0.360061569663688	-0.0868082666347142	0.771050486120845	0.869394937490304	0.864273277084617
Erysipelotrichales	0.29711420880883	0.460886019890928	0.465415534082366	-0.210499959346449	0.616956243733741	0.869394937490304	0.864273277084617
Eurotiales	0.295300328946599	0.361335557889938	0.364218337212538	-0.139156511108042	0.616956243733741	0.869394937490304	0.864273277084617
Euzebyales	0.174751205985296	0.302876051178183	0.303373829298099	-0.272815597957908	0.616956243733741	0.869394937490304	0.864273277084617
Fibrobacterales	0.144610931534494	0.432781921030847	0.428723273928052	-0.27331853300018	0.616956243733741	0.869394937490304	0.864273277084617
Fimbriimonadales	0.429173246669197	0.425169092603551	0.434276721287646	-0.113707007516645	0.620758955004415	0.869394937490304	0.864273277084617
Flavobacteriales	0.21139995900272	0.286325018060698	0.284179717590724	-0.147249964234091	0.616956243733741	0.869394937490304	0.864273277084617
Frankiales	0.48619771269218	0.549886726674997	0.549672767208565	-0.112733065222893	0.645562518519061	0.869394937490304	0.864273277084617
Fusobacteriales	0.644548660928852	0.577647787647629	0.581040280659345	-0.0720143348297024	0.758852856955643	0.869394937490304	0.864273277084617
Gemmatales	0.315165213949078	0.347951480972816	0.350758003419869	-0.166208768370577	0.616956243733741	0.869394937490304	0.864273277084617
Gemmatimonadales	0.381932199830887	0.564034836185099	0.560114292279867	-0.149503430894796	0.616956243733741	0.869394937490304	0.864273277084617
Geodermatophilales	0.308963588396622	0.344671042070603	0.341558848277183	-0.182526767363301	0.616956243733741	0.869394937490304	0.864273277084617
Gloeobacterales	0.215325412200518	0.412163992927231	0.409091050465924	-0.2240406587096	0.616956243733741	0.869394937490304	0.864273277084617
Gloeoemargaritales	0.0471518261577263	0.506431334557102	0.499229373468652	-0.315915048913535	0.616956243733741	0.869394937490304	0.864273277084617
Glomerellales	0.933171696646637	0.960981322043769	0.957635473643464	-0.0120576560702933	0.962341649974718	0.985727622182235	0.98652964741719
Glycomycetales	0.126217215490499	0.331532135732551	0.330217990854563	-0.30418515776389	0.616956243733741	0.869394937490304	0.864273277084617
Halanaerobiales	0.81520426567871	0.753279723934489	0.755567528385729	-0.0325312062155115	0.893733116959686	0.882518892256582	0.885199212177398
Halobacteriales	0.344298505668943	0.46809339509317	0.465794832955956	-0.164309007448221	0.616956243733741	0.869394937490304	0.864273277084617
Haloferacales	0.71764716247455	0.796680044541972	0.794796393961818	-0.0574975842399205	0.821870284861455	0.903197973590185	0.899042073826592
Helotiales	0.279963276323274	0.459081841504114	0.45774099812446	-0.157578619409433	0.616956243733741	0.869394937490304	0.864273277084617
Holosporales	0.316017626642313	0.797003472956055	0.788891022736375	-0.167981064635743	0.616956243733741	0.903197973590185	0.899042073826592
Hydrogenophilales	0.957174941437862	0.165907327852795	0.173972127809309	0.0100406374852395	0.969555281525339	0.869394937490304	0.864273277084617
Hypocreales	0.158678420001974	0.394450160356489	0.387143664852808	-0.165209988130631	0.616956243733741	0.869394937490304	0.864273277084617
Ignavibacteriales	0.939245063542491	0.561227937408209	0.562133606586582	0.0120103349088797	0.962341649974718	0.869394937490304	0.864273277084617
Immundisolibacterales	0.919817591183031	0.884284527432294	0.886160977736173	-0.0184404783027009	0.959984298221592	0.933964893266296	0.933456174538146
Isosphaerales	0.591818918327627	0.478615850181194	0.482226029531635	-0.0940903720066132	0.72801859777925	0.869394937490304	0.864273277084617
Jiangellales	0.795413180929582	0.686776049227545	0.690695380431639	-0.0496427631694958	0.884203489498466	0.869394937490304	0.864273277084617
Kineosporiales	0.537436975947443	0.728325697046562	0.724598146168301	-0.136849249100965	0.686884691184165	0.870786224886983	0.871011740028557
Kiritimatiellales	0.607444413542145	0.705042343831308	0.709805132906375	-0.10405738121091	0.740710279778432	0.870786224886983	0.871011740028557
Kosmotogales	0.37282950409174	0.673587254285066	0.673631379993642	-0.114273026741883	0.616956243733741	0.869394937490304	0.864273277084617
Ktedonobacterales	0.0779865866852431	0.562163320163433	0.553706496790257	-0.305240940611451	0.616956243733741	0.869394937490304	0.864273277084617
Lactobacillales	0.913879559329306	0.978995712000629	0.989725773547201	-0.0234440788948807	0.957970239823264	0.995295155912257	0.996979421496857
Legionellales	0.179758946982987	0.240606147292376	0.23646471670364	-0.154960552024563	0.616956243733741	0.869394937490304	0.864273277084617
Leptospirales	0.140837746417652	0.295778039721755	0.289825107662506	-0.192379239551081	0.616956243733741	0.869394937490304	0.864273277084617
Limnochordales	0.0533160282107552	0.276166359158555	0.273320792951812	-0.344253177781615	0.616956243733741	0.869394937490304	0.864273277084617
Magnaporthales	0.243840309998023	0.396925751063824	0.392548792360372	-0.137354399409264	0.616956243733741	0.869394937490304	0.864273277084617
Magnetococcales	0.414264234530205	0.170319680294565	0.171612122021673	-0.138931580432684	0.620758955004415	0.869394937490304	0.864273277084617
Malasseziales	0.273144855113792	0.352180251356026	0.352956630639333	-0.213852257966468	0.616956243733741	0.869394937490304	0.864273277084617
Marinilabiliales	0.13130380985853	0.240419528993136	0.24077861681201	-0.207427936206178	0.616956243733741	0.869394937490304	0.864273277084617
Mariprofundales	0.593990069317798	0.638189164093677	0.646618305555354	-0.0800511337632752	0.72801859777925	0.869394937490304	0.864273277084617
Mesoaciditogales	0.228492039167415	0.801163056071629	0.794905233763752	-0.221731839609719	0.616956243733741	0.903197973590185	0.899042073826592
Methanobacteriales	0.0267068244398231	0.215578391821699	0.216742173714779	-0.957309920307205	0.616956243733741	0.869394937490304	0.864273277084617
Methanocellales	0.457265825498561	0.380828866621496	0.376224841665496	-0.126315870990208	0.620758955004415	0.869394937490304	0.864273277084617
Methanococcales	0.532658239222872	0.391879493476403	0.391981404057615	-0.0983445612149197	0.684437199861648	0.869394937490304	0.864273277084617
Methanomassiliicoccales	0.159122264797017	0.537757768402003	0.531354169441123	-0.208267705656297	0.616956243733741	0.869394937490304	0.864273277084617
Methanomicrobiales	0.337157577292241	0.253155390802076	0.250684645135976	-0.125740292455914	0.616956243733741	0.869394937490304	0.864273277084617
Methanopyrales	0.272925721081969	0.815388998704088	0.819824320269691	-0.223352946182359	0.616956243733741	0.910644722851762	0.911339593230029
Methanosarcinales	0.318111797160842	0.454368262352944	0.449710738941818	-0.115027650552117	0.616956243733741	0.869394937490304	0.864273277084617
Methylacidiphilales	0.755581245286192	0.446237151429407	0.443613887847636	-0.0503132199461926	0.851810932185849	0.869394937490304	0.864273277084617
Methylococcales	0.169182025915341	0.510223399203455	0.507830710660099	-0.17381070954426	0.616956243733741	0.869394937490304	0.864273277084617
Micrococcales	0.162387595918995	0.384464682025579	0.385925409305735	-0.212355958781234	0.616956243733741	0.869394937490304	0.864273277084617
Micromonosporales	0.362746886333322	0.499709778697005	0.497982216204223	-0.158943554609386	0.616956243733741	0.869394937490304	0.864273277084617
Mycoplasmatales	0.338475784589339	0.343805910130551	0.348594264386999	-0.153908732619479	0.616956243733741	0.869394937490304	0.864273277084617
Mycosphaerellales	0.155998926319553	0.346374172224547	0.345247116656777	-0.201781482114481	0.616956243733741	0.869394937490304	0.864273277084617
Myxococcales	0.389792438509602	0.374354195312909	0.373902380327799	-0.143896967203963	0.616956243733741	0.869394937490304	0.864273277084617
Nakamurellales	0.222788356676161	0.540055957763316	0.535457255572073	-0.213897140308973	0.616956243733741	0.869394937490304	0.864273277084617
Natranaerobiales	0.413518060373445	0.657302646889946	0.649973000034746	0.132673285963037	0.620758955004415	0.869394937490304	0.864273277084617
Natrialbales	0.557709772434265	0.666290441848089	0.664174434971696	-0.0866974955083574	0.702890153088121	0.869394937490304	0.864273277084617
Nautiliales	0.309764132591739	0.53082377359214	0.534443315256414	-0.179768125590438	0.616956243733741	0.869394937490304	0.864273277084617
Neisseriales	0.385581325075422	0.747006367969085	0.743067047041491	-0.125167635272727	0.616956243733741	0.879480403668036	0.883547384293116
Nevskiales	0.137583482774763	0.175154701243103	0.173280217147925	-0.230082764872842	0.616956243733741	0.869394937490304	0.864273277084617
Nitrosomonadales	0.305475758083175	0.626953517187298	0.624762862688372	-0.136941435552319	0.616956243733741	0.869394937490304	0.864273277084617
Nitrosopumilales	0.423448323099024	0.829857197254029	0.837925145129269	-0.156628371058478	0.620758955004415	0.913990184994069	0.916934544677154
Nitrososphaerales	0.636111825737926	0.458609064841533	0.459567916010585	-0.0743644416198562	0.752627358175071	0.869394937490304	0.864273277084617
Nitrospirales	0.280965868152226	0.136274805955952	0.135236009298727	-0.143481593772798	0.616956243733741	0.869394937490304	0.864273277084617
Nostocales	0.172739115889252	0.400009584351998	0.395354556604677	-0.152110007613859	0.616956243733741	0.869394937490304	0.864273277084617
Oceanospirillales	0.274021972139965	0.634089591355838	0.627993001763223	-0.147486338470297	0.616956243733741	0.869394937490304	0.864273277084617
Opitutales	0.577828282617761	0.898260418515155	0.90180290670857	-0.0880145876356751	0.723041673013848	0.941597543969833	0.939322239772286
Orbales	0.348439204853351	0.471269363025004	0.460481932354094	-0.147368788125313	0.616956243733741	0.869394937490304	0.864273277084617
Oscillatoriales	0.321717859551984	0.335860080900573	0.336544612283226	-0.115794595947443	0.616956243733741	0.869394937490304	0.864273277084617
Parachlamydiales	0.122370322387002	0.600499295238476	0.600160302185162	-0.213297463749164	0.616956243733741	0.869394937490304	0.864273277084617
Parvularculales	0.110816823864126	0.221346322463918	0.228463462083381	-0.305933659474793	0.616956243733741	0.869394937490304	0.864273277084617
Pasteurellales	0.0324778709031087	0.510470847683841	0.50160380530118	-0.312696739154333	0.616956243733741	0.869394937490304	0.864273277084617
Pelagibacterales	0.451137517406485	0.496246535780047	0.496313195712367	-0.161306226231169	0.620758955004415	0.869394937490304	0.864273277084617
Petrotogales	0.0575399606666082	0.109982145456741	0.10812566572074	-0.354225488307868	0.616956243733741	0.869394937490304	0.864273277084617
Phycisphaerales	0.887137265607368	0.372009618879299	0.38051475812645	0.0310531100501898	0.938167285310447	0.869394937490304	0.864273277084617
Pirellulales	0.325054189820536	0.370094160098294	0.368419311416274	-0.128017726215404	0.616956243733741	0.869394937490304	0.864273277084617
Planctomycetales	0.344976851793317	0.517599135629035	0.514258574145763	-0.133503207473759	0.616956243733741	0.869394937490304	0.864273277084617
Pleurocapsales	0.111269956958654	0.486862855296288	0.469346240869831	-0.257669070915487	0.616956243733741	0.869394937490304	0.864273277084617
Propionibacteriales	0.628196652490621	0.202128706003277	0.200077825772694	-0.0754141229259837	0.750694999726292	0.869394937490304	0.864273277084617
Pseudomonadales	0.29968417217138	0.479703491961189	0.474805349774601	-0.150184229626251	0.616956243733741	0.869394937490304	0.864273277084617
Pseudonocardiales	0.350849176853803	0.587102882483474	0.584598643944995	-0.156105288669967	0.616956243733741	0.869394937490304	0.864273277084617
Puniceicoccales	0.958043429586819	0.572479623057643	0.570781965717005	-0.0109085539999185	0.969555281525339	0.869394937490304	0.864273277084617
Rhizobiales	0.376077963172603	0.582166725559322	0.580684971028168	-0.130339981884102	0.616956243733741	0.869394937490304	0.864273277084617
Rhodobacterales	0.36307218754612	0.728480829375497	0.725235716592815	-0.138761631548891	0.616956243733741	0.870786224886983	0.871011740028557
Rhodocyclales	0.442655691900162	0.526640067631606	0.527861565525116	-0.117179919421212	0.620758955004415	0.869394937490304	0.864273277084617
Rhodospirillales	0.388065507258965	0.616596697363595	0.611849070687305	-0.129129619709261	0.616956243733741	0.869394937490304	0.864273277084617
Rickettsiales	0.512497853412171	0.444216553471151	0.446237207192602	-0.0997389022242895	0.662091821435183	0.869394937490304	0.864273277084617
Rubrobacterales	0.408573917563633	0.269208557526153	0.270552771788014	-0.141098850906913	0.620758955004415	0.869394937490304	0.864273277084617
Saccharomycetales	0.186323862644927	0.71750884030369	0.701904971477523	-0.188173151955031	0.616956243733741	0.870786224886983	0.871011740028557
Salinisphaerales	0.131531504844266	0.796103237981911	0.810853287581925	-0.306287313207655	0.616956243733741	0.903197973590185	0.909565750838598
Saprospirales	0.0111452969283152	0.214410126303777	0.207941670986906	-0.364993217370134	0.616956243733741	0.869394937490304	0.864273277084617
Schizosaccharomycetales	0.289831390167476	0.420827791296793	0.422551438123211	-0.184289038263189	0.616956243733741	0.869394937490304	0.864273277084617
Sedimentisphaerales	0.246370217607067	0.352473363664949	0.35188940243184	-0.155075860713839	0.616956243733741	0.869394937490304	0.864273277084617
Selenomonadales	0.248011840945803	0.541935454472603	0.530908586834211	-0.219599574335368	0.616956243733741	0.869394937490304	0.864273277084617
Silvanigrellales	0.344361212055095	0.204236702073103	0.207306680898481	-0.148701626731486	0.616956243733741	0.869394937490304	0.864273277084617
Solirubrobacterales	0.497975854412319	0.772544972381846	0.769395263628273	-0.131230578278609	0.657202477396006	0.89586993547592	0.893650687691183
Sordariales	0.219836498748769	0.454774795810538	0.453582841858281	-0.162366375351546	0.616956243733741	0.869394937490304	0.864273277084617
Sphaerobacterales	0.827202305038364	0.720276359011002	0.724017534050253	-0.0397713904505245	0.902745894539585	0.870786224886983	0.871011740028557
Sphingobacteriales	0.149675909024071	0.363470937123923	0.358541338175271	-0.149038990205075	0.616956243733741	0.869394937490304	0.864273277084617
Sphingomonadales	0.462483420315745	0.628875811311542	0.626617203510223	-0.111938910668199	0.620974929525073	0.869394937490304	0.864273277084617
Spirochaetales	0.22610563144502	0.435548113455714	0.436120055477422	-0.145569609482792	0.616956243733741	0.869394937490304	0.864273277084617
Sporichthyales	0.0162750841232373	0.0988603240542233	0.0969481363625174	-0.441846784957028	0.616956243733741	0.869394937490304	0.864273277084617
Streptomycetales	0.420584714290167	0.49489325930986	0.493361204238804	-0.133585885898901	0.620758955004415	0.869394937490304	0.864273277084617
Streptosporangiales	0.415035088680844	0.775442045701839	0.773657150226081	-0.135622085331685	0.620758955004415	0.89586993547592	0.893650687691183
Sulfolobales	0.893069520464586	0.51708988693985	0.51112949756066	-0.017607745849393	0.940280244013375	0.869394937490304	0.864273277084617
Synechococcales	0.279644648319907	0.319146669147024	0.314698831399326	-0.151348336914519	0.616956243733741	0.869394937490304	0.864273277084617
Synergistales	0.0824335581944627	0.50222576732523	0.509493684232704	-0.333521116697117	0.616956243733741	0.869394937490304	0.864273277084617
Syntrophobacterales	0.0724155276447997	0.550498056287846	0.548458812224734	-0.264922371262197	0.616956243733741	0.869394937490304	0.864273277084617
Tepidiformales	0.211632453418171	0.634146141878448	0.618234499191843	-0.223206920298102	0.616956243733741	0.869394937490304	0.864273277084617
Thermales	0.282038938243778	0.428823952636217	0.429206436971162	-0.162935701799507	0.616956243733741	0.869394937490304	0.864273277084617
Thermoanaerobacterales	0.284842570914995	0.367734464715205	0.366026640178933	-0.130672329908722	0.616956243733741	0.869394937490304	0.864273277084617
Thermococcales	0.280017878581417	0.607207004450202	0.608091987834488	-0.133915575176061	0.616956243733741	0.869394937490304	0.864273277084617
Thermodesulfobacteriales	0.122366675173561	0.242704215348474	0.245300853332132	-0.202455921193246	0.616956243733741	0.869394937490304	0.864273277084617
Thermomicrobiales	0.191283825397499	0.0749622403267222	0.0769508882991903	-0.251783894817639	0.616956243733741	0.869394937490304	0.864273277084617
Thermoplasmatales	0.21595183913686	0.217631391334739	0.218764935243698	-0.207732442718209	0.616956243733741	0.869394937490304	0.864273277084617
Thermoproteales	0.0989760589362324	0.171582800344338	0.172564654902829	-0.246728620757466	0.616956243733741	0.869394937490304	0.864273277084617
Thermotogales	0.0986028725472189	0.372701057426583	0.374023999749484	-0.221702387043145	0.616956243733741	0.869394937490304	0.864273277084617
Thiotrichales	0.255494676369491	0.557634065568705	0.554749732130783	-0.138095795434372	0.616956243733741	0.869394937490304	0.864273277084617
Tissierellales	0.433063263718256	0.998447148396338	0.996979421496857	-0.100306119793941	0.620758955004415	0.998447148396338	0.996979421496857
Tremellales	0.387468837734946	0.673691020414272	0.670297692191576	-0.128127344659956	0.616956243733741	0.869394937490304	0.864273277084617
Unclassified Acidobacteria Phylum	0.0616284430448493	0.951467843409796	0.974161617167522	-0.485622801459336	0.616956243733741	0.984419110714032	0.996979421496857
Unclassified Actinobacteria Class	0.432502941239881	0.464383508597882	0.463381977761454	-0.12187640534545	0.620758955004415	0.869394937490304	0.864273277084617
Unclassified Actinobacteria Phylum	0.838009889493636	0.855445457902717	0.851713259072503	0.0377865492839816	0.904347317546466	0.920952542516889	0.916934544677154
Unclassified Alphaproteobacteria Class	0.586985839003086	0.669064112077644	0.670564898316501	-0.0856543819911966	0.726889199594495	0.869394937490304	0.864273277084617
Unclassified Armatimonadetes Phylum	0.885948437416475	0.905302436216756	0.898265134911107	0.0211880552236323	0.938167285310447	0.944835293693471	0.939322239772286
Unclassified Ascomycota Phylum	0.266937213818953	0.87281838889843	0.84261809340581	-0.243036558423758	0.616956243733741	0.931266048869308	0.916934544677154
Unclassified Bacilli Class	0.437128730487857	0.585200997560784	0.591397880753457	-0.102212255057709	0.620758955004415	0.869394937490304	0.864273277084617
Unclassified Bacteroidetes Phylum	0.98717215174488	0.581549336921124	0.585790013431061	-0.00306333491141902	0.98717215174488	0.869394937490304	0.864273277084617
Unclassified Bacteroidia Class	0.840021357720985	0.985638788367803	0.984595360208967	-0.0529798754180652	0.904347317546466	0.995295155912257	0.996979421496857
Unclassified Balneolaeota Phylum	0.274940198321492	0.541786862996024	0.539279832060988	-0.168809649757871	0.616956243733741	0.869394937490304	0.864273277084617
Unclassified Betaproteobacteria Class	0.558782966890138	0.799487691971326	0.797476651260408	-0.0941372990495357	0.702890153088121	0.903197973590185	0.899042073826592
Unclassified Blastocatellia Class	0.502342560198747	0.201306237596104	0.207297480063655	-0.118684574417235	0.657202477396006	0.869394937490304	0.864273277084617
Unclassified Candidatus Bipolaricaulota Phylum	0.224868636502373	0.0345704722539159	0.0357949364345662	-0.211411904802221	0.616956243733741	0.869394937490304	0.864273277084617
Unclassified Candidatus Cloacimonetes Phylum	0.363999946606227	0.40892452481339	0.412361267842985	-0.177659650500936	0.616956243733741	0.869394937490304	0.864273277084617
Unclassified Candidatus Gracilibacteria Phylum	0.808674407877122	0.727797964323035	0.719989659905917	0.0582388546242419	0.890659831717198	0.870786224886983	0.871011740028557
Unclassified Candidatus Saccharibacteria Phylum	0.717272217139061	0.387671970667445	0.386928043889948	-0.0622551952229211	0.821870284861455	0.869394937490304	0.864273277084617
Unclassified Clostridia Class	0.27846932029725	0.299476622871334	0.29856341686303	-0.142643341193101	0.616956243733741	0.869394937490304	0.864273277084617
Unclassified Coriobacteriia Class	0.665036912450862	0.680694938810001	0.684617337021369	-0.1025506042358	0.775335717442712	0.869394937490304	0.864273277084617
Unclassified Cyanobacteria Phylum	0.0461653644745822	0.189282081628049	0.191678883642881	-0.269025859190397	0.616956243733741	0.869394937490304	0.864273277084617
Unclassified Dehalococcoidia Class	0.351882484765392	0.172351736838508	0.172428555189977	-0.154422183840027	0.616956243733741	0.869394937490304	0.864273277084617
Unclassified Deinococci Class	0.961441848207136	0.837953848740103	0.823987858539854	0.0110170219873569	0.969555281525339	0.918674173618737	0.911727306439931
Unclassified Deltaproteobacteria Class	0.357093396961397	0.303440499347724	0.308555426596768	-0.15901354304983	0.616956243733741	0.869394937490304	0.864273277084617
Unclassified Elusimicrobia Phylum	0.874457054740522	0.597846735366112	0.592289123574771	-0.0275746413746403	0.93301444679904	0.869394937490304	0.864273277084617
Unclassified Epsilonproteobacteria Class	0.139297282663945	0.174601085498025	0.17740702143154	-0.188864823258637	0.616956243733741	0.869394937490304	0.864273277084617
Unclassified Euryarchaeota Phylum	0.308450302798698	0.986966326155669	0.984680131861211	-0.188970131238551	0.616956243733741	0.995295155912257	0.996979421496857
Unclassified Firmicutes Phylum	0.14801194499138	0.393773933652789	0.392691955713932	-0.160651576192668	0.616956243733741	0.869394937490304	0.864273277084617
Unclassified Gammaproteobacteria Class	0.266076472088144	0.683659447936337	0.679970190888932	-0.133985645926866	0.616956243733741	0.869394937490304	0.864273277084617
Unclassified Halobacteria Class	0.260382951393374	0.289385992890994	0.295003959617195	-0.196144651534363	0.616956243733741	0.869394937490304	0.864273277084617
Unclassified Kiritimatiellaeota Phylum	0.386058312134918	0.630235428222302	0.629831357346415	-0.123637579919795	0.616956243733741	0.869394937490304	0.864273277084617
Unclassified Microsporidia Phylum	0.459725251195738	0.477459967769431	0.489590344438174	-0.123927394042579	0.620758955004415	0.869394937490304	0.864273277084617
Unclassified Mollicutes Class	0.707043116503781	0.648965134901934	0.653585729758946	0.0903290982895847	0.820307305069921	0.869394937490304	0.864273277084617
Unclassified Negativicutes Class	0.0849284553489081	0.529032768695526	0.531134111927851	-0.279476633164725	0.616956243733741	0.869394937490304	0.864273277084617
Unclassified Phycisphaerae Class	0.0899962700101579	0.320909548906192	0.315076210980528	-0.28114870745777	0.616956243733741	0.869394937490304	0.864273277084617
Unclassified Planctomycetes Phylum	0.326435181316423	0.666503756244966	0.661954293353124	-0.137792482997882	0.616956243733741	0.869394937490304	0.864273277084617
Unclassified Planctomycetia Class	0.373922006515045	0.825111027659551	0.838432715461677	-0.173382580547858	0.616956243733741	0.912970072271447	0.916934544677154
Unclassified Proteobacteria Phylum	0.27397870089099	0.644643607018815	0.6437682704911	-0.160633224680517	0.616956243733741	0.869394937490304	0.864273277084617
Unclassified Sordariomycetes Class	0.746531650070532	0.172600325196801	0.17733770489291	-0.0977061872740182	0.849624116032653	0.869394937490304	0.864273277084617
Unclassified Tenericutes Phylum	0.618588637938642	0.16197649436795	0.16647835846122	-0.088560961277425	0.746680224582502	0.869394937490304	0.864273277084617
Unclassified Thaumarchaeota Phylum	0.199553479897866	0.430857368933872	0.43054169090647	-0.218830485260872	0.616956243733741	0.869394937490304	0.864273277084617
Unclassified Thermoplasmata Class	0.176095883092293	0.659666495309051	0.68332781772122	-0.255171783424352	0.616956243733741	0.869394937490304	0.864273277084617
Unclassified Tissierellia Class	0.301551081001654	0.35646401926789	0.364294071700083	-0.178789481362936	0.616956243733741	0.869394937490304	0.864273277084617
Unclassified Verrucomicrobia Phylum	0.458323827008228	0.318156100721743	0.325152268795949	-0.1160939866934	0.620758955004415	0.869394937490304	0.864273277084617
Unclassified Vicinamibacteria Class	0.557066613872086	0.805080242883034	0.795781651717889	-0.102489962580893	0.702890153088121	0.903352948587067	0.899042073826592
Unclassified candidate division Zixibacteria Phylum	0.372236706678528	0.88437008127943	0.886588082092716	-0.149574954331589	0.616956243733741	0.933964893266296	0.933456174538146
Ustilaginales	0.235077670216524	0.533817551577093	0.532622636825484	-0.181231065130766	0.616956243733741	0.869394937490304	0.864273277084617
Veillonellales	0.0956695976210077	0.0570982244280699	0.0623818114131695	-0.326472007926658	0.616956243733741	0.869394937490304	0.864273277084617
Verrucomicrobiales	0.831927371348939	0.490531542209987	0.49344004488075	-0.103772409219966	0.903775644329075	0.869394937490304	0.864273277084617
Vibrionales	0.23811486954481	0.563448535361962	0.558869358584618	-0.133403206888876	0.616956243733741	0.869394937490304	0.864273277084617
Victivallales	0.468499957624755	0.211144822925338	0.207232382480685	-0.194601599386955	0.625539049566013	0.869394937490304	0.864273277084617
Xanthomonadales	0.379169048341832	0.629874330446956	0.627597690228195	-0.139915978112991	0.616956243733741	0.869394937490304	0.864273277084617
