p-variable	p-treatment	p-interaction	slope	adjusted.p-variable	adjusted.p-treatment	adjusted.p-interaction
Acholeplasmatales	0.602463215652345	0.687513152568392	0.685033513683769	-0.0862596677918778	0.957596019650317	0.869394938962146	0.864273277052459
Acidaminococcales	0.163020294457364	0.81998977640718	0.81442288991495	-0.629785257313949	0.957596019650317	0.911523518889842	0.909565750886323
Acidiferrobacterales	0.919346812542654	0.549219977620347	0.554763426889828	0.0161093324767857	0.997693303500233	0.869394938962146	0.864273277052459
Acidilobales	0.167459632055518	0.862682679109789	0.885436003328407	-0.260576281418754	0.957596019650317	0.924579194202868	0.933456174538127
Acidimicrobiales	0.618280268051953	0.396350416396559	0.394935864812859	-0.0914519778995108	0.957596019650317	0.869394938962146	0.864273277052459
Acidithiobacillales	0.164610432612421	0.72869140156486	0.72518595191268	-0.227671027386695	0.957596019650317	0.870786224870008	0.871011740906278
Acidobacteriales	0.331076893366226	0.85429065822804	0.848530412078325	-0.151442865646734	0.957596019650317	0.920952542449337	0.91693454460901
Acidothermales	0.533264434048921	0.844182870682979	0.864247386870727	-0.0897763640764114	0.957596019650317	0.920952542449337	0.922121095812963
Actinomycetales	0.37179320168222	0.851303526282998	0.845883549776077	-0.144371589116638	0.957596019650317	0.920952542449337	0.91693454460901
Actinopolysporales	0.631229287745411	0.558324554922018	0.567791460893043	0.0941675957755644	0.957596019650317	0.869394938962146	0.864273277052459
Aeromonadales	0.424543411624779	0.551308241972348	0.547077792988289	-0.111690929099397	0.957596019650317	0.869394938962146	0.864273277052459
Alteromonadales	0.52064683329554	0.46490848638168	0.459489562227138	-0.0741280540816427	0.957596019650317	0.869394938962146	0.864273277052459
Anaerolineales	0.459268745959926	0.552505012148966	0.547898180836433	-0.102666188841268	0.957596019650317	0.869394938962146	0.864273277052459
Aquificales	0.651684804348176	0.534203533892213	0.53807283866919	-0.0674981407971042	0.957596019650317	0.869394938962146	0.864273277052459
Archaeoglobales	0.371648768250072	0.364355730095574	0.376059490102274	0.123744482329332	0.957596019650317	0.869394938962146	0.864273277052459
Ardenticatenales	0.457972560989194	0.955800936876039	0.955544381353771	-0.137224690562438	0.957596019650317	0.984639758247299	0.986529649298675
Bacillales	0.57062865284749	0.444764718268505	0.441959373240349	-0.063830013052883	0.957596019650317	0.869394938962146	0.864273277052459
Bacteriovoracales	0.776484949795413	0.628888464986029	0.628119877586634	0.0461310628078452	0.957596019650317	0.869394938962146	0.864273277052459
Bacteroidales	0.757850275694656	0.43794336691447	0.437102333634603	0.0692598423168926	0.957596019650317	0.869394938962146	0.864273277052459
Bacteroidetes Order II. Incertae sedis	0.566556281641466	0.252676600250896	0.249336138240344	-0.0920440196137478	0.957596019650317	0.869394938962146	0.864273277052459
Bdellovibrionales	0.368738983158955	0.602565065410107	0.592473479395057	-0.107277565015247	0.957596019650317	0.869394938962146	0.864273277052459
Bifidobacteriales	0.66080686898437	0.519983765181234	0.533839089668504	0.153324203578179	0.957596019650317	0.869394938962146	0.864273277052459
Brachyspirales	0.889277279385907	0.427432552319044	0.428590555082418	-0.0225493985271955	0.993164812024447	0.869394938962146	0.864273277052459
Bradymonadales	0.957110408310387	0.271515506306873	0.27429739337508	-0.00849786378927453	0.999237503118318	0.869394938962146	0.864273277052459
Bryobacterales	0.741143885385925	0.336617853532355	0.327952126314417	-0.0556543887658389	0.957596019650317	0.869394938962146	0.864273277052459
Bunyavirales	0.588971292172529	0.399276971805036	0.40118218961232	-0.0997919113314032	0.957596019650317	0.869394938962146	0.864273277052459
Burkholderiales	0.460161777181888	0.991484390989648	0.993043062404043	-0.114261262086797	0.957596019650317	0.995650291792125	0.996979423975564
Caldilineales	0.530425555850293	0.389675675113816	0.39236420396823	-0.110598094193598	0.957596019650317	0.869394938962146	0.864273277052459
Calditrichales	0.641721378949498	0.912745684551973	0.903950272929305	-0.0623902037854011	0.957596019650317	0.948461820034441	0.939322240130886
Campylobacterales	0.239025195879422	0.742995614050558	0.752212985302264	-0.199309408612439	0.957596019650317	0.879088870089521	0.88519921238206
Candidatus Brocadiales	0.886036759684656	0.887071258458139	0.858562948399757	-0.0214720334810256	0.993164812024447	0.933964893266498	0.920163877432923
Candidatus Nanopelagicales	0.90048340894583	0.267050344134665	0.264277923950818	-0.0175308707936864	0.997693303500233	0.869394938962146	0.864273277052459
Cardiobacteriales	0.335397846745173	0.69364144915321	0.684082341917906	-0.141401100762072	0.957596019650317	0.870786224870008	0.864273277052459
Catenulisporales	0.734900773697029	0.200311298377966	0.200999304722814	0.0602522300293023	0.957596019650317	0.869394938962146	0.864273277052459
Caulobacterales	0.610979237509828	0.493240858627605	0.488607235174054	-0.0815673522676932	0.957596019650317	0.869394938962146	0.864273277052459
Cellvibrionales	0.573297782249425	0.487103403643844	0.485858170934714	-0.0782631923001245	0.957596019650317	0.869394938962146	0.864273277052459
Chitinophagales	0.616634098946882	0.533444139986505	0.532020356359087	-0.0557242770431665	0.957596019650317	0.869394938962146	0.864273277052459
Chlamydiales	0.540238239194012	0.534898629544772	0.522350610488416	-0.0903205959150012	0.957596019650317	0.869394938962146	0.864273277052459
Chlorobiales	0.553904122533031	0.302351742187922	0.298567280430849	-0.0771650986317055	0.957596019650317	0.869394938962146	0.864273277052459
Chloroflexales	0.298547462524877	0.672835018279067	0.662616001485489	-0.154134818419041	0.957596019650317	0.869394938962146	0.864273277052459
Chromatiales	0.496699741939368	0.613542513000415	0.610837494484267	-0.102045851283767	0.957596019650317	0.869394938962146	0.864273277052459
Chroococcales	0.522744854911922	0.482268732812293	0.479434346674916	-0.0733992234135459	0.957596019650317	0.869394938962146	0.864273277052459
Chroococcidiopsidales	0.823437596013103	0.41746963124172	0.421212847924172	0.041586209984777	0.960007733888447	0.869394938962146	0.864273277052459
Chrysiogenales	0.94077777678376	0.303050373833386	0.311744522860768	-0.0117874129421828	0.999237503118318	0.869394938962146	0.864273277052459
Chthonomonadales	0.84642466015165	0.236351731665015	0.232246770304039	-0.0352597969536418	0.977842939391602	0.869394938962146	0.864273277052459
Clostridiales	0.152758693017094	0.726442032646914	0.754051984057481	-0.0970268941726246	0.957596019650317	0.870786224870008	0.88519921238206
Coprothermobacterales	0.106332117073835	0.429033711165815	0.433834582373546	-0.394156524124294	0.957596019650317	0.869394938962146	0.864273277052459
Coriobacteriales	0.664128518683656	0.697928388628208	0.70530559290809	-0.142357777141005	0.957596019650317	0.870786224870008	0.871011740906278
Corynebacteriales	0.656576054715868	0.592546573159557	0.589277285727191	-0.0694699647790637	0.957596019650317	0.869394938962146	0.864273277052459
Cytophagales	0.683548071749356	0.277037394217051	0.273606239597794	-0.0497463825160195	0.957596019650317	0.869394938962146	0.864273277052459
Deferribacterales	0.663493882857675	0.737818722203883	0.738514394824049	-0.0516027705569198	0.957596019650317	0.877306838839443	0.882524701814739
Dehalococcoidales	0.292977578750991	0.0816908820923	0.0820671356893997	-0.16908488277113	0.957596019650317	0.869394938962146	0.864273277052459
Deinococcales	0.577791391200849	0.455031793577269	0.453454324612026	-0.0953818054092938	0.957596019650317	0.869394938962146	0.864273277052459
Desulfarculales	0.758009019482034	0.426894260193719	0.42298274544653	-0.0588763556098704	0.957596019650317	0.869394938962146	0.864273277052459
Desulfobacterales	0.456774203888675	0.625337290103667	0.622503362867475	-0.101159061046518	0.957596019650317	0.869394938962146	0.864273277052459
Desulfovibrionales	0.256606130849344	0.529540403140421	0.545983646309067	0.307896510675142	0.957596019650317	0.869394938962146	0.864273277052459
Desulfurellales	0.11800145469989	0.975487514268577	0.981647162828387	-0.227356176724576	0.957596019650317	0.995295130650426	0.996979423975564
Desulfurobacteriales	0.66847928623147	0.457937595950208	0.452396200235766	-0.0569557681528018	0.957596019650317	0.869394938962146	0.864273277052459
Desulfurococcales	0.594756991411026	0.295549886851713	0.303489299937062	-0.0712699868875129	0.957596019650317	0.869394938962146	0.864273277052459
Desulfuromonadales	0.530963860850523	0.509199628957999	0.504941266702399	-0.0962559483090087	0.957596019650317	0.869394938962146	0.864273277052459
Dictyoglomales	0.754444105594141	0.548231600981434	0.551048225159527	-0.0528821992797501	0.957596019650317	0.869394938962146	0.864273277052459
Eggerthellales	0.938766998988208	0.775920822776322	0.773998712770293	0.0190237716904285	0.999237503118318	0.895869935476044	0.893650687691305
Egibacterales	0.392789013642082	0.594000894451615	0.593589058666727	-0.160653590288971	0.957596019650317	0.869394938962146	0.864273277052459
Egicoccales	0.871015488268123	0.0685226064027185	0.0686207184070438	0.0307443230231967	0.98660048197195	0.869394938962146	0.864273277052459
Elusimicrobiales	0.470324666154636	0.679115713576369	0.667942465111344	-0.114325757243204	0.957596019650317	0.869394938962146	0.864273277052459
Emcibacterales	0.279334492082599	0.68722302077648	0.687439645339843	-0.16768781458189	0.957596019650317	0.869394938962146	0.864273277052459
Endomicrobiales	0.702978079993692	0.138611743296895	0.141622526200283	-0.0626358449272897	0.957596019650317	0.869394938962146	0.864273277052459
Enterobacterales	0.239720292131441	0.706923817981518	0.67509894950626	-0.207548294990935	0.957596019650317	0.870786224870008	0.864273277052459
Entomoplasmatales	0.752602908465936	0.355099696163221	0.360061569672317	0.0576740306336973	0.957596019650317	0.869394938962146	0.864273277052459
Erysipelotrichales	0.60713440720421	0.460886019874753	0.465415534065368	-0.098630630893475	0.957596019650317	0.869394938962146	0.864273277052459
Eurotiales	0.677920555709288	0.361335558073784	0.364218337396877	-0.0540772414786145	0.957596019650317	0.869394938962146	0.864273277052459
Euzebyales	0.509955686108978	0.302876051221361	0.303373829343361	-0.129766340318177	0.957596019650317	0.869394938962146	0.864273277052459
Fibrobacterales	0.344239794669456	0.432781921015983	0.428723273910242	-0.176456871340552	0.957596019650317	0.869394938962146	0.864273277052459
Fimbriimonadales	0.808239153102339	0.425169092392337	0.43427672107188	-0.0343134620817747	0.957596019650317	0.869394938962146	0.864273277052459
Flavobacteriales	0.62577915083223	0.286325018069135	0.284179717590225	-0.0553689382222279	0.957596019650317	0.869394938962146	0.864273277052459
Frankiales	0.748607918300431	0.549886726659095	0.549672767192466	-0.0529463113393982	0.957596019650317	0.869394938962146	0.864273277052459
Fusobacteriales	0.968833852678551	0.577647786864997	0.581040279909016	-0.00581053484458538	0.999237503118318	0.869394938962146	0.864273277052459
Gemmatales	0.694721478734679	0.347951480772956	0.350758003215621	-0.0650805733861577	0.957596019650317	0.869394938962146	0.864273277052459
Gemmatimonadales	0.614797010402661	0.564034842111572	0.560114298206343	-0.0875089886989821	0.957596019650317	0.869394938962146	0.864273277052459
Geodermatophilales	0.695650877738923	0.34467104210968	0.341558848315237	-0.0702283244280779	0.957596019650317	0.869394938962146	0.864273277052459
Gloeobacterales	0.48189257470349	0.412163992912282	0.409091050451414	-0.127341483010435	0.957596019650317	0.869394938962146	0.864273277052459
Gloeoemargaritales	0.116421464528584	0.506431334317289	0.49922937322023	-0.238149653914987	0.957596019650317	0.869394938962146	0.864273277052459
Glomerellales	0.96105823842664	0.960981323881092	0.957635475469844	-0.00711698014592763	0.999237503118318	0.985727624066872	0.986529649298675
Glycomycetales	0.375796795035054	0.331532135776125	0.330217990897288	-0.173255276504017	0.957596019650317	0.869394938962146	0.864273277052459
Halanaerobiales	0.998957325452468	0.753279724112552	0.755567528560419	0.000175010323288944	0.999237503118318	0.882518892465196	0.88519921238206
Halobacteriales	0.62610072929848	0.46809339657718	0.465794834438499	-0.0861377412497849	0.957596019650317	0.869394938962146	0.864273277052459
Haloferacales	0.846918361732475	0.796680043428697	0.794796392843944	-0.031218348635689	0.977842939391602	0.903197972890466	0.899042073792769
Helotiales	0.5725712536928	0.45908184152027	0.457740998137344	-0.080173652420555	0.957596019650317	0.869394938962146	0.864273277052459
Holosporales	0.236039721804546	0.797003473320271	0.788891023100341	-0.198584679071791	0.957596019650317	0.903197972890466	0.899042073792769
Hydrogenophilales	0.323251093163819	0.165907327831032	0.173972127786226	0.186324043089884	0.957596019650317	0.869394938962146	0.864273277052459
Hypocreales	0.407798809839131	0.39445016028953	0.387143664788557	-0.0949112409982617	0.957596019650317	0.869394938962146	0.864273277052459
Ignavibacteriales	0.72741332288959	0.561227937262155	0.562133606440955	-0.0539645620688467	0.957596019650317	0.869394938962146	0.864273277052459
Immundisolibacterales	0.863455016429241	0.884284527432286	0.886160977736165	-0.0329126752740234	0.982694042507564	0.933964893266498	0.933456174538127
Isosphaerales	0.91903485140173	0.47861585190981	0.482226031351751	-0.0182469411658993	0.997693303500233	0.869394938962146	0.864273277052459
Jiangellales	0.985988109039798	0.686776049202537	0.69069538040594	-0.00345563419937731	0.999237503118318	0.869394938962146	0.864273277052459
Kineosporiales	0.693612890639234	0.728325702701515	0.724598151894436	-0.0897737313608385	0.957596019650317	0.870786224870008	0.871011740906278
Kiritimatiellales	0.785883903840511	0.705042343920367	0.709805132996147	-0.0558068241802782	0.957596019650317	0.870786224870008	0.871011740906278
Kosmotogales	0.245639495672644	0.673587254081519	0.673631379792007	-0.15028245786054	0.957596019650317	0.869394938962146	0.864273277052459
Ktedonobacterales	0.165848063506628	0.562163320187314	0.553706496813577	-0.236621482066335	0.957596019650317	0.869394938962146	0.864273277052459
Lactobacillales	0.91178252462048	0.978995712015377	0.989725773561616	-0.0210165249006875	0.997693303500233	0.995295130650426	0.996979423975564
Legionellales	0.571278254424525	0.240606147326364	0.236464716731467	-0.0650449352206285	0.957596019650317	0.869394938962146	0.864273277052459
Leptospirales	0.4454702524136	0.295778040083877	0.289825107999548	-0.0977001040226435	0.957596019650317	0.869394938962146	0.864273277052459
Limnochordales	0.213295828322034	0.276166359010443	0.27332079280195	-0.219400159617283	0.957596019650317	0.869394938962146	0.864273277052459
Magnaporthales	0.535596012437419	0.396925751039891	0.392548792342687	-0.0736251246336628	0.957596019650317	0.869394938962146	0.864273277052459
Magnetococcales	0.986321788439097	0.170319680295484	0.17161212202254	-0.0030069048834962	0.999237503118318	0.869394938962146	0.864273277052459
Malasseziales	0.649224097954197	0.352180251281603	0.35295663056867	-0.0870940855990654	0.957596019650317	0.869394938962146	0.864273277052459
Marinilabiliales	0.484281261045636	0.24041952902639	0.240778616844409	-0.0929675360265337	0.957596019650317	0.869394938962146	0.864273277052459
Mariprofundales	0.433570153609335	0.638189164150928	0.6466183056125	-0.121460364298258	0.957596019650317	0.869394938962146	0.864273277052459
Mesoaciditogales	0.302379802458856	0.801163055450957	0.794905233154966	-0.190125718382378	0.957596019650317	0.903197972890466	0.899042073792769
Methanobacteriales	0.149275173921856	0.2155783918494	0.216742173735868	-0.606965658157557	0.957596019650317	0.869394938962146	0.864273277052459
Methanocellales	0.86251300855958	0.380828866893069	0.376224841922767	-0.0297525344571924	0.982694042507564	0.869394938962146	0.864273277052459
Methanococcales	0.996430706089497	0.391879493543626	0.391981404119135	-0.000688947991719008	0.999237503118318	0.869394938962146	0.864273277052459
Methanomassiliicoccales	0.318632145331854	0.53775776901111	0.53135417003481	-0.14597152428654	0.957596019650317	0.869394938962146	0.864273277052459
Methanomicrobiales	0.85189242908976	0.253155390910014	0.250684645234902	-0.0243526732204771	0.97885716611756	0.869394938962146	0.864273277052459
Methanopyrales	0.341534233511044	0.815388999080714	0.819824320643555	-0.190919967637839	0.957596019650317	0.910644723272387	0.911339593645627
Methanosarcinales	0.615440381953323	0.454368262550422	0.449710739124472	-0.058033235153104	0.957596019650317	0.869394938962146	0.864273277052459
Methylacidiphilales	0.79922970899921	0.446237151572839	0.443613887984066	0.0401767588140257	0.957596019650317	0.869394938962146	0.864273277052459
Methylococcales	0.344371245148122	0.51022339924033	0.507830710696463	-0.119600341098732	0.957596019650317	0.869394938962146	0.864273277052459
Micrococcales	0.406919324540296	0.384464682178215	0.385925409463187	-0.125152334558221	0.957596019650317	0.869394938962146	0.864273277052459
Micromonosporales	0.638272350419941	0.499709778950731	0.497982216459156	-0.0827867478525607	0.957596019650317	0.869394938962146	0.864273277052459
Mycoplasmatales	0.819966958926633	0.343805907916977	0.348594262037518	-0.0339809735022972	0.960007733888447	0.869394938962146	0.864273277052459
Mycosphaerellales	0.422455333990773	0.346374172290843	0.345247116721461	-0.113315335389102	0.957596019650317	0.869394938962146	0.864273277052459
Myxococcales	0.76975072614568	0.374354195295085	0.37390238030983	-0.0495856376580748	0.957596019650317	0.869394938962146	0.864273277052459
Nakamurellales	0.415553115403868	0.540055957334964	0.535457255150386	-0.143027973082061	0.957596019650317	0.869394938962146	0.864273277052459
Natranaerobiales	0.621607031372482	0.657302646750301	0.649972999895064	0.0756162429572894	0.957596019650317	0.869394938962146	0.864273277052459
Natrialbales	0.763942445079114	0.666290442044907	0.664174435168662	-0.0448004199732463	0.957596019650317	0.869394938962146	0.864273277052459
Nautiliales	0.566701922900792	0.530823769650807	0.534443311443803	-0.0965448260761502	0.957596019650317	0.869394938962146	0.864273277052459
Neisseriales	0.515658027692352	0.747006365328519	0.743067044415153	-0.0947851307920804	0.957596019650317	0.879480400559192	0.883547381170257
Nevskiales	0.578542148690381	0.175154701287502	0.17328021719266	-0.0840155488296237	0.957596019650317	0.869394938962146	0.864273277052459
Nitrosomonadales	0.484444569002598	0.626953516675497	0.624762862179812	-0.0931582232322577	0.957596019650317	0.869394938962146	0.864273277052459
Nitrosopumilales	0.486728636972717	0.829857197247853	0.837925145122373	-0.12350992414191	0.957596019650317	0.913990184987267	0.91693454460901
Nitrososphaerales	0.996286448853063	0.45860906484733	0.459567916016226	-0.00074420988772177	0.999237503118318	0.869394938962146	0.864273277052459
Nitrospirales	0.990109096452214	0.136274806025791	0.135236009363318	-0.00161241111383535	0.999237503118318	0.869394938962146	0.864273277052459
Nostocales	0.42218059179367	0.4000095846992	0.395354556932447	-0.088689152859082	0.957596019650317	0.869394938962146	0.864273277052459
Oceanospirillales	0.439738711467571	0.634089591254464	0.627993001663601	-0.103936610760051	0.957596019650317	0.869394938962146	0.864273277052459
Opitutales	0.639148099948636	0.898260418610766	0.901802906804558	-0.0763926775239345	0.957596019650317	0.941597544070057	0.939322240130886
Orbales	0.690723484635478	0.471269363020753	0.460481932347278	-0.0596391234449116	0.957596019650317	0.869394938962146	0.864273277052459
Oscillatoriales	0.723787656418182	0.335860081158149	0.336544612535014	-0.0412455501343585	0.957596019650317	0.869394938962146	0.864273277052459
Parachlamydiales	0.220752416569535	0.600499295302619	0.600160302238539	-0.156660970841138	0.957596019650317	0.869394938962146	0.864273277052459
Parvularculales	0.427288033206489	0.22134632253104	0.228463462153246	-0.149268570380278	0.957596019650317	0.869394938962146	0.864273277052459
Pasteurellales	0.0817512739033551	0.510470847298006	0.501603804905532	-0.241460069666106	0.957596019650317	0.869394938962146	0.864273277052459
Pelagibacterales	0.800102188379825	0.496246535717747	0.496313195645749	-0.0520434958597031	0.957596019650317	0.869394938962146	0.864273277052459
Petrotogales	0.426168474060328	0.109982145448499	0.108125665714816	-0.14192899616141	0.957596019650317	0.869394938962146	0.864273277052459
Phycisphaerales	0.494774710388206	0.372009618724176	0.380514757981647	0.152961770275798	0.957596019650317	0.869394938962146	0.864273277052459
Pirellulales	0.706585030602205	0.370094160084071	0.368419311402364	-0.0486046898081206	0.957596019650317	0.869394938962146	0.864273277052459
Planctomycetales	0.608218193594312	0.51759913581197	0.514258574326732	-0.0725352430176172	0.957596019650317	0.869394938962146	0.864273277052459
Pleurocapsales	0.26563816543735	0.486862855915088	0.469346241535537	-0.172956258443357	0.957596019650317	0.869394938962146	0.864273277052459
Propionibacteriales	0.719864781395356	0.202128706023599	0.200077825791543	0.0564488397643444	0.957596019650317	0.869394938962146	0.864273277052459
Pseudomonadales	0.576643953617316	0.479703492298503	0.474805350103476	-0.0803345966279948	0.957596019650317	0.869394938962146	0.864273277052459
Pseudonocardiales	0.563954656938954	0.587102882967124	0.584598644428536	-0.097458045143801	0.957596019650317	0.869394938962146	0.864273277052459
Puniceicoccales	0.730220291971594	0.572479623367059	0.570781966024442	0.0710974940028478	0.957596019650317	0.869394938962146	0.864273277052459
Rhizobiales	0.601506518200843	0.582166725043778	0.580684970513751	-0.0773637525772451	0.957596019650317	0.869394938962146	0.864273277052459
Rhodobacterales	0.498955709787299	0.728480830109868	0.725235717323637	-0.10391632386752	0.957596019650317	0.870786224870008	0.871011740906278
Rhodocyclales	0.721429611812297	0.526640067749959	0.527861565644638	-0.0549206851113321	0.957596019650317	0.869394938962146	0.864273277052459
Rhodospirillales	0.596177789293383	0.616596698507147	0.611849071819153	-0.0798584787789433	0.957596019650317	0.869394938962146	0.864273277052459
Rickettsiales	0.926198680558577	0.444216553077756	0.446237206804672	-0.0136308663496072	0.997693303500233	0.869394938962146	0.864273277052459
Rubrobacterales	0.879684327522667	0.269208557526996	0.270552771789051	-0.0264052763606051	0.991719595650553	0.869394938962146	0.864273277052459
Saccharomycetales	0.284331934811759	0.717508840287281	0.701904971461908	-0.151915274772163	0.957596019650317	0.870786224870008	0.871011740906278
Salinisphaerales	0.102344798946558	0.796103236050294	0.810853285665709	-0.337219057465256	0.957596019650317	0.903197972890466	0.909565750886323
Saprospirales	0.0778614118555429	0.214410126312763	0.207941670999505	-0.241888358005613	0.957596019650317	0.869394938962146	0.864273277052459
Schizosaccharomycetales	0.643205651063757	0.420827791352502	0.422551438177698	-0.0756331417548769	0.957596019650317	0.869394938962146	0.864273277052459
Sedimentisphaerales	0.636181706290893	0.352473363742186	0.3518894025071	-0.0597284857951708	0.957596019650317	0.869394938962146	0.864273277052459
Selenomonadales	0.425119475836781	0.541935455222402	0.5309085875771	-0.158696537925864	0.957596019650317	0.869394938962146	0.864273277052459
Silvanigrellales	0.999237503118318	0.204236701933031	0.207306680754256	-0.000144333235901047	0.999237503118318	0.869394938962146	0.864273277052459
Solirubrobacterales	0.627810487101358	0.772544970927772	0.769395262172872	-0.0955127140584348	0.957596019650317	0.895869935476044	0.893650687691305
Sordariales	0.473286137087828	0.454774795695411	0.453582841745151	-0.0928764751343682	0.957596019650317	0.869394938962146	0.864273277052459
Sphaerobacterales	0.9975093570589	0.720276361871838	0.724017536989242	-0.00058404520574454	0.999237503118318	0.870786224870008	0.871011740906278
Sphingobacteriales	0.412961867654105	0.363470937107668	0.35854133816066	-0.0824775651622334	0.957596019650317	0.869394938962146	0.864273277052459
Sphingomonadales	0.672468788547331	0.62887580236568	0.626617194560374	-0.065514393332654	0.957596019650317	0.869394938962146	0.864273277052459
Spirochaetales	0.488540115190086	0.435548112959731	0.436120054989256	-0.0826306220099965	0.957596019650317	0.869394938962146	0.864273277052459
Sporichthyales	0.213129288891314	0.0988603240083796	0.0969481363179612	-0.205771934134399	0.957596019650317	0.869394938962146	0.864273277052459
Streptomycetales	0.715199136318378	0.494893259349181	0.493361204278368	-0.0612633673151773	0.957596019650317	0.869394938962146	0.864273277052459
Streptosporangiales	0.532637067981926	0.7754420440012	0.773657148512876	-0.105603376697623	0.957596019650317	0.895869935476044	0.893650687691305
Sulfolobales	0.727200798591745	0.517089886262724	0.511129496910841	0.0448303332061267	0.957596019650317	0.869394938962146	0.864273277052459
Synechococcales	0.684370152600243	0.319146668844941	0.314698831108246	-0.0565095024833211	0.957596019650317	0.869394938962146	0.864273277052459
Synergistales	0.188896909687581	0.502225767877865	0.509493684788136	-0.247509868899631	0.957596019650317	0.869394938962146	0.864273277052459
Syntrophobacterales	0.15622582778926	0.550498057119014	0.548458813045507	-0.20334852178581	0.957596019650317	0.869394938962146	0.864273277052459
Tepidiformales	0.354706536334305	0.634146141869331	0.618234499183092	-0.167093103877258	0.957596019650317	0.869394938962146	0.864273277052459
Thermales	0.574774802065547	0.428823952325305	0.429206436660514	-0.0853070068010876	0.957596019650317	0.869394938962146	0.864273277052459
Thermoanaerobacterales	0.650054713966553	0.367734464291721	0.366026639771144	-0.0547148841573244	0.957596019650317	0.869394938962146	0.864273277052459
Thermococcales	0.460694217248532	0.60720700476645	0.608091988149041	-0.0907182050310703	0.957596019650317	0.869394938962146	0.864273277052459
Thermodesulfobacteriales	0.480856698124046	0.242704215444788	0.245300853426351	-0.0865775333082809	0.957596019650317	0.869394938962146	0.864273277052459
Thermomicrobiales	0.916412987759908	0.0749622402451871	0.0769508882169636	-0.0199803192662975	0.997693303500233	0.869394938962146	0.864273277052459
Thermoplasmatales	0.650694510770661	0.217631391333566	0.218764935242514	-0.0764031361918134	0.957596019650317	0.869394938962146	0.864273277052459
Thermoproteales	0.519107630884728	0.171582800334262	0.172564654892999	-0.0894964812732147	0.957596019650317	0.869394938962146	0.864273277052459
Thermotogales	0.29523754875802	0.37270105747636	0.374023999795352	-0.132829246739571	0.957596019650317	0.869394938962146	0.864273277052459
Thiotrichales	0.467661697392554	0.557634065590295	0.554749732150016	-0.0838713911153806	0.957596019650317	0.869394938962146	0.864273277052459
Tissierellales	0.421869417886449	0.998447150913717	0.996979423975564	-0.100654978428522	0.957596019650317	0.998447150913717	0.996979423975564
Tremellales	0.561661149631969	0.673691020245077	0.670297692026718	-0.0861449603511713	0.957596019650317	0.869394938962146	0.864273277052459
Unclassified Acidobacteria Phylum	0.0676510487335049	0.951467844491497	0.974161618208915	-0.490400563700088	0.957596019650317	0.984419111833193	0.996979423975564
Unclassified Actinobacteria Class	0.761603526555833	0.464383508599848	0.463381977763427	-0.0473734668289385	0.957596019650317	0.869394938962146	0.864273277052459
Unclassified Actinobacteria Phylum	0.737942883699374	0.85544545783997	0.851713259009206	0.061622724030985	0.957596019650317	0.920952542449337	0.91693454460901
Unclassified Alphaproteobacteria Class	0.783686628704179	0.669064112053867	0.670564898292544	-0.0442433071081934	0.957596019650317	0.869394938962146	0.864273277052459
Unclassified Armatimonadetes Phylum	0.952835476272292	0.905302436474141	0.898265135173841	0.0088305599585865	0.999237503118318	0.944835293962095	0.939322240130886
Unclassified Ascomycota Phylum	0.305349699876905	0.872818388750771	0.842618093266859	-0.208491879970096	0.957596019650317	0.93126604871176	0.91693454460901
Unclassified Bacilli Class	0.696159440102768	0.585200997643867	0.591397880834091	-0.0493439977982325	0.957596019650317	0.869394938962146	0.864273277052459
Unclassified Bacteroidetes Phylum	0.600637072618554	0.581549336559603	0.585790013064443	-0.0903590971332541	0.957596019650317	0.869394938962146	0.864273277052459
Unclassified Bacteroidia Class	0.815325865209125	0.985638788397168	0.984595360238944	-0.0570518723599655	0.95991567381764	0.995295130650426	0.996979423975564
Unclassified Balneolaeota Phylum	0.502602530640612	0.541786863052075	0.539279832117331	-0.101064441099603	0.957596019650317	0.869394938962146	0.864273277052459
Unclassified Betaproteobacteria Class	0.679497158684867	0.799487691941215	0.797476651230406	-0.0670749298307649	0.957596019650317	0.903197972890466	0.899042073792769
Unclassified Blastocatellia Class	0.904803867920085	0.201306237569586	0.207297480038737	0.0215559184978246	0.997693303500233	0.869394938962146	0.864273277052459
Unclassified Candidatus Bipolaricaulota Phylum	0.80504462099376	0.034570472250383	0.0357949364309842	0.0425216790935796	0.957596019650317	0.869394938962146	0.864273277052459
Unclassified Candidatus Cloacimonetes Phylum	0.808188276944252	0.40892452484141	0.412361267870701	-0.0423810309232834	0.957596019650317	0.869394938962146	0.864273277052459
Unclassified Candidatus Gracilibacteria Phylum	0.993965115705561	0.727797964102852	0.719989659686644	0.00183838300386838	0.999237503118318	0.870786224870008	0.871011740906278
Unclassified Candidatus Saccharibacteria Phylum	0.321233281847841	0.387671970859778	0.386928044080764	-0.169183091087691	0.957596019650317	0.869394938962146	0.864273277052459
Unclassified Clostridia Class	0.70676506460116	0.299476622431245	0.298563416438564	-0.048925738851851	0.957596019650317	0.869394938962146	0.864273277052459
Unclassified Coriobacteriia Class	0.480472441887553	0.680694938722368	0.684617336932172	-0.167774089557457	0.957596019650317	0.869394938962146	0.864273277052459
Unclassified Cyanobacteria Phylum	0.251617589035971	0.189282081579609	0.191678883597444	-0.150216351948884	0.957596019650317	0.869394938962146	0.864273277052459
Unclassified Dehalococcoidia Class	0.960973036195139	0.17235173705913	0.172428555408979	0.00793903523179294	0.999237503118318	0.869394938962146	0.864273277052459
Unclassified Deinococci Class	0.926727671033689	0.83795382296189	0.823987832839244	-0.0213189571251045	0.997693303500233	0.918674145357302	0.911727278002682
Unclassified Deltaproteobacteria Class	0.800690209236953	0.303440498755781	0.30855542599631	-0.043736465530736	0.957596019650317	0.869394938962146	0.864273277052459
Unclassified Elusimicrobia Phylum	0.776303504587975	0.597846735068165	0.592289123283426	0.0465973298992424	0.957596019650317	0.869394938962146	0.864273277052459
Unclassified Epsilonproteobacteria Class	0.572798469264798	0.174601085511614	0.177407021446111	-0.07050152387605	0.957596019650317	0.869394938962146	0.864273277052459
Unclassified Euryarchaeota Phylum	0.330280674333951	0.986966301105234	0.984680106989761	-0.186914355677402	0.957596019650317	0.995295130650426	0.996979423975564
Unclassified Firmicutes Phylum	0.391957763793341	0.393773934573462	0.392691956612709	-0.0908807283755108	0.957596019650317	0.869394938962146	0.864273277052459
Unclassified Gammaproteobacteria Class	0.402062628641603	0.683659447028808	0.67997018999272	-0.0997625580761165	0.957596019650317	0.869394938962146	0.864273277052459
Unclassified Halobacteria Class	0.684292759069818	0.289385992875732	0.295003959601311	-0.0697101662444355	0.957596019650317	0.869394938962146	0.864273277052459
Unclassified Kiritimatiellaeota Phylum	0.590712137874417	0.630235428163648	0.629831357288187	-0.0756567969873979	0.957596019650317	0.869394938962146	0.864273277052459
Unclassified Microsporidia Phylum	0.80934893711031	0.47745996791939	0.489590344589308	-0.0392723799755135	0.957596019650317	0.869394938962146	0.864273277052459
Unclassified Mollicutes Class	0.461742081642459	0.648965137808975	0.653585732811178	0.171332618719489	0.957596019650317	0.869394938962146	0.864273277052459
Unclassified Negativicutes Class	0.0271150324031208	0.529032768889527	0.531134112128097	-0.353394810494087	0.957596019650317	0.869394938962146	0.864273277052459
Unclassified Phycisphaerae Class	0.292814920130533	0.320909548888486	0.315076210963689	-0.172919992861237	0.957596019650317	0.869394938962146	0.864273277052459
Unclassified Planctomycetes Phylum	0.487939064146824	0.666503756540639	0.661954293644708	-0.0981434789656158	0.957596019650317	0.869394938962146	0.864273277052459
Unclassified Planctomycetia Class	0.330150467194233	0.825111028165597	0.838432715961955	-0.196616247831331	0.957596019650317	0.912970072831378	0.91693454460901
Unclassified Proteobacteria Phylum	0.430061578580155	0.644643605516082	0.643768268993297	-0.116230012910059	0.957596019650317	0.869394938962146	0.864273277052459
Unclassified Sordariomycetes Class	0.439784078115326	0.172600325197007	0.177337704893117	0.223083150084508	0.957596019650317	0.869394938962146	0.864273277052459
Unclassified Tenericutes Phylum	0.560940495040849	0.161976494362624	0.166478358455627	0.0997382923520369	0.957596019650317	0.869394938962146	0.864273277052459
Unclassified Thaumarchaeota Phylum	0.456034285152146	0.430857369670376	0.430541691628485	-0.124013369686511	0.957596019650317	0.869394938962146	0.864273277052459
Unclassified Thermoplasmata Class	0.122228150301228	0.659666495210182	0.683327817622566	-0.301190201823424	0.957596019650317	0.869394938962146	0.864273277052459
Unclassified Tissierellia Class	0.702685577140665	0.356464017706282	0.364294070132302	-0.0637822418742696	0.957596019650317	0.869394938962146	0.864273277052459
Unclassified Verrucomicrobia Phylum	0.98760301337331	0.318156101186166	0.325152269265776	-0.00235520670604872	0.999237503118318	0.869394938962146	0.864273277052459
Unclassified Vicinamibacteria Class	0.677157973065135	0.805080243051897	0.795781651885167	-0.0738580772800294	0.957596019650317	0.903352948776541	0.899042073792769
Unclassified candidate division Zixibacteria Phylum	0.435198422300118	0.884370081279412	0.886588082092698	-0.136677457701629	0.957596019650317	0.933964893266498	0.933456174538127
Ustilaginales	0.436653401632912	0.533817551318552	0.532622636568303	-0.118695453697773	0.957596019650317	0.869394938962146	0.864273277052459
Veillonellales	0.0029484161507047	0.0570982244325006	0.0623818114173392	-0.59925154224908	0.704671460018423	0.869394938962146	0.864273277052459
Verrucomicrobiales	0.73449150555361	0.490531542317381	0.493440044987141	0.157460665276656	0.957596019650317	0.869394938962146	0.864273277052459
Vibrionales	0.433603764406274	0.563448535694257	0.558869358903907	-0.0862287975940498	0.957596019650317	0.869394938962146	0.864273277052459
Victivallales	0.807689328018892	0.211144822864822	0.207232382423611	0.0627061584858042	0.957596019650317	0.869394938962146	0.864273277052459
Xanthomonadales	0.575649095887413	0.629874329890066	0.627597689671866	-0.0895999023321748	0.957596019650317	0.869394938962146	0.864273277052459
