p-variable	p-treatment	p-interaction	slope	adjusted.p-variable	adjusted.p-treatment	adjusted.p-interaction
Acholeplasmatales	0.765194303895738	0.240818937341386	0.265923184993777	0.00455060093350467	0.998861148951369	0.999979703879493	0.999936721732877
Acidaminococcales	0.0122469868649304	0.580144160464136	0.445682862826059	-0.102676683212372	0.998861148951369	0.999979703879493	0.999936721732877
Acidiferrobacterales	0.852582422042348	0.753897317573571	0.810919726201095	-0.00306931297506272	0.998861148951369	0.999979703879493	0.999936721732877
Acidilobales	0.749472710656504	0.0412352811367283	0.0304433019575528	0.00607636640736624	0.998861148951369	0.999979703879493	0.999936721732877
Acidimicrobiales	0.86360454415808	0.795760321613959	0.857364440426605	-0.00334787973085621	0.998861148951369	0.999979703879493	0.999936721732877
Acidithiobacillales	0.497017306428403	0.526756741573355	0.59540715414127	-0.0106551221189713	0.998861148951369	0.999979703879493	0.999936721732877
Acidobacteriales	0.473532447979735	0.932042790907616	0.976015988665989	-0.0108088679907189	0.998861148951369	0.999979703879493	0.999936721732877
Acidothermales	0.320249700887028	0.99524913221861	0.92776990018716	0.018203364979531	0.998861148951369	0.999979703879493	0.999936721732877
Actinomycetales	0.755487135412669	0.852333827682616	0.820292424541395	-0.00662559345681736	0.998861148951369	0.999979703879493	0.999936721732877
Actinopolysporales	0.67868702794978	0.632612432088786	0.644805805305866	-0.00878600241209506	0.998861148951369	0.999979703879493	0.999936721732877
Aeromonadales	0.547775680977029	0.867170628324643	0.986335761056829	-0.00858834186496069	0.998861148951369	0.999979703879493	0.999936721732877
Alteromonadales	0.878092918798864	0.672913740131972	0.633456114444891	-0.00171912813050691	0.998861148951369	0.999979703879493	0.999936721732877
Anaerolineales	0.465456409152278	0.754571792680041	0.877554213778232	-0.0108111407432103	0.998861148951369	0.999979703879493	0.999936721732877
Aquificales	0.770030774862145	0.568301389358902	0.625795438981571	0.00412139537823599	0.998861148951369	0.999979703879493	0.999936721732877
Archaeoglobales	0.662183666317959	0.942753703779622	0.979892620825534	0.00643126402247485	0.998861148951369	0.999979703879493	0.999936721732877
Ardenticatenales	0.81265406966379	0.870168720994259	0.828400099008112	0.00543913425439633	0.998861148951369	0.999979703879493	0.999936721732877
Bacillales	0.857443724351522	0.869031034798843	0.829016943260774	-0.00202601212001551	0.998861148951369	0.999979703879493	0.999936721732877
Bacteriovoracales	0.747322151339634	0.313845157702465	0.331955587698983	0.00502516704433477	0.998861148951369	0.999979703879493	0.999936721732877
Bacteroidales	0.665913700960814	0.0548864255087703	0.0860535457021674	0.012004994737697	0.998861148951369	0.999979703879493	0.999936721732877
Bacteroidetes Order II. Incertae sedis	0.730701491122126	0.831558192352376	0.730496501904475	-0.00596805789541196	0.998861148951369	0.999979703879493	0.999936721732877
Bdellovibrionales	0.526670070126604	0.678876816974607	0.580823568491722	-0.00784403057834079	0.998861148951369	0.999979703879493	0.999936721732877
Bifidobacteriales	0.00030070299572691	0.437477827992032	0.562672019027673	0.147108481908465	0.0718680159787315	0.999979703879493	0.999936721732877
Brachyspirales	0.70989460164167	0.344988169356232	0.38293811589255	-0.00575729197728161	0.998861148951369	0.999979703879493	0.999936721732877
Bradymonadales	0.515279597389418	0.516773259413674	0.583384952166677	-0.011258133886982	0.998861148951369	0.999979703879493	0.999936721732877
Bryobacterales	0.971953929415631	0.752850115663896	0.875592232676069	-0.00059010114293272	0.998861148951369	0.999979703879493	0.999936721732877
Bunyavirales	0.0766693472372112	0.0854914112030388	0.144783675158039	0.0377855882903138	0.998861148951369	0.999979703879493	0.999936721732877
Burkholderiales	0.590689329443432	0.771813535918068	0.854230661083454	-0.00827906204671668	0.998861148951369	0.999979703879493	0.999936721732877
Caldilineales	0.472640995357688	0.717498661211426	0.803736457545595	-0.0136719786261072	0.998861148951369	0.999979703879493	0.999936721732877
Calditrichales	0.526055302600368	0.40437876001187	0.410170006929554	0.0101549858399742	0.998861148951369	0.999979703879493	0.999936721732877
Campylobacterales	0.409237666772893	0.328084638071117	0.351313583203563	0.0138568692883131	0.998861148951369	0.999979703879493	0.999936721732877
Candidatus Brocadiales	0.710583158823282	0.23234978055543	0.139596877326693	0.00585774232811283	0.998861148951369	0.999979703879493	0.999936721732877
Candidatus Nanopelagicales	0.299438157411856	0.535469410437652	0.459430328466927	-0.0153230232576035	0.998861148951369	0.999979703879493	0.999936721732877
Cardiobacteriales	0.253640852053318	0.607084024374178	0.794500469788106	-0.0188055919005052	0.998861148951369	0.999979703879493	0.999936721732877
Catenulisporales	0.364726598418407	0.914067893917716	0.725456666867172	-0.0190939468941487	0.998861148951369	0.999979703879493	0.999936721732877
Caulobacterales	0.547569381254637	0.952277702906391	0.817148091810748	-0.00966011355510853	0.998861148951369	0.999979703879493	0.999936721732877
Cellvibrionales	0.75266059217512	0.810684394927861	0.836620612776429	-0.00408710957050671	0.998861148951369	0.999979703879493	0.999936721732877
Chitinophagales	0.403227819118802	0.734599496768369	0.807612400220364	0.0090231288937867	0.998861148951369	0.999979703879493	0.999936721732877
Chlamydiales	0.312680104564487	0.588360564414115	0.438500301549262	0.015216246748866	0.998861148951369	0.999979703879493	0.999936721732877
Chlorobiales	0.802482151878696	0.908411094968066	0.864522053374726	0.0034554783830777	0.998861148951369	0.999979703879493	0.999936721732877
Chloroflexales	0.75023438993527	0.833551015634376	0.744401287536605	-0.00498783661308276	0.998861148951369	0.999979703879493	0.999936721732877
Chromatiales	0.661608657193502	0.972492286569965	0.932678234896939	-0.00673545149067059	0.998861148951369	0.999979703879493	0.999936721732877
Chroococcales	0.872516264901442	0.628005556138856	0.599538948848105	0.00203625819896017	0.998861148951369	0.999979703879493	0.999936721732877
Chroococcidiopsidales	0.877119896983451	0.763761335023348	0.872293291078647	-0.00274192475753472	0.998861148951369	0.999979703879493	0.999936721732877
Chrysiogenales	0.858217780079575	0.717720807174593	0.729424119086809	-0.00297443927196513	0.998861148951369	0.999979703879493	0.999936721732877
Chthonomonadales	0.972191534975012	0.616982330067582	0.546999745770194	0.000624741746198401	0.998861148951369	0.999979703879493	0.999936721732877
Clostridiales	0.594437770275519	0.528018597092446	0.807035000920598	0.00430130563136867	0.998861148951369	0.999979703879493	0.999936721732877
Coprothermobacterales	0.765765481886125	0.586751763225537	0.527731324468006	-0.00700811434605659	0.998861148951369	0.999979703879493	0.999936721732877
Coriobacteriales	0.583231480661328	0.740593039950485	0.653106580888073	-0.0176190828599463	0.998861148951369	0.999979703879493	0.999936721732877
Corynebacteriales	0.627518217519905	0.760277669439259	0.863014577427095	-0.00784806453402296	0.998861148951369	0.999979703879493	0.999936721732877
Cytophagales	0.99193044085556	0.542203672359621	0.524775263073209	-0.000118619800467307	0.998861148951369	0.999979703879493	0.999936721732877
Deferribacterales	0.754944807395409	0.637353315928738	0.613374973227983	-0.00413932711291337	0.998861148951369	0.999979703879493	0.999936721732877
Dehalococcoidales	0.645894934679134	0.569341858737529	0.541394568495455	0.00764034148231553	0.998861148951369	0.999979703879493	0.999936721732877
Deinococcales	0.542314283664273	0.994119466085071	0.882632635049403	-0.0105926284610026	0.998861148951369	0.999979703879493	0.999936721732877
Desulfarculales	0.703159696095702	0.976573641779857	0.927469695586987	-0.00765236902366017	0.998861148951369	0.999979703879493	0.999936721732877
Desulfobacterales	0.813815919677597	0.98949679607658	0.922899833677463	-0.00327731007104229	0.998861148951369	0.999979703879493	0.999936721732877
Desulfovibrionales	0.453475721487491	0.974991633882197	0.882515313763982	0.0192654627733688	0.998861148951369	0.999979703879493	0.999936721732877
Desulfurellales	0.355317824402723	0.837777398810036	0.827277522563783	0.0157154011541249	0.998861148951369	0.999979703879493	0.999936721732877
Desulfurobacteriales	0.828887167514884	0.250558924102024	0.20533318225832	-0.00314781565031006	0.998861148951369	0.999979703879493	0.999936721732877
Desulfurococcales	0.997036515762557	0.973892468914228	0.856006877463135	5.47096283373133e-05	0.998861148951369	0.999979703879493	0.999936721732877
Desulfuromonadales	0.874864721038572	0.993804979399694	0.906621068726214	-0.00247218978623255	0.998861148951369	0.999979703879493	0.999936721732877
Dictyoglomales	0.725730111225166	0.318633003386791	0.369651877314895	-0.00611132394567188	0.998861148951369	0.999979703879493	0.999936721732877
Eggerthellales	0.18716836223244	0.594667475568676	0.671963901465049	-0.0390067108455876	0.998861148951369	0.999979703879493	0.999936721732877
Egibacterales	0.657446422345829	0.869587847369503	0.916255646114616	-0.00866996389096654	0.998861148951369	0.999979703879493	0.999936721732877
Egicoccales	0.734309806630742	0.997263126748325	0.888311403333734	-0.00746600497982087	0.998861148951369	0.999979703879493	0.999936721732877
Elusimicrobiales	0.812321003855696	0.284821797096115	0.220852780513722	0.00411997255659565	0.998861148951369	0.999979703879493	0.999936721732877
Emcibacterales	0.49759696910253	0.970818598897829	0.960563224689056	-0.0115250369733633	0.998861148951369	0.999979703879493	0.999936721732877
Endomicrobiales	0.575843255673757	0.56084619709037	0.450122763519872	0.00908357722499514	0.998861148951369	0.999979703879493	0.999936721732877
Enterobacterales	0.416968141127024	0.915656385373516	0.760636685608454	-0.0167939288296403	0.998861148951369	0.999979703879493	0.999936721732877
Entomoplasmatales	0.779135889424511	0.329988856398699	0.395635211530851	0.00489760801076422	0.998861148951369	0.999979703879493	0.999936721732877
Erysipelotrichales	0.601144194353097	0.333536179091335	0.317307394532028	-0.0087669451479174	0.998861148951369	0.999979703879493	0.999936721732877
Eurotiales	0.72032220967908	0.460984367439896	0.462155808085639	-0.00460444017853506	0.998861148951369	0.999979703879493	0.999936721732877
Euzebyales	0.583612772070992	0.819371141226874	0.775657444390797	-0.0117976745296544	0.998861148951369	0.999979703879493	0.999936721732877
Fibrobacterales	0.127224453249498	0.993011623891132	0.811452337778039	-0.0262269073328458	0.998861148951369	0.999979703879493	0.999936721732877
Fimbriimonadales	0.344292483050645	0.181271612631246	0.238175027642298	-0.0174277884661477	0.998861148951369	0.999979703879493	0.999936721732877
Flavobacteriales	0.621059031468369	0.292117371361909	0.343863015140301	0.00560722789875534	0.998861148951369	0.999979703879493	0.999936721732877
Frankiales	0.75192685401767	0.934827456819472	0.87326740127771	-0.00552395318108256	0.998861148951369	0.999979703879493	0.999936721732877
Fusobacteriales	0.626108648537736	0.262050628076099	0.383804307167291	0.00779216060263992	0.998861148951369	0.999979703879493	0.999936721732877
Gemmatales	0.618312377797498	0.853193481109968	0.887873747986187	-0.00869648763682636	0.998861148951369	0.999979703879493	0.999936721732877
Gemmatimonadales	0.369200090135142	0.843252531350165	0.99612412263712	-0.0160715091745548	0.998861148951369	0.999979703879493	0.999936721732877
Geodermatophilales	0.668614004173382	0.766810508631067	0.910623267007092	-0.00916321505150905	0.998861148951369	0.999979703879493	0.999936721732877
Gloeobacterales	0.643623923091308	0.873942801017329	0.791899406779904	-0.00830862648126795	0.998861148951369	0.999979703879493	0.999936721732877
Gloeoemargaritales	0.815743998847807	0.869765845021869	0.837645799982358	-0.00405145882669092	0.998861148951369	0.999979703879493	0.999936721732877
Glomerellales	0.437659328719746	0.829985929896242	0.721303477037765	-0.0130330924929612	0.998861148951369	0.999979703879493	0.999936721732877
Glycomycetales	0.0665518383716856	0.794158385769969	0.626826423012158	-0.0387075408815373	0.998861148951369	0.999979703879493	0.999936721732877
Halanaerobiales	0.851945034722151	0.413781310821115	0.439589815484496	0.0025289365274529	0.998861148951369	0.999979703879493	0.999936721732877
Halobacteriales	0.410953007576736	0.832803508022088	0.967275412257539	-0.0146670674951264	0.998861148951369	0.999979703879493	0.999936721732877
Haloferacales	0.434075596597181	0.677917981933704	0.790136334634354	-0.0128850327264478	0.998861148951369	0.999979703879493	0.999936721732877
Helotiales	0.320222746825701	0.757053426908728	0.699234831069803	-0.0140724346702412	0.998861148951369	0.999979703879493	0.999936721732877
Holosporales	0.788564746014484	0.174277928684325	0.241720207564719	0.00426909381190424	0.998861148951369	0.999979703879493	0.999936721732877
Hydrogenophilales	0.174202314059936	0.0134642758548765	0.0159931174050016	-0.0258089745605388	0.998861148951369	0.999979703879493	0.999936721732877
Hypocreales	0.690783941939682	0.312865513034777	0.294197656156332	0.00475287762057189	0.998861148951369	0.999979703879493	0.999936721732877
Ignavibacteriales	0.549656463298796	0.606489514527304	0.553582495055782	-0.00946434007109882	0.998861148951369	0.999979703879493	0.999936721732877
Immundisolibacterales	0.738122297381068	0.95308542804746	0.926796761704956	-0.0070696790435606	0.998861148951369	0.999979703879493	0.999936721732877
Isosphaerales	0.546888392039481	0.624248649256256	0.696564084723195	-0.0112886121533096	0.998861148951369	0.999979703879493	0.999936721732877
Jiangellales	0.730604805616522	0.891315622059877	0.994003141621128	-0.00704533165085262	0.998861148951369	0.999979703879493	0.999936721732877
Kineosporiales	0.663411305717859	0.674241798595626	0.823858419872548	-0.00978770274749685	0.998861148951369	0.999979703879493	0.999936721732877
Kiritimatiellales	0.512419259770336	0.518409485200283	0.594128171731304	-0.0128822438229942	0.998861148951369	0.999979703879493	0.999936721732877
Kosmotogales	0.384579496917941	0.963897883715615	0.997929080192006	-0.0120314162492278	0.998861148951369	0.999979703879493	0.999936721732877
Ktedonobacterales	0.993744899479461	0.661040955838851	0.584931349476667	0.000143618545806261	0.998861148951369	0.999979703879493	0.999936721732877
Lactobacillales	0.368154802716227	0.670296360492957	0.828825953437936	0.0185742356328046	0.998861148951369	0.999979703879493	0.999936721732877
Legionellales	0.537493952990548	0.183773716957773	0.194432913040241	0.00749936218336487	0.998861148951369	0.999979703879493	0.999936721732877
Leptospirales	0.998861148951369	0.3340655663656	0.343008617867901	1.75642009583727e-05	0.998861148951369	0.999979703879493	0.999936721732877
Limnochordales	0.603547967993696	0.923885001276237	0.991853136439566	-0.00939273113988272	0.998861148951369	0.999979703879493	0.999936721732877
Magnaporthales	0.415584995094742	0.75468370482081	0.91398337712547	-0.0109203087885715	0.998861148951369	0.999979703879493	0.999936721732877
Magnetococcales	0.725967469344759	0.661905338263624	0.685951770745754	0.00646639033969143	0.998861148951369	0.999979703879493	0.999936721732877
Malasseziales	0.71166415987236	0.280249344709922	0.346069549873161	0.00770674662917312	0.998861148951369	0.999979703879493	0.999936721732877
Marinilabiliales	0.139513312876142	0.459361105313771	0.628266107173966	0.0187044390436409	0.998861148951369	0.999979703879493	0.999936721732877
Mariprofundales	0.901301977259319	0.252186439185831	0.304528002971772	0.00213711460715289	0.998861148951369	0.999979703879493	0.999936721732877
Mesoaciditogales	0.561608767344382	0.432121220036314	0.463392964210547	0.0102126286095627	0.998861148951369	0.999979703879493	0.999936721732877
Methanobacteriales	0.681160473502408	0.313369260312709	0.413542213732718	0.0156245169628535	0.998861148951369	0.999979703879493	0.999936721732877
Methanocellales	0.672532415801706	0.826566550358057	0.876182040372461	0.00794845092375679	0.998861148951369	0.999979703879493	0.999936721732877
Methanococcales	0.897880894022314	0.166552120092824	0.172686436386715	0.00188372159308412	0.998861148951369	0.999979703879493	0.999936721732877
Methanomassiliicoccales	0.851596607876019	0.979220863722993	0.943363022140277	-0.00333983458819366	0.998861148951369	0.999979703879493	0.999936721732877
Methanomicrobiales	0.71160594925002	0.956541562855619	0.952307767856158	-0.00496234158419675	0.998861148951369	0.999979703879493	0.999936721732877
Methanopyrales	0.66088312176137	0.316763682454059	0.444621246075487	0.0100103069293501	0.998861148951369	0.999979703879493	0.999936721732877
Methanosarcinales	0.975330362765545	0.298425181818847	0.293693236303954	-0.000363086210662234	0.998861148951369	0.999979703879493	0.999936721732877
Methylacidiphilales	0.641244648809755	0.472153434779757	0.376532842106727	-0.00818469642729404	0.998861148951369	0.999979703879493	0.999936721732877
Methylococcales	0.769967988618718	0.656066765696083	0.713370171557956	-0.00374617332126612	0.998861148951369	0.999979703879493	0.999936721732877
Micrococcales	0.519401516304539	0.973316697906736	0.902097894088339	-0.0103381995242242	0.998861148951369	0.999979703879493	0.999936721732877
Micromonosporales	0.519890640632973	0.855841352475136	0.972759246876151	-0.0116600206588309	0.998861148951369	0.999979703879493	0.999936721732877
Mycoplasmatales	0.905718579485259	0.34294504251731	0.397499421626498	0.00176423271611031	0.998861148951369	0.999979703879493	0.999936721732877
Mycosphaerellales	0.43637332368023	0.256651344320018	0.282077184168191	-0.0110068978191075	0.998861148951369	0.999979703879493	0.999936721732877
Myxococcales	0.608596428752108	0.896862253902731	0.988291482112131	-0.00910437125596364	0.998861148951369	0.999979703879493	0.999936721732877
Nakamurellales	0.577729250904394	0.451343478060142	0.593095565826381	-0.00946842840314397	0.998861148951369	0.999979703879493	0.999936721732877
Natranaerobiales	0.104288671982219	0.127403882291454	0.182211953018357	0.0259301962447078	0.998861148951369	0.999979703879493	0.999936721732877
Natrialbales	0.765853456783566	0.800650643257013	0.912600893849106	-0.00478040118578265	0.998861148951369	0.999979703879493	0.999936721732877
Nautiliales	0.972710321490816	0.237279043062234	0.269384230113199	0.000534547501281309	0.998861148951369	0.999979703879493	0.999936721732877
Neisseriales	0.688084084861778	0.909327905594784	0.828661086035591	-0.00572590576295523	0.998861148951369	0.999979703879493	0.999936721732877
Nevskiales	0.770216573327287	0.827457513165077	0.779058516547545	-0.00514588019107026	0.998861148951369	0.999979703879493	0.999936721732877
Nitrosomonadales	0.520284226229332	0.542346505920181	0.641308278937385	-0.00821905228121833	0.998861148951369	0.999979703879493	0.999936721732877
Nitrosopumilales	0.656902690651485	0.97538896169086	0.919326126302792	0.00754632973185597	0.998861148951369	0.999979703879493	0.999936721732877
Nitrososphaerales	0.944608933464989	0.857815284268313	0.869167056239128	0.0010622565103715	0.998861148951369	0.999979703879493	0.999936721732877
Nitrospirales	0.729648844475692	0.910291456563934	0.98202054702532	-0.00449268308369318	0.998861148951369	0.999979703879493	0.999936721732877
Nostocales	0.813894230014859	0.205986397375138	0.218261497385757	0.00274977065779578	0.998861148951369	0.999979703879493	0.999936721732877
Oceanospirillales	0.541814731563793	0.891961451788472	0.777623148670875	-0.008157288271867	0.998861148951369	0.999979703879493	0.999936721732877
Opitutales	0.524452635248543	0.65260625881496	0.71832140432952	-0.0112928967749112	0.998861148951369	0.999979703879493	0.999936721732877
Orbales	0.615991786252825	0.0778670054128506	0.0757039232403474	0.00765848300772556	0.998861148951369	0.999979703879493	0.999936721732877
Oscillatoriales	0.331830531285647	0.902725799962381	0.827779767413003	-0.0113505027965969	0.998861148951369	0.999979703879493	0.999936721732877
Parachlamydiales	0.882389903118697	0.857005604266511	0.916885300964419	-0.00191381119599028	0.998861148951369	0.999979703879493	0.999936721732877
Parvularculales	0.628027388987804	0.677334845529663	0.660538095053796	-0.009371495632049	0.998861148951369	0.999979703879493	0.999936721732877
Pasteurellales	0.889204172413592	0.318861031467952	0.32779677104116	0.00217403440588188	0.998861148951369	0.999979703879493	0.999936721732877
Pelagibacterales	0.812855512494578	0.216390943769052	0.245050521382996	-0.00484540024740896	0.998861148951369	0.999979703879493	0.999936721732877
Petrotogales	0.835214222104268	0.34177508168626	0.344921794611016	-0.00342222886133674	0.998861148951369	0.999979703879493	0.999936721732877
Phycisphaerales	0.799765733856671	0.725214347582149	0.718720812979328	-0.00567466127119072	0.998861148951369	0.999979703879493	0.999936721732877
Pirellulales	0.998816695711646	0.837368278359344	0.779876573387716	2.04443282031032e-05	0.998861148951369	0.999979703879493	0.999936721732877
Planctomycetales	0.977895798329601	0.915852444797613	0.967162312345878	0.000409659208945917	0.998861148951369	0.999979703879493	0.999936721732877
Pleurocapsales	0.55452634836174	0.0918924980919788	0.0735396880432301	0.00911451387412633	0.998861148951369	0.999979703879493	0.999936721732877
Propionibacteriales	0.164269409028096	0.217671692897974	0.360375496213105	-0.0242439067895963	0.998861148951369	0.999979703879493	0.999936721732877
Pseudomonadales	0.60946299537187	0.999979703879493	0.867696953276909	-0.00697819820971021	0.998861148951369	0.999979703879493	0.999936721732877
Pseudonocardiales	0.48849866085225	0.861166784892918	0.97997715722292	-0.0123144756969326	0.998861148951369	0.999979703879493	0.999936721732877
Puniceicoccales	0.348532593701588	0.364695120996258	0.342392410390868	0.0183384202754467	0.998861148951369	0.999979703879493	0.999936721732877
Rhizobiales	0.586880098219466	0.774145748581681	0.870164578691785	-0.00819300922498713	0.998861148951369	0.999979703879493	0.999936721732877
Rhodobacterales	0.457184046409208	0.73768482098685	0.86386150106823	-0.0113028597038831	0.998861148951369	0.999979703879493	0.999936721732877
Rhodocyclales	0.683499383439419	0.80701617644647	0.884497121383221	-0.0064388484545812	0.998861148951369	0.999979703879493	0.999936721732877
Rhodospirillales	0.617065259205084	0.921950863301055	0.801062486163673	-0.00752978833843991	0.998861148951369	0.999979703879493	0.999936721732877
Rickettsiales	0.963526314332476	0.220279950073907	0.227422141204608	0.000695072248728865	0.998861148951369	0.999979703879493	0.999936721732877
Rubrobacterales	0.541615063358503	0.93373125087575	0.967135951691168	-0.0115021331186606	0.998861148951369	0.999979703879493	0.999936721732877
Saccharomycetales	0.481354322178493	0.100823436352192	0.0948253303216026	0.0102426469233295	0.998861148951369	0.999979703879493	0.999936721732877
Salinisphaerales	0.785891395574894	0.453860858466728	0.37783449733709	-0.00586214100201572	0.998861148951369	0.999979703879493	0.999936721732877
Saprospirales	0.881241989799494	0.553810346068437	0.516027424759853	0.00247532224545749	0.998861148951369	0.999979703879493	0.999936721732877
Schizosaccharomycetales	0.934255037088402	0.917518935318705	0.935493691028103	-0.00136359518980732	0.998861148951369	0.999979703879493	0.999936721732877
Sedimentisphaerales	0.803439548426766	0.769948218417364	0.858315598990951	-0.00329794044701167	0.998861148951369	0.999979703879493	0.999936721732877
Selenomonadales	0.502888854271225	0.947455684590637	0.993671166661865	0.0111027537913977	0.998861148951369	0.999979703879493	0.999936721732877
Silvanigrellales	0.559784680561957	0.817187326981988	0.886723044219423	-0.00890330308465007	0.998861148951369	0.999979703879493	0.999936721732877
Solirubrobacterales	0.706183502742001	0.610470026641703	0.711809986540036	-0.007940933245557	0.998861148951369	0.999979703879493	0.999936721732877
Sordariales	0.778088395472844	0.829857309522052	0.794106912584235	-0.00369564594172904	0.998861148951369	0.999979703879493	0.999936721732877
Sphaerobacterales	0.735178170708639	0.826841409743485	0.756694050529101	-0.00759241278307913	0.998861148951369	0.999979703879493	0.999936721732877
Sphingobacteriales	0.512128578790661	0.271784475103702	0.310040044505353	0.00679733646796086	0.998861148951369	0.999979703879493	0.999936721732877
Sphingomonadales	0.572996097514131	0.821803853210358	0.922005180268765	-0.00889295943793547	0.998861148951369	0.999979703879493	0.999936721732877
Spirochaetales	0.591952219099968	0.771065129514194	0.810381619534218	-0.00662574455412183	0.998861148951369	0.999979703879493	0.999936721732877
Sporichthyales	0.9969924527027	0.600146103634722	0.556436061753135	-7.46050396027206e-05	0.998861148951369	0.999979703879493	0.999936721732877
Streptomycetales	0.575171976754073	0.851433869377207	0.964925301877075	-0.00982466556669512	0.998861148951369	0.999979703879493	0.999936721732877
Streptosporangiales	0.309630141701675	0.843386962441995	0.991444736530456	-0.0175285969371073	0.998861148951369	0.999979703879493	0.999936721732877
Sulfolobales	0.753116185585836	0.048420699393178	0.0437662605247935	0.00449215312695249	0.998861148951369	0.999979703879493	0.999936721732877
Synechococcales	0.944546988624135	0.975341217227142	0.872838371390851	-0.000906362090732886	0.998861148951369	0.999979703879493	0.999936721732877
Synergistales	0.418223775258259	0.731729059090487	0.722671732307604	-0.0144718238339664	0.998861148951369	0.999979703879493	0.999936721732877
Syntrophobacterales	0.876434349038132	0.547420313299896	0.55518621175849	0.00238436910091806	0.998861148951369	0.999979703879493	0.999936721732877
Tepidiformales	0.558295433712214	0.708624026305619	0.523369423585053	-0.0109654260243463	0.998861148951369	0.999979703879493	0.999936721732877
Thermales	0.961388944909993	0.971511028156975	0.921929150739599	-0.000846588743836757	0.998861148951369	0.999979703879493	0.999936721732877
Thermoanaerobacterales	0.852690907946303	0.741455106029199	0.730639989407567	0.00227793677006478	0.998861148951369	0.999979703879493	0.999936721732877
Thermococcales	0.751758342111858	0.612050463407032	0.657888582034581	-0.00429933245592991	0.998861148951369	0.999979703879493	0.999936721732877
Thermodesulfobacteriales	0.971838403437979	0.597008850818076	0.600147109683627	-0.000485610050362578	0.998861148951369	0.999979703879493	0.999936721732877
Thermomicrobiales	0.541934293658134	0.949226286736912	0.922436973931461	-0.0126693797868815	0.998861148951369	0.999979703879493	0.999936721732877
Thermoplasmatales	0.140452470521413	0.636109695029011	0.784628451148734	-0.0253144244502356	0.998861148951369	0.999979703879493	0.999936721732877
Thermoproteales	0.130890940279317	0.920007943773022	0.995378985294119	-0.0220577294799005	0.998861148951369	0.999979703879493	0.999936721732877
Thermotogales	0.803938024304784	0.865538907045392	0.909049961814539	-0.00312448924364462	0.998861148951369	0.999979703879493	0.999936721732877
Thiotrichales	0.954586964425872	0.370072180253507	0.36582448915429	0.000703436666215736	0.998861148951369	0.999979703879493	0.999936721732877
Tissierellales	0.839345809950004	0.886962722677918	0.910898978091952	-0.00265316005033535	0.998861148951369	0.999979703879493	0.999936721732877
Tremellales	0.60741498428914	0.913394558400791	0.888952633793429	-0.00774867527980081	0.998861148951369	0.999979703879493	0.999936721732877
Unclassified Acidobacteria Phylum	0.861462307346237	0.288393440973074	0.237958422296151	-0.00445157564499695	0.998861148951369	0.999979703879493	0.999936721732877
Unclassified Actinobacteria Class	0.917417249154019	0.751397043234544	0.825319058370548	-0.0017670498910144	0.998861148951369	0.999979703879493	0.999936721732877
Unclassified Actinobacteria Phylum	0.851586301198985	0.995681432520615	0.913620092020699	0.00383916821217895	0.998861148951369	0.999979703879493	0.999936721732877
Unclassified Alphaproteobacteria Class	0.562236268610062	0.798223122523525	0.881639630505724	-0.00979738378619291	0.998861148951369	0.999979703879493	0.999936721732877
Unclassified Armatimonadetes Phylum	0.378665941049128	0.594038727806981	0.68939793436628	-0.0144478837968413	0.998861148951369	0.999979703879493	0.999936721732877
Unclassified Ascomycota Phylum	0.493193481254931	0.0427366103719598	0.0265348951417372	0.0136825873814566	0.998861148951369	0.999979703879493	0.999936721732877
Unclassified Bacilli Class	0.814214610194179	0.836813053588644	0.932912900928343	0.0028969992859134	0.998861148951369	0.999979703879493	0.999936721732877
Unclassified Bacteroidetes Phylum	0.698766241315327	0.339934451261967	0.424481498363863	0.0074623359084921	0.998861148951369	0.999979703879493	0.999936721732877
Unclassified Bacteroidia Class	0.0613438472832303	0.0968947642056214	0.196383449920082	0.0482003403837087	0.998861148951369	0.999979703879493	0.999936721732877
Unclassified Balneolaeota Phylum	0.923463780819773	0.752553636161412	0.792529722123595	0.00170554372741869	0.998861148951369	0.999979703879493	0.999936721732877
Unclassified Betaproteobacteria Class	0.907875689698308	0.800000420482961	0.871544169502015	-0.00176624068773338	0.998861148951369	0.999979703879493	0.999936721732877
Unclassified Blastocatellia Class	0.627319644649196	0.932947693527187	0.823829594940655	0.00938396088454303	0.998861148951369	0.999979703879493	0.999936721732877
Unclassified Candidatus Bipolaricaulota Phylum	0.975361473526565	0.975104039058064	0.97933956047293	-0.000665940176021065	0.998861148951369	0.999979703879493	0.999936721732877
Unclassified Candidatus Cloacimonetes Phylum	0.888139624629568	0.563231012674001	0.596642819627608	-0.00262488215319028	0.998861148951369	0.999979703879493	0.999936721732877
Unclassified Candidatus Gracilibacteria Phylum	0.565840897234891	0.526070491205728	0.563132647773892	-0.0135163732595393	0.998861148951369	0.999979703879493	0.999936721732877
Unclassified Candidatus Saccharibacteria Phylum	0.609308624140087	0.977734139188129	0.971387588981361	0.00870940232194623	0.998861148951369	0.999979703879493	0.999936721732877
Unclassified Clostridia Class	0.954109848540353	0.886262271278682	0.857144150165215	-0.000746740605350195	0.998861148951369	0.999979703879493	0.999936721732877
Unclassified Coriobacteriia Class	0.489220443750128	0.972981309178665	0.949325367772769	-0.0205211846214379	0.998861148951369	0.999979703879493	0.999936721732877
Unclassified Cyanobacteria Phylum	0.912374181503529	0.9405692954399	0.965604334424101	-0.00152758650732802	0.998861148951369	0.999979703879493	0.999936721732877
Unclassified Dehalococcoidia Class	0.625690901292207	0.951204182640039	0.850742960364996	-0.00921401187115108	0.998861148951369	0.999979703879493	0.999936721732877
Unclassified Deinococci Class	0.879635057663312	0.969112722662514	0.96280744606304	-0.00346640061396197	0.998861148951369	0.999979703879493	0.999936721732877
Unclassified Deltaproteobacteria Class	0.854073902833449	0.799083148532003	0.826237035896986	0.00361285320641913	0.998861148951369	0.999979703879493	0.999936721732877
Unclassified Elusimicrobia Phylum	0.428105774030106	0.41025007831399	0.373085578384734	0.012410308420801	0.998861148951369	0.999979703879493	0.999936721732877
Unclassified Epsilonproteobacteria Class	0.816057674418031	0.3435326542934	0.364250425672354	0.00354114141920827	0.998861148951369	0.999979703879493	0.999936721732877
Unclassified Euryarchaeota Phylum	0.886639637508053	0.84117200392435	0.859139861804407	0.00251822832463987	0.998861148951369	0.999979703879493	0.999936721732877
Unclassified Firmicutes Phylum	0.79729977341845	0.955558186542619	0.999936721732877	-0.00266555844989948	0.998861148951369	0.999979703879493	0.999936721732877
Unclassified Gammaproteobacteria Class	0.489065661596198	0.786417911585018	0.727878025938868	-0.00811002258672933	0.998861148951369	0.999979703879493	0.999936721732877
Unclassified Halobacteria Class	0.565543292595336	0.838440021750007	0.919976178079959	-0.0108411820215901	0.998861148951369	0.999979703879493	0.999936721732877
Unclassified Kiritimatiellaeota Phylum	0.492347364003716	0.978277457912814	0.832829240625513	-0.010876369902805	0.998861148951369	0.999979703879493	0.999936721732877
Unclassified Microsporidia Phylum	0.394284442219715	0.663310065313976	0.863524706177785	-0.0148008724332282	0.998861148951369	0.999979703879493	0.999936721732877
Unclassified Mollicutes Class	0.847612249495444	0.780502271992146	0.856313751669589	0.00394911244404006	0.998861148951369	0.999979703879493	0.999936721732877
Unclassified Negativicutes Class	0.553206809107867	0.944562341808946	0.931566642848639	0.00901845657226999	0.998861148951369	0.999979703879493	0.999936721732877
Unclassified Phycisphaerae Class	0.92646517837807	0.760199898871272	0.900798004236325	0.00170750880973163	0.998861148951369	0.999979703879493	0.999936721732877
Unclassified Planctomycetes Phylum	0.817874973454826	0.953500129697161	0.885363410270264	-0.00324528560919776	0.998861148951369	0.999979703879493	0.999936721732877
Unclassified Planctomycetia Class	0.68894055294931	0.987973879566124	0.966186709965071	0.00898899136175729	0.998861148951369	0.999979703879493	0.999936721732877
Unclassified Proteobacteria Phylum	0.604080116011952	0.874641659846132	0.93768726084781	-0.00764567629536524	0.998861148951369	0.999979703879493	0.999936721732877
Unclassified Sordariomycetes Class	0.45926060587245	0.162490577449614	0.243750451515942	0.020972971076325	0.998861148951369	0.999979703879493	0.999936721732877
Unclassified Tenericutes Phylum	0.889284732994787	0.807101097170749	0.958439784517137	0.00235711062987778	0.998861148951369	0.999979703879493	0.999936721732877
Unclassified Thaumarchaeota Phylum	0.526273128838062	0.672952840123645	0.698844918384627	-0.0104288444158127	0.998861148951369	0.999979703879493	0.999936721732877
Unclassified Thermoplasmata Class	0.420276995307532	0.398579030204231	0.308033470204583	0.015807904351203	0.998861148951369	0.999979703879493	0.999936721732877
Unclassified Tissierellia Class	0.971317448410617	0.422432194110222	0.559334402464539	0.0005868696588006	0.998861148951369	0.999979703879493	0.999936721732877
Unclassified Verrucomicrobia Phylum	0.485682130364011	0.817928392574847	0.828838283461556	-0.0121500596972212	0.998861148951369	0.999979703879493	0.999936721732877
Unclassified Vicinamibacteria Class	0.493543974912729	0.976480636371671	0.831445685941712	-0.0126481390231665	0.998861148951369	0.999979703879493	0.999936721732877
Unclassified candidate division Zixibacteria Phylum	0.985812743891944	0.681482894171481	0.73300783278682	0.000337959680910305	0.998861148951369	0.999979703879493	0.999936721732877
Ustilaginales	0.501245619910284	0.951274886704415	0.937087153075517	0.0104142012649115	0.998861148951369	0.999979703879493	0.999936721732877
Veillonellales	0.252086343936405	0.0982946114723584	0.0998964762176147	0.0261990187411765	0.998861148951369	0.999979703879493	0.999936721732877
Verrucomicrobiales	0.971161386350019	0.0506784148363545	0.0684584633370102	-0.00156855023265536	0.998861148951369	0.999979703879493	0.999936721732877
Vibrionales	0.80579493906926	0.842910097720529	0.796576305208301	-0.00269321655374339	0.998861148951369	0.999979703879493	0.999936721732877
Victivallales	0.563423388957467	0.391544571845869	0.293741590598372	-0.0147138375550405	0.998861148951369	0.999979703879493	0.999936721732877
Xanthomonadales	0.661388718406755	0.80148811702397	0.899821999974663	-0.00709217568197271	0.998861148951369	0.999979703879493	0.999936721732877
